62
0 0.0  0.435094  0.155958  0.348669  0.500073  0.446851  0.486836  0.436438  0.291867  0.334545  0.853841  0.799496  0.237331  0.452175  0.130712  0.394926  0.090627  0.098372  0.108344  0.111141  0.483392  0.448282  0.515000  0.405595  0.452686  0.454925  0.215384  0.742133  0.191214  0.412516  0.416763  0.456058  0.384421  0.413716  0.417037  0.438320  0.456807  0.366899  0.501095  0.451552  0.451211  0.456325  0.449647  0.466771  0.176726  0.210863  0.542639  0.537344  0.462965  0.211103  0.535884  0.116176  0.145008  0.220238  0.448390  0.413843  0.258878  0.237470  0.777418  0.425001  0.110525  0.098723 
1  0.435094 0.0  0.402466  0.253328  0.550502  0.338362  0.303519  0.243848  0.273904  0.419453  0.534214  0.470840  0.526235  0.455193  0.418531  0.152336  0.395704  0.387671  0.369484  0.400015  0.513415  0.385537  0.496377  0.427198  0.141377  0.450099  0.611661  0.409306  0.302682  0.514021  0.469385  0.433834  0.456010  0.451408  0.407380  0.387881  0.510966  0.455046  0.492116  0.413244  0.466775  0.531726  0.131610  0.511320  0.430617  0.650173  0.509412  0.504425  0.461759  0.363827  0.516566  0.450634  0.433096  0.542466  0.514157  0.504618  0.287820  0.316025  0.537750  0.428621  0.448143  0.450956 
2  0.155958  0.402466 0.0  0.293597  0.551189  0.351345  0.383666  0.484779  0.217758  0.354873  0.799011  0.813891  0.343228  0.349720  0.102126  0.310690  0.175377  0.151337  0.136496  0.143500  0.533982  0.381667  0.513664  0.496012  0.378023  0.523824  0.309536  0.708742  0.117731  0.410779  0.437642  0.437052  0.339320  0.462537  0.367067  0.449067  0.434956  0.407316  0.402965  0.433234  0.464168  0.605806  0.422539  0.377189  0.142414  0.294657  0.508917  0.480285  0.415227  0.141925  0.493788  0.123531  0.103718  0.239616  0.422455  0.530339  0.193186  0.147582  0.675763  0.478214  0.126755  0.142193 
3  0.348669  0.253328  0.293597 0.0  0.650235  0.180969  0.180775  0.211082  0.221674  0.360607  0.640226  0.702493  0.586299  0.479812  0.324189  0.222321  0.445354  0.393816  0.373709  0.359746  0.619249  0.558103  0.604032  0.430357  0.229987  0.496526  0.573181  0.594190  0.294968  0.514272  0.578149  0.544019  0.549720  0.558759  0.510416  0.546428  0.485383  0.548365  0.572128  0.447795  0.540474  0.595646  0.217104  0.622198  0.350193  0.518718  0.526210  0.567386  0.514944  0.278217  0.614595  0.356069  0.272836  0.445690  0.586311  0.527090  0.210576  0.231069  0.638231  0.579188  0.361786  0.299510 
4  0.500073  0.550502  0.551189  0.650235 0.0  0.620716  0.548378  0.584668  0.522504  0.231050  0.465724  0.452950  0.581545  0.172826  0.415867  0.505865  0.486449  0.446406  0.497462  0.491725  0.095914  0.153923  0.127591  0.153509  0.573308  0.148083  0.469181  0.470604  0.458530  0.155915  0.121753  0.166084  0.173293  0.146558  0.190040  0.188454  0.159628  0.171243  0.156105  0.134209  0.137240  0.089005  0.579080  0.123681  0.589413  0.607968  0.106390  0.103330  0.156494  0.595552  0.092344  0.585930  0.581285  0.527838  0.108924  0.125560  0.565109  0.500808  0.282706  0.160288  0.447805  0.510528 
5  0.446851  0.338362  0.351345  0.180969  0.620716 0.0  0.144497  0.189254  0.261472  0.420486  0.767561  0.791890  0.625619  0.576279  0.380832  0.262960  0.465166  0.398912  0.414321  0.396985  0.662066  0.663024  0.634773  0.660144  0.245238  0.713559  0.446762  0.711243  0.383234  0.596666  0.684715  0.511516  0.485886  0.596182  0.673053  0.586997  0.621601  0.558864  0.475139  0.587797  0.624891  0.734681  0.256746  0.663425  0.340155  0.502967  0.543048  0.768153  0.627610  0.315861  0.765985  0.408802  0.402762  0.486905  0.755994  0.648877  0.305764  0.297310  0.815458  0.547222  0.377853  0.444403 
6  0.486836  0.303519  0.383666  0.180775  0.548378  0.144497 0.0  0.152033  0.303277  0.470864  0.769560  0.777198  0.673400  0.540298  0.426542  0.269582  0.457098  0.376753  0.496354  0.450355  0.623781  0.622029  0.781342  0.560073  0.268518  0.675153  0.561985  0.640661  0.380592  0.707294  0.754687  0.616264  0.630373  0.513173  0.616968  0.582144  0.788203  0.618650  0.582934  0.615703  0.648639  0.713117  0.207146  0.726317  0.394541  0.446183  0.654746  0.660468  0.586266  0.330576  0.641400  0.432487  0.426445  0.464465  0.564369  0.699739  0.348613  0.377705  0.648174  0.684119  0.494254  0.459662 
7  0.436438  0.243848  0.484779  0.211082  0.584668  0.189254  0.152033 0.0  0.302666  0.553604  0.651163  0.627563  0.741571  0.555316  0.454588  0.216498  0.500842  0.461164  0.482064  0.548466  0.620092  0.685089  0.666169  0.600962  0.196713  0.759781  0.696801  0.578700  0.383620  0.569196  0.654762  0.517718  0.639781  0.660410  0.632353  0.492241  0.628485  0.647175  0.672691  0.627265  0.723737  0.774644  0.182179  0.662222  0.474384  0.570591  0.660752  0.610051  0.611582  0.415845  0.561740  0.393613  0.439644  0.528701  0.657834  0.654426  0.306699  0.288218  0.636002  0.642752  0.483021  0.500955 
8  0.291867  0.273904  0.217758  0.221674  0.522504  0.261472  0.303277  0.302666 0.0  0.355766  0.588560  0.613685  0.469428  0.439180  0.237548  0.205838  0.305946  0.238954  0.236032  0.266752  0.516488  0.361446  0.533699  0.436832  0.288259  0.375147  0.426003  0.577306  0.171207  0.389455  0.536790  0.404196  0.392369  0.412864  0.452604  0.410341  0.349118  0.409634  0.413300  0.341915  0.387494  0.437761  0.299386  0.438234  0.243068  0.370683  0.497615  0.421898  0.429587  0.200374  0.516537  0.241156  0.229223  0.402351  0.521900  0.443104  0.123556  0.152004  0.620749  0.437312  0.264616  0.241608 
9  0.334545  0.419453  0.354873  0.360607  0.231050  0.420486  0.470864  0.553604  0.355766 0.0  0.583155  0.507508  0.452762  0.145883  0.348278  0.337675  0.393016  0.294351  0.395702  0.346958  0.243233  0.157311  0.230633  0.159209  0.474100  0.175093  0.456332  0.445335  0.317575  0.143024  0.197324  0.132971  0.150466  0.151858  0.127938  0.130837  0.141846  0.122345  0.169248  0.153978  0.158060  0.226228  0.453162  0.178075  0.426874  0.477566  0.225619  0.197166  0.151177  0.409512  0.250519  0.375249  0.407165  0.490122  0.216987  0.173528  0.347759  0.383196  0.459186  0.145843  0.335525  0.409714 
10  0.853841  0.534214  0.799011  0.640226  0.465724  0.767561  0.769560  0.651163  0.588560  0.583155 0.0  0.105823  1.000000  0.456362  0.687266  0.517554  0.912295  0.716184  0.765741  0.722739  0.559976  0.513319  0.395105  0.465322  0.640656  0.576669  0.938484  0.218019  0.823239  0.575237  0.516009  0.466268  0.539688  0.434632  0.550163  0.519319  0.599371  0.561943  0.487751  0.563970  0.534319  0.528425  0.625857  0.413910  0.840140  0.947806  0.419570  0.429859  0.562411  0.922366  0.479245  0.872275  0.816342  0.894618  0.597070  0.459528  0.651403  0.777875  0.275759  0.514018  0.960663  0.637112 
11  0.799496  0.470840  0.813891  0.702493  0.452950  0.791890  0.777198  0.627563  0.613685  0.507508  0.105823 0.0  0.943967  0.503303  0.758474  0.588763  0.813432  0.830611  0.813031  0.823346  0.512916  0.502534  0.467843  0.493981  0.626381  0.492694  0.750941  0.197607  0.719658  0.454732  0.511575  0.471241  0.536872  0.506818  0.474329  0.532662  0.516347  0.520890  0.392422  0.478366  0.478712  0.410874  0.503858  0.487489  0.807741  0.944747  0.415747  0.556461  0.535386  0.810647  0.524709  0.846023  0.822274  0.809213  0.497038  0.447120  0.725377  0.812225  0.287245  0.470987  0.681981  0.729474 
12  0.237331  0.526235  0.343228  0.586299  0.581545  0.625619  0.673400  0.741571  0.469428  0.452762  1.000000  0.943967 0.0  0.532841  0.289485  0.504298  0.221801  0.274770  0.246908  0.255525  0.549455  0.552191  0.573400  0.473610  0.612668  0.421877  0.100843  0.842972  0.385182  0.420490  0.472267  0.445134  0.439792  0.484010  0.487754  0.411611  0.494709  0.445892  0.464031  0.438857  0.447662  0.566969  0.633766  0.498375  0.320461  0.139770  0.516023  0.557632  0.487747  0.329496  0.584186  0.230490  0.288093  0.255352  0.546862  0.596258  0.437621  0.369053  0.773416  0.496998  0.301956  0.243501 
13  0.452175  0.455193  0.349720  0.479812  0.172826  0.576279  0.540298  0.555316  0.439180  0.145883  0.456362  0.503303  0.532841 0.0  0.454041  0.404820  0.391508  0.424230  0.442264  0.385145  0.174643  0.133277  0.186591  0.109650  0.489001  0.136641  0.440043  0.441585  0.392116  0.128243  0.147623  0.112231  0.150891  0.113653  0.120254  0.123693  0.121176  0.125051  0.108766  0.131559  0.113858  0.178201  0.397105  0.134568  0.435183  0.609273  0.187936  0.147913  0.122493  0.485445  0.195231  0.411958  0.448430  0.528731  0.152141  0.150522  0.448372  0.384346  0.323490  0.118983  0.419075  0.399776 
14  0.130712  0.418531  0.102126  0.324189  0.415867  0.380832  0.426542  0.454588  0.237548  0.348278  0.687266  0.758474  0.289485  0.454041 0.0  0.369131  0.138648  0.125213  0.107220  0.124261  0.491988  0.422770  0.531806  0.466728  0.469071  0.453252  0.226802  0.767349  0.149749  0.368163  0.549083  0.408199  0.373064  0.451714  0.448099  0.435928  0.402444  0.409671  0.473123  0.506111  0.463966  0.591325  0.411580  0.516971  0.152180  0.257584  0.504061  0.490751  0.422084  0.168360  0.453539  0.106566  0.091079  0.224238  0.494458  0.530061  0.216421  0.190828  0.767439  0.409559  0.099645  0.112281 
15  0.394926  0.152336  0.310690  0.222321  0.505865  0.262960  0.269582  0.216498  0.205838  0.337675  0.517554  0.588763  0.504298  0.404820  0.369131 0.0  0.449730  0.375641  0.424024  0.364867  0.485456  0.484023  0.498884  0.413054  0.177122  0.439882  0.468149  0.479299  0.293249  0.422222  0.469331  0.363270  0.467050  0.408898  0.395046  0.362294  0.394975  0.426716  0.400142  0.334015  0.446012  0.487662  0.176457  0.417940  0.341769  0.434021  0.493231  0.416646  0.453371  0.318328  0.532379  0.380622  0.361397  0.439665  0.394387  0.443303  0.254898  0.277968  0.634352  0.453735  0.379137  0.424899 
16  0.090627  0.395704  0.175377  0.445354  0.486449  0.465166  0.457098  0.500842  0.305946  0.393016  0.912295  0.813432  0.221801  0.391508  0.138648  0.449730 0.0  0.103808  0.113687  0.114566  0.495047  0.445815  0.446084  0.412951  0.459674  0.432824  0.217317  0.690294  0.218281  0.421763  0.451526  0.438528  0.352003  0.433753  0.397705  0.421006  0.443873  0.411341  0.474983  0.410588  0.421491  0.510606  0.408016  0.467411  0.193206  0.208577  0.537434  0.495277  0.437498  0.234426  0.441499  0.125720  0.143194  0.233997  0.431262  0.464503  0.267956  0.237061  0.656307  0.349081  0.122354  0.109749 
17  0.098372  0.387671  0.151337  0.393816  0.446406  0.398912  0.376753  0.461164  0.238954  0.294351  0.716184  0.830611  0.274770  0.424230  0.125213  0.375641  0.103808 0.0  0.098602  0.096936  0.461770  0.409608  0.522594  0.428347  0.477794  0.484888  0.220158  0.624853  0.173708  0.390595  0.424635  0.455275  0.431026  0.400060  0.368534  0.435473  0.449172  0.379719  0.423315  0.397275  0.386706  0.515778  0.439368  0.475446  0.160732  0.238470  0.431163  0.468955  0.472120  0.229271  0.420021  0.111580  0.137074  0.216643  0.432485  0.446151  0.249589  0.202851  0.674915  0.382103  0.106667  0.095206 
18  0.108344  0.369484  0.136496  0.373709  0.497462  0.414321  0.496354  0.482064  0.236032  0.395702  0.765741  0.813031  0.246908  0.442264  0.107220  0.424024  0.113687  0.098602 0.0  0.102528  0.533830  0.456116  0.514928  0.487244  0.541869  0.410669  0.243987  0.793958  0.158689  0.383357  0.477332  0.460816  0.415204  0.395915  0.437625  0.372142  0.395698  0.433564  0.420827  0.434861  0.429542  0.480735  0.463409  0.493428  0.164059  0.245852  0.495448  0.463105  0.453725  0.180442  0.490995  0.101026  0.120921  0.205594  0.519208  0.462959  0.223143  0.203191  0.617310  0.409267  0.088763  0.093688 
19  0.111141  0.400015  0.143500  0.359746  0.491725  0.396985  0.450355  0.548466  0.266752  0.346958  0.722739  0.823346  0.255525  0.385145  0.124261  0.364867  0.114566  0.096936  0.102528 0.0  0.535910  0.415371  0.572752  0.429616  0.455881  0.370375  0.223648  0.606377  0.171275  0.408051  0.371822  0.399751  0.387803  0.381544  0.391462  0.430169  0.410652  0.370154  0.388310  0.413596  0.422576  0.467229  0.430920  0.363787  0.186482  0.247228  0.512356  0.460107  0.421760  0.209985  0.448237  0.122517  0.132694  0.249710  0.468728  0.428063  0.230850  0.191465  0.548938  0.403248  0.115130  0.109241 
20  0.483392  0.513415  0.533982  0.619249  0.095914  0.662066  0.623781  0.620092  0.516488  0.243233  0.559976  0.512916  0.549455  0.174643  0.491988  0.485456  0.495047  0.461770  0.533830  0.535910 0.0  0.139156  0.137071  0.163470  0.518435  0.152991  0.506788  0.441174  0.502862  0.163804  0.122549  0.165913  0.171080  0.146650  0.165830  0.177626  0.154654  0.163344  0.161363  0.144099  0.139921  0.100962  0.560615  0.132531  0.595919  0.583842  0.119335  0.102961  0.162992  0.594113  0.097316  0.524022  0.475281  0.556781  0.109085  0.134563  0.521764  0.465452  0.336971  0.164714  0.582768  0.483050 
21  0.448282  0.385537  0.381667  0.558103  0.153923  0.663024  0.622029  0.685089  0.361446  0.157311  0.513319  0.502534  0.552191  0.133277  0.422770  0.484023  0.445815  0.409608  0.456116  0.415371  0.139156 0.0  0.185231  0.102445  0.453240  0.087714  0.524152  0.444631  0.451232  0.106598  0.102713  0.112760  0.120417  0.094601  0.113186  0.107668  0.093649  0.106252  0.094609  0.088741  0.091581  0.154138  0.504763  0.120814  0.485499  0.622775  0.150392  0.124369  0.093830  0.521424  0.148701  0.464666  0.490417  0.514423  0.110146  0.107163  0.455137  0.471991  0.326096  0.093218  0.440412  0.462223 
22  0.515000  0.496377  0.513664  0.604032  0.127591  0.634773  0.781342  0.666169  0.533699  0.230633  0.395105  0.467843  0.573400  0.186591  0.531806  0.498884  0.446084  0.522594  0.514928  0.572752  0.137071  0.185231 0.0  0.171008  0.489518  0.198970  0.551214  0.445585  0.565274  0.181067  0.154060  0.211220  0.210815  0.173011  0.197389  0.210240  0.175453  0.197643  0.205090  0.215718  0.175855  0.121207  0.532968  0.146150  0.524387  0.577945  0.119615  0.151717  0.198573  0.657776  0.122100  0.579384  0.538700  0.693371  0.165260  0.143578  0.577126  0.501127  0.236147  0.189256  0.459169  0.546280 
23  0.405595  0.427198  0.496012  0.430357  0.153509  0.660144  0.560073  0.600962  0.436832  0.159209  0.465322  0.493981  0.473610  0.109650  0.466728  0.413054  0.412951  0.428347  0.487244  0.429616  0.163470  0.102445  0.171008 0.0  0.451676  0.100998  0.498722  0.494528  0.412368  0.122789  0.118058  0.097448  0.123148  0.091546  0.115205  0.108330  0.096555  0.104580  0.086510  0.101767  0.099717  0.175149  0.441277  0.122978  0.490109  0.480287  0.146724  0.139980  0.096654  0.532454  0.169965  0.498398  0.398402  0.614125  0.131618  0.109329  0.437896  0.384232  0.384482  0.099078  0.479430  0.436131 
24  0.452686  0.141377  0.378023  0.229987  0.573308  0.245238  0.268518  0.196713  0.288259  0.474100  0.640656  0.626381  0.612668  0.489001  0.469071  0.177122  0.459674  0.477794  0.541869  0.455881  0.518435  0.453240  0.489518  0.451676 0.0  0.528995  0.593553  0.351284  0.345946  0.483172  0.533162  0.530171  0.632307  0.471315  0.560840  0.452018  0.482646  0.475252  0.417519  0.540938  0.540596  0.584413  0.085961  0.496097  0.402055  0.570145  0.605708  0.520045  0.529459  0.424246  0.663667  0.474749  0.392997  0.556137  0.497864  0.554269  0.285601  0.357069  0.573105  0.451969  0.432665  0.473886 
25  0.454925  0.450099  0.523824  0.496526  0.148083  0.713559  0.675153  0.759781  0.375147  0.175093  0.576669  0.492694  0.421877  0.136641  0.453252  0.439882  0.432824  0.484888  0.410669  0.370375  0.152991  0.087714  0.198970  0.100998  0.528995 0.0  0.503360  0.419157  0.397361  0.101842  0.112811  0.104327  0.111387  0.094289  0.107629  0.105130  0.090946  0.100530  0.097105  0.084950  0.099789  0.143964  0.467733  0.136168  0.555772  0.471397  0.161334  0.133869  0.092713  0.476774  0.144452  0.455729  0.478730  0.523288  0.120646  0.120736  0.465235  0.443643  0.373809  0.092173  0.483215  0.454950 
26  0.215384  0.611661  0.309536  0.573181  0.469181  0.446762  0.561985  0.696801  0.426003  0.456332  0.938484  0.750941  0.100843  0.440043  0.226802  0.468149  0.217317  0.220158  0.243987  0.223648  0.506788  0.524152  0.551214  0.498722  0.593553  0.503360 0.0  0.750917  0.329806  0.448960  0.483228  0.510905  0.436562  0.483050  0.444778  0.440973  0.421988  0.511809  0.479771  0.463677  0.502214  0.528402  0.654440  0.584474  0.285134  0.144010  0.540268  0.564224  0.445078  0.354419  0.461456  0.244890  0.264184  0.233036  0.473646  0.486972  0.400146  0.336966  0.663467  0.490070  0.232261  0.241949 
27  0.742133  0.409306  0.708742  0.594190  0.470604  0.711243  0.640661  0.578700  0.577306  0.445335  0.218019  0.197607  0.842972  0.441585  0.767349  0.479299  0.690294  0.624853  0.793958  0.606377  0.441174  0.444631  0.445585  0.494528  0.351284  0.419157  0.750917 0.0  0.596206  0.468910  0.536079  0.534341  0.504949  0.501553  0.508339  0.432827  0.485389  0.486872  0.498006  0.473189  0.418603  0.459899  0.373595  0.420942  0.712008  0.820903  0.426450  0.448365  0.454968  0.773038  0.549595  0.827005  0.768680  0.841300  0.489664  0.502506  0.684442  0.590482  0.384336  0.444696  0.637706  0.871887 
28  0.191214  0.302682  0.117731  0.294968  0.458530  0.383234  0.380592  0.383620  0.171207  0.317575  0.823239  0.719658  0.385182  0.392116  0.149749  0.293249  0.218281  0.173708  0.158689  0.171275  0.502862  0.451232  0.565274  0.412368  0.345946  0.397361  0.329806  0.596206 0.0  0.435057  0.375644  0.420466  0.473965  0.368583  0.376070  0.423904  0.462373  0.395910  0.461043  0.401512  0.406146  0.471386  0.393472  0.463368  0.170178  0.320896  0.565517  0.484409  0.433057  0.156810  0.437580  0.195323  0.153390  0.271662  0.552236  0.521977  0.131399  0.113507  0.565935  0.377824  0.163761  0.174730 
29  0.412516  0.514021  0.410779  0.514272  0.155915  0.596666  0.707294  0.569196  0.389455  0.143024  0.575237  0.454732  0.420490  0.128243  0.368163  0.422222  0.421763  0.390595  0.383357  0.408051  0.163804  0.106598  0.181067  0.122789  0.483172  0.101842  0.448960  0.468910  0.435057 0.0  0.125994  0.105109  0.093749  0.110880  0.092643  0.101000  0.101732  0.097148  0.111910  0.101530  0.123282  0.173689  0.561215  0.146121  0.434167  0.541625  0.176413  0.150751  0.104462  0.542325  0.186294  0.442167  0.435693  0.564296  0.133238  0.126047  0.470447  0.444939  0.361203  0.104654  0.417039  0.396669 
30  0.416763  0.469385  0.437642  0.578149  0.121753  0.684715  0.754687  0.654762  0.536790  0.197324  0.516009  0.511575  0.472267  0.147623  0.549083  0.469331  0.451526  0.424635  0.477332  0.371822  0.122549  0.102713  0.154060  0.118058  0.533162  0.112811  0.483228  0.536079  0.375644  0.125994 0.0  0.135851  0.144071  0.107827  0.129951  0.136016  0.112164  0.127676  0.113841  0.116387  0.107130  0.127250  0.468447  0.120764  0.541356  0.524885  0.121185  0.094500  0.118431  0.550263  0.130642  0.517343  0.462866  0.667450  0.092972  0.095787  0.482906  0.428081  0.325016  0.115690  0.456618  0.516082 
31  0.456058  0.433834  0.437052  0.544019  0.166084  0.511516  0.616264  0.517718  0.404196  0.132971  0.466268  0.471241  0.445134  0.112231  0.408199  0.363270  0.438528  0.455275  0.460816  0.399751  0.165913  0.112760  0.211220  0.097448  0.530171  0.104327  0.510905  0.534341  0.420466  0.105109  0.135851 0.0  0.119222  0.102791  0.102033  0.093018  0.096528  0.091014  0.094787  0.100031  0.111724  0.175705  0.467076  0.143085  0.533983  0.605997  0.167260  0.152789  0.094604  0.525268  0.178187  0.438384  0.440256  0.530965  0.140125  0.124365  0.450599  0.494972  0.345585  0.093082  0.411477  0.456070 
32  0.384421  0.456010  0.339320  0.549720  0.173293  0.485886  0.630373  0.639781  0.392369  0.150466  0.539688  0.536872  0.439792  0.150891  0.373064  0.467050  0.352003  0.431026  0.415204  0.387803  0.171080  0.120417  0.210815  0.123148  0.632307  0.111387  0.436562  0.504949  0.473965  0.093749  0.144071  0.119222 0.0  0.120941  0.104061  0.110170  0.120103  0.114414  0.126450  0.109687  0.129986  0.185481  0.481968  0.174230  0.519200  0.448618  0.164974  0.142639  0.119636  0.505729  0.182369  0.419338  0.368525  0.565781  0.144889  0.143671  0.440239  0.420104  0.398392  0.117835  0.405297  0.409808 
33  0.413716  0.451408  0.462537  0.558759  0.146558  0.596182  0.513173  0.660410  0.412864  0.151858  0.434632  0.506818  0.484010  0.113653  0.451714  0.408898  0.433753  0.400060  0.395915  0.381544  0.146650  0.094601  0.173011  0.091546  0.471315  0.094289  0.483050  0.501553  0.368583  0.110880  0.107827  0.102791  0.120941 0.0  0.112736  0.102325  0.091768  0.100167  0.085526  0.095065  0.091219  0.151673  0.544789  0.124411  0.507656  0.558337  0.154830  0.128917  0.089799  0.504384  0.151625  0.449621  0.519492  0.534734  0.126342  0.104531  0.421660  0.460702  0.329656  0.091301  0.398539  0.457750 
34  0.417037  0.407380  0.367067  0.510416  0.190040  0.673053  0.616968  0.632353  0.452604  0.127938  0.550163  0.474329  0.487754  0.120254  0.448099  0.395046  0.397705  0.368534  0.437625  0.391462  0.165830  0.113186  0.197389  0.115205  0.560840  0.107629  0.444778  0.508339  0.376070  0.092643  0.129951  0.102033  0.104061  0.112736 0.0  0.088382  0.101576  0.091888  0.116565  0.099699  0.119117  0.188726  0.508497  0.150138  0.506165  0.427183  0.160544  0.152701  0.105476  0.513833  0.184840  0.443342  0.385309  0.534309  0.143424  0.135391  0.473327  0.430600  0.336694  0.104173  0.428849  0.376678 
35  0.438320  0.387881  0.449067  0.546428  0.188454  0.586997  0.582144  0.492241  0.410341  0.130837  0.519319  0.532662  0.411611  0.123693  0.435928  0.362294  0.421006  0.435473  0.372142  0.430169  0.177626  0.107668  0.210240  0.108330  0.452018  0.105130  0.440973  0.432827  0.423904  0.101000  0.136016  0.093018  0.110170  0.102325  0.088382 0.0  0.100917  0.090896  0.106274  0.102049  0.116013  0.175556  0.482228  0.149838  0.462093  0.480759  0.181737  0.151832  0.099277  0.519404  0.176442  0.425689  0.433112  0.492679  0.147471  0.131464  0.454984  0.401873  0.381344  0.102918  0.399648  0.466629 
36  0.456807  0.510966  0.434956  0.485383  0.159628  0.621601  0.788203  0.628485  0.349118  0.141846  0.599371  0.516347  0.494709  0.121176  0.402444  0.394975  0.443873  0.449172  0.395698  0.410652  0.154654  0.093649  0.175453  0.096555  0.482646  0.090946  0.421988  0.485389  0.462373  0.101732  0.112164  0.096528  0.120103  0.091768  0.101576  0.100917 0.0  0.091884  0.093917  0.086755  0.098331  0.161532  0.489530  0.133814  0.490578  0.462714  0.145558  0.134786  0.083767  0.486329  0.166405  0.371612  0.403036  0.558985  0.124115  0.119377  0.470896  0.429418  0.361329  0.082769  0.430853  0.497369 
37  0.366899  0.455046  0.407316  0.548365  0.171243  0.558864  0.618650  0.647175  0.409634  0.122345  0.561943  0.520890  0.445892  0.125051  0.409671  0.426716  0.411341  0.379719  0.433564  0.370154  0.163344  0.106252  0.197643  0.104580  0.475252  0.100530  0.511809  0.486872  0.395910  0.097148  0.127676  0.091014  0.114414  0.100167  0.091888  0.090896  0.091884 0.0  0.102799  0.094973  0.109150  0.179591  0.524679  0.142517  0.502944  0.543778  0.167660  0.145461  0.093854  0.500335  0.187493  0.457405  0.433281  0.651036  0.143326  0.131526  0.441537  0.462946  0.347983  0.091241  0.415219  0.443437 
38  0.501095  0.492116  0.402965  0.572128  0.156105  0.475139  0.582934  0.672691  0.413300  0.169248  0.487751  0.392422  0.464031  0.108766  0.473123  0.400142  0.474983  0.423315  0.420827  0.388310  0.161363  0.094609  0.205090  0.086510  0.417519  0.097105  0.479771  0.498006  0.461043  0.111910  0.113841  0.094787  0.126450  0.085526  0.116565  0.106274  0.093917  0.102799 0.0  0.096313  0.093798  0.154192  0.545962  0.126157  0.478487  0.597088  0.147486  0.131536  0.090706  0.480720  0.158275  0.468555  0.438032  0.531607  0.115469  0.112505  0.445203  0.419806  0.356766  0.090909  0.430473  0.414226 
39  0.451552  0.413244  0.433234  0.447795  0.134209  0.587797  0.615703  0.627265  0.341915  0.153978  0.563970  0.478366  0.438857  0.131559  0.506111  0.334015  0.410588  0.397275  0.434861  0.413596  0.144099  0.088741  0.215718  0.101767  0.540938  0.084950  0.463677  0.473189  0.401512  0.101530  0.116387  0.100031  0.109687  0.095065  0.099699  0.102049  0.086755  0.094973  0.096313 0.0  0.097096  0.162218  0.530302  0.138579  0.478496  0.491118  0.151209  0.124448  0.088748  0.448676  0.153450  0.368702  0.444085  0.510819  0.118097  0.110893  0.516039  0.401215  0.416456  0.088148  0.458856  0.453666 
40  0.451211  0.466775  0.464168  0.540474  0.137240  0.624891  0.648639  0.723737  0.387494  0.158060  0.534319  0.478712  0.447662  0.113858  0.463966  0.446012  0.421491  0.386706  0.429542  0.422576  0.139921  0.091581  0.175855  0.099717  0.540596  0.099789  0.502214  0.418603  0.406146  0.123282  0.107130  0.111724  0.129986  0.091219  0.119117  0.116013  0.098331  0.109150  0.093798  0.097096 0.0  0.145961  0.539278  0.120145  0.540414  0.590365  0.141731  0.119032  0.095561  0.554359  0.145494  0.497000  0.433883  0.652414  0.110123  0.097774  0.514741  0.535604  0.336157  0.098514  0.544586  0.502774 
41  0.456325  0.531726  0.605806  0.595646  0.089005  0.734681  0.713117  0.774644  0.437761  0.226228  0.528425  0.410874  0.566969  0.178201  0.591325  0.487662  0.510606  0.515778  0.480735  0.467229  0.100962  0.154138  0.121207  0.175149  0.584413  0.143964  0.528402  0.459899  0.471386  0.173689  0.127250  0.175705  0.185481  0.151673  0.188726  0.175556  0.161532  0.179591  0.154192  0.162218  0.145961 0.0  0.488396  0.131770  0.582833  0.513693  0.103076  0.111843  0.155674  0.591742  0.088854  0.502913  0.522189  0.607655  0.122656  0.137664  0.516433  0.590124  0.291462  0.153795  0.493963  0.537796 
42  0.449647  0.131610  0.422539  0.217104  0.579080  0.256746  0.207146  0.182179  0.299386  0.453162  0.625857  0.503858  0.633766  0.397105  0.411580  0.176457  0.408016  0.439368  0.463409  0.430920  0.560615  0.504763  0.532968  0.441277  0.085961  0.467733  0.654440  0.373595  0.393472  0.561215  0.468447  0.467076  0.481968  0.544789  0.508497  0.482228  0.489530  0.524679  0.545962  0.530302  0.539278  0.488396 0.0  0.518245  0.425869  0.682263  0.627276  0.613902  0.509228  0.380413  0.539532  0.531923  0.465797  0.491409  0.545143  0.588728  0.323537  0.329227  0.595704  0.509418  0.475443  0.460535 
43  0.466771  0.511320  0.377189  0.622198  0.123681  0.663425  0.726317  0.662222  0.438234  0.178075  0.413910  0.487489  0.498375  0.134568  0.516971  0.417940  0.467411  0.475446  0.493428  0.363787  0.132531  0.120814  0.146150  0.122978  0.496097  0.136168  0.584474  0.420942  0.463368  0.146121  0.120764  0.143085  0.174230  0.124411  0.150138  0.149838  0.133814  0.142517  0.126157  0.138579  0.120145  0.131770  0.518245 0.0  0.547764  0.495078  0.107365  0.114902  0.125290  0.559249  0.131947  0.459222  0.521494  0.651011  0.112339  0.100529  0.471118  0.504209  0.339753  0.136168  0.480905  0.451945 
44  0.176726  0.430617  0.142414  0.350193  0.589413  0.340155  0.394541  0.474384  0.243068  0.426874  0.840140  0.807741  0.320461  0.435183  0.152180  0.341769  0.193206  0.160732  0.164059  0.186482  0.595919  0.485499  0.524387  0.490109  0.402055  0.555772  0.285134  0.712008  0.170178  0.434167  0.541356  0.533983  0.519200  0.507656  0.506165  0.462093  0.490578  0.502944  0.478487  0.478496  0.540414  0.582833  0.425869  0.547764 0.0  0.274439  0.597406  0.485209  0.519483  0.130591  0.599848  0.140029  0.136100  0.183083  0.575375  0.530093  0.198171  0.179529  0.779002  0.462321  0.152094  0.167205 
45  0.210863  0.650173  0.294657  0.518718  0.607968  0.502967  0.446183  0.570591  0.370683  0.477566  0.947806  0.944747  0.139770  0.609273  0.257584  0.434021  0.208577  0.238470  0.245852  0.247228  0.583842  0.622775  0.577945  0.480287  0.570145  0.471397  0.144010  0.820903  0.320896  0.541625  0.524885  0.605997  0.448618  0.558337  0.427183  0.480759  0.462714  0.543778  0.597088  0.491118  0.590365  0.513693  0.682263  0.495078  0.274439 0.0  0.516974  0.633405  0.542665  0.309646  0.543376  0.224286  0.262137  0.165124  0.606022  0.559427  0.383453  0.366958  0.849562  0.567429  0.249062  0.203055 
46  0.542639  0.509412  0.508917  0.526210  0.106390  0.543048  0.654746  0.660752  0.497615  0.225619  0.419570  0.415747  0.516023  0.187936  0.504061  0.493231  0.537434  0.431163  0.495448  0.512356  0.119335  0.150392  0.119615  0.146724  0.605708  0.161334  0.540268  0.426450  0.565517  0.176413  0.121185  0.167260  0.164974  0.154830  0.160544  0.181737  0.145558  0.167660  0.147486  0.151209  0.141731  0.103076  0.627276  0.107365  0.597406  0.516974 0.0  0.113756  0.155033  0.533883  0.111244  0.457595  0.518516  0.655348  0.115498  0.118116  0.460224  0.499489  0.305741  0.144409  0.559830  0.475340 
47  0.537344  0.504425  0.480285  0.567386  0.103330  0.768153  0.660468  0.610051  0.421898  0.197166  0.429859  0.556461  0.557632  0.147913  0.490751  0.416646  0.495277  0.468955  0.463105  0.460107  0.102961  0.124369  0.151717  0.139980  0.520045  0.133869  0.564224  0.448365  0.484409  0.150751  0.094500  0.152789  0.142639  0.128917  0.152701  0.151832  0.134786  0.145461  0.131536  0.124448  0.119032  0.111843  0.613902  0.114902  0.485209  0.633405  0.113756 0.0  0.132326  0.529860  0.117628  0.491557  0.447446  0.605078  0.087601  0.106404  0.433109  0.485833  0.300555  0.127467  0.567518  0.528712 
48  0.462965  0.461759  0.415227  0.514944  0.156494  0.627610  0.586266  0.611582  0.429587  0.151177  0.562411  0.535386  0.487747  0.122493  0.422084  0.453371  0.437498  0.472120  0.453725  0.421760  0.162992  0.093830  0.198573  0.096654  0.529459  0.092713  0.445078  0.454968  0.433057  0.104462  0.118431  0.094604  0.119636  0.089799  0.105476  0.099277  0.083767  0.093854  0.090706  0.088748  0.095561  0.155674  0.509228  0.125290  0.519483  0.542665  0.155033  0.132326 0.0  0.474327  0.166310  0.353262  0.475535  0.544720  0.122087  0.115289  0.473868  0.347468  0.351136  0.082134  0.440015  0.414524 
49  0.211103  0.363827  0.141925  0.278217  0.595552  0.315861  0.330576  0.415845  0.200374  0.409512  0.922366  0.810647  0.329496  0.485445  0.168360  0.318328  0.234426  0.229271  0.180442  0.209985  0.594113  0.521424  0.657776  0.532454  0.424246  0.476774  0.354419  0.773038  0.156810  0.542325  0.550263  0.525268  0.505729  0.504384  0.513833  0.519404  0.486329  0.500335  0.480720  0.448676  0.554359  0.591742  0.380413  0.559249  0.130591  0.309646  0.533883  0.529860  0.474327 0.0  0.613049  0.159426  0.171392  0.221281  0.560678  0.540640  0.173276  0.145171  0.710085  0.513934  0.191868  0.184405 
50  0.535884  0.516566  0.493788  0.614595  0.092344  0.765985  0.641400  0.561740  0.516537  0.250519  0.479245  0.524709  0.584186  0.195231  0.453539  0.532379  0.441499  0.420021  0.490995  0.448237  0.097316  0.148701  0.122100  0.169965  0.663667  0.144452  0.461456  0.549595  0.437580  0.186294  0.130642  0.178187  0.182369  0.151625  0.184840  0.176442  0.166405  0.187493  0.158275  0.153450  0.145494  0.088854  0.539532  0.131947  0.599848  0.543376  0.111244  0.117628  0.166310  0.613049 0.0  0.553429  0.500291  0.606372  0.118006  0.137568  0.534342  0.529078  0.331811  0.168353  0.497247  0.501715 
51  0.116176  0.450634  0.123531  0.356069  0.585930  0.408802  0.432487  0.393613  0.241156  0.375249  0.872275  0.846023  0.230490  0.411958  0.106566  0.380622  0.125720  0.111580  0.101026  0.122517  0.524022  0.464666  0.579384  0.498398  0.474749  0.455729  0.244890  0.827005  0.195323  0.442167  0.517343  0.438384  0.419338  0.449621  0.443342  0.425689  0.371612  0.457405  0.468555  0.368702  0.497000  0.502913  0.531923  0.459222  0.140029  0.224286  0.457595  0.491557  0.353262  0.159426  0.553429 0.0  0.109328  0.208757  0.527527  0.501634  0.222898  0.213093  0.734744  0.452339  0.093775  0.099156 
52  0.145008  0.433096  0.103718  0.272836  0.581285  0.402762  0.426445  0.439644  0.229223  0.407165  0.816342  0.822274  0.288093  0.448430  0.091079  0.361397  0.143194  0.137074  0.120921  0.132694  0.475281  0.490417  0.538700  0.398402  0.392997  0.478730  0.264184  0.768680  0.153390  0.435693  0.462866  0.440256  0.368525  0.519492  0.385309  0.433112  0.403036  0.433281  0.438032  0.444085  0.433883  0.522189  0.465797  0.521494  0.136100  0.262137  0.518516  0.447446  0.475535  0.171392  0.500291  0.109328 0.0  0.198943  0.432948  0.419784  0.208476  0.168015  0.831076  0.408992  0.108143  0.130201 
53  0.220238  0.542466  0.239616  0.445690  0.527838  0.486905  0.464465  0.528701  0.402351  0.490122  0.894618  0.809213  0.255352  0.528731  0.224238  0.439665  0.233997  0.216643  0.205594  0.249710  0.556781  0.514423  0.693371  0.614125  0.556137  0.523288  0.233036  0.841300  0.271662  0.564296  0.667450  0.530965  0.565781  0.534734  0.534309  0.492679  0.558985  0.651036  0.531607  0.510819  0.652414  0.607655  0.491409  0.651011  0.183083  0.165124  0.655348  0.605078  0.544720  0.221281  0.606372  0.208757  0.198943 0.0  0.598006  0.658182  0.295893  0.260114  0.819330  0.599372  0.197368  0.195576 
54  0.448390  0.514157  0.422455  0.586311  0.108924  0.755994  0.564369  0.657834  0.521900  0.216987  0.597070  0.497038  0.546862  0.152141  0.494458  0.394387  0.431262  0.432485  0.519208  0.468728  0.109085  0.110146  0.165260  0.131618  0.497864  0.120646  0.473646  0.489664  0.552236  0.133238  0.092972  0.140125  0.144889  0.126342  0.143424  0.147471  0.124115  0.143326  0.115469  0.118097  0.110123  0.122656  0.545143  0.112339  0.575375  0.606022  0.115498  0.087601  0.122087  0.560678  0.118006  0.527527  0.432948  0.598006 0.0  0.098612  0.487587  0.438042  0.347028  0.120595  0.490351  0.476190 
55  0.413843  0.504618  0.530339  0.527090  0.125560  0.648877  0.699739  0.654426  0.443104  0.173528  0.459528  0.447120  0.596258  0.150522  0.530061  0.443303  0.464503  0.446151  0.462959  0.428063  0.134563  0.107163  0.143578  0.109329  0.554269  0.120736  0.486972  0.502506  0.521977  0.126047  0.095787  0.124365  0.143671  0.104531  0.135391  0.131464  0.119377  0.131526  0.112505  0.110893  0.097774  0.137664  0.588728  0.100529  0.530093  0.559427  0.118116  0.106404  0.115289  0.540640  0.137568  0.501634  0.419784  0.658182  0.098612 0.0  0.439694  0.476296  0.320525  0.114995  0.434707  0.449749 
56  0.258878  0.287820  0.193186  0.210576  0.565109  0.305764  0.348613  0.306699  0.123556  0.347759  0.651403  0.725377  0.437621  0.448372  0.216421  0.254898  0.267956  0.249589  0.223143  0.230850  0.521764  0.455137  0.577126  0.437896  0.285601  0.465235  0.400146  0.684442  0.131399  0.470447  0.482906  0.450599  0.440239  0.421660  0.473327  0.454984  0.470896  0.441537  0.445203  0.516039  0.514741  0.516433  0.323537  0.471118  0.198171  0.383453  0.460224  0.433109  0.473868  0.173276  0.534342  0.222898  0.208476  0.295893  0.487587  0.439694 0.0  0.112103  0.599155  0.418773  0.222051  0.238809 
57  0.237470  0.316025  0.147582  0.231069  0.500808  0.297310  0.377705  0.288218  0.152004  0.383196  0.777875  0.812225  0.369053  0.384346  0.190828  0.277968  0.237061  0.202851  0.203191  0.191465  0.465452  0.471991  0.501127  0.384232  0.357069  0.443643  0.336966  0.590482  0.113507  0.444939  0.428081  0.494972  0.420104  0.460702  0.430600  0.401873  0.429418  0.462946  0.419806  0.401215  0.535604  0.590124  0.329227  0.504209  0.179529  0.366958  0.499489  0.485833  0.347468  0.145171  0.529078  0.213093  0.168015  0.260114  0.438042  0.476296  0.112103 0.0  0.626943  0.485245  0.179721  0.206436 
58  0.777418  0.537750  0.675763  0.638231  0.282706  0.815458  0.648174  0.636002  0.620749  0.459186  0.275759  0.287245  0.773416  0.323490  0.767439  0.634352  0.656307  0.674915  0.617310  0.548938  0.336971  0.326096  0.236147  0.384482  0.573105  0.373809  0.663467  0.384336  0.565935  0.361203  0.325016  0.345585  0.398392  0.329656  0.336694  0.381344  0.361329  0.347983  0.356766  0.416456  0.336157  0.291462  0.595704  0.339753  0.779002  0.849562  0.305741  0.300555  0.351136  0.710085  0.331811  0.734744  0.831076  0.819330  0.347028  0.320525  0.599155  0.626943 0.0  0.330855  0.812700  0.699485 
59  0.425001  0.428621  0.478214  0.579188  0.160288  0.547222  0.684119  0.642752  0.437312  0.145843  0.514018  0.470987  0.496998  0.118983  0.409559  0.453735  0.349081  0.382103  0.409267  0.403248  0.164714  0.093218  0.189256  0.099078  0.451969  0.092173  0.490070  0.444696  0.377824  0.104654  0.115690  0.093082  0.117835  0.091301  0.104173  0.102918  0.082769  0.091241  0.090909  0.088148  0.098514  0.153795  0.509418  0.136168  0.462321  0.567429  0.144409  0.127467  0.082134  0.513934  0.168353  0.452339  0.408992  0.599372  0.120595  0.114995  0.418773  0.485245  0.330855 0.0  0.456445  0.415749 
60  0.110525  0.448143  0.126755  0.361786  0.447805  0.377853  0.494254  0.483021  0.264616  0.335525  0.960663  0.681981  0.301956  0.419075  0.099645  0.379137  0.122354  0.106667  0.088763  0.115130  0.582768  0.440412  0.459169  0.479430  0.432665  0.483215  0.232261  0.637706  0.163761  0.417039  0.456618  0.411477  0.405297  0.398539  0.428849  0.399648  0.430853  0.415219  0.430473  0.458856  0.544586  0.493963  0.475443  0.480905  0.152094  0.249062  0.559830  0.567518  0.440015  0.191868  0.497247  0.093775  0.108143  0.197368  0.490351  0.434707  0.222051  0.179721  0.812700  0.456445 0.0  0.095476 
61  0.098723  0.450956  0.142193  0.299510  0.510528  0.444403  0.459662  0.500955  0.241608  0.409714  0.637112  0.729474  0.243501  0.399776  0.112281  0.424899  0.109749  0.095206  0.093688  0.109241  0.483050  0.462223  0.546280  0.436131  0.473886  0.454950  0.241949  0.871887  0.174730  0.396669  0.516082  0.456070  0.409808  0.457750  0.376678  0.466629  0.497369  0.443437  0.414226  0.453666  0.502774  0.537796  0.460535  0.451945  0.167205  0.203055  0.475340  0.528712  0.414524  0.184405  0.501715  0.099156  0.130201  0.195576  0.476190  0.449749  0.238809  0.206436  0.699485  0.415749  0.095476 0.0 
