62
0 0.0  0.454080  0.220379  0.427428  0.525874  0.481172  0.403939  0.515905  0.233665  0.442953  0.850226  0.853196  0.166586  0.451051  0.142821  0.351671  0.093296  0.075660  0.086862  0.075660  0.497328  0.459079  0.607342  0.390233  0.557775  0.464367  0.184271  0.732832  0.147573  0.512398  0.443046  0.409014  0.359502  0.393248  0.363276  0.415413  0.404844  0.374554  0.431282  0.489279  0.433687  0.467148  0.575274  0.475516  0.075660  0.147676  0.524006  0.409445  0.435790  0.193341  0.578693  0.154223  0.199554  0.233915  0.543002  0.505793  0.221277  0.281897  0.717340  0.502099  0.115930  0.097549 
1  0.454080 0.0  0.434695  0.240392  0.491089  0.423961  0.262867  0.221617  0.273338  0.351536  0.583674  0.660318  0.651233  0.340377  0.424136  0.075660  0.531207  0.512106  0.461976  0.465305  0.511711  0.608512  0.537536  0.408890  0.174722  0.522115  0.582367  0.381022  0.414869  0.462536  0.525673  0.435193  0.514806  0.419408  0.477927  0.420181  0.363680  0.555147  0.364698  0.491463  0.461533  0.492977  0.166248  0.518020  0.409333  0.591761  0.450521  0.459058  0.504592  0.504033  0.517364  0.424554  0.567778  0.546051  0.485774  0.410364  0.403720  0.346633  0.565583  0.522693  0.460332  0.527300 
2  0.220379  0.434695 0.0  0.440662  0.607192  0.382387  0.376736  0.455058  0.257491  0.297138  0.930239  0.889191  0.297556  0.382943  0.218943  0.389171  0.227010  0.182794  0.075660  0.145197  0.585728  0.354302  0.627104  0.428522  0.480334  0.522319  0.228451  0.842840  0.194228  0.337822  0.556206  0.356647  0.451116  0.373311  0.446592  0.336646  0.532768  0.462279  0.428038  0.310461  0.435554  0.565289  0.469917  0.517190  0.117153  0.242730  0.504372  0.562553  0.387464  0.192356  0.573626  0.171883  0.075660  0.169778  0.495517  0.514260  0.205537  0.178712  0.742161  0.440781  0.163660  0.193914 
3  0.427428  0.240392  0.440662 0.0  0.697775  0.239172  0.331004  0.219157  0.226705  0.484079  0.802963  0.647681  0.531043  0.578193  0.404364  0.232411  0.460998  0.354776  0.458358  0.276321  0.614784  0.559486  0.638249  0.528770  0.175172  0.578788  0.406650  0.544903  0.271579  0.486840  0.533305  0.452326  0.693597  0.576267  0.636675  0.524920  0.551130  0.594413  0.529911  0.481528  0.567193  0.704265  0.208590  0.585376  0.187593  0.480387  0.592216  0.554459  0.487003  0.350281  0.586970  0.425816  0.385030  0.428088  0.582510  0.556416  0.113278  0.318134  0.773561  0.507902  0.344689  0.487708 
4  0.525874  0.491089  0.607192  0.697775 0.0  0.785572  0.641587  0.762963  0.612132  0.305773  0.583201  0.529916  0.633424  0.179283  0.538606  0.458672  0.527823  0.446794  0.628695  0.453275  0.075660  0.083780  0.079033  0.170134  0.576285  0.075660  0.529773  0.524419  0.536271  0.274835  0.139505  0.252692  0.128980  0.164233  0.289633  0.217766  0.159083  0.253644  0.164206  0.098326  0.121084  0.122214  0.604847  0.116887  0.586016  0.659388  0.160318  0.109981  0.107118  0.658157  0.075660  0.563609  0.506131  0.647359  0.119720  0.075660  0.523676  0.560415  0.281430  0.379834  0.480760  0.553365 
5  0.481172  0.423961  0.382387  0.239172  0.785572 0.0  0.151240  0.195618  0.314188  0.483812  0.935962  0.754053  0.608121  0.636507  0.436232  0.291781  0.503315  0.471151  0.411168  0.405597  0.783437  0.679082  0.692514  0.724390  0.325781  0.613565  0.676868  0.618467  0.359194  0.587222  0.638151  0.645021  0.710371  0.793427  0.746446  0.552781  0.605593  0.667420  0.611506  0.624711  0.626628  0.779530  0.241194  0.642333  0.403018  0.562728  0.597844  0.710988  0.620666  0.217424  0.786777  0.424061  0.488789  0.439413  0.653908  0.754755  0.299004  0.304921  0.903209  0.659028  0.468641  0.370296 
6  0.403939  0.262867  0.376736  0.331004  0.641587  0.151240 0.0  0.255253  0.373321  0.609417  0.861795  0.723764  0.638759  0.548811  0.376654  0.347550  0.483441  0.481794  0.400803  0.540644  0.748226  0.567990  0.600130  0.524213  0.341384  0.679802  0.643835  0.697117  0.284872  0.635903  0.797145  0.607686  0.660745  0.602571  0.602141  0.726908  0.657602  0.724575  0.656322  0.757206  0.646987  0.729093  0.116730  0.636223  0.337662  0.543494  0.721226  0.748532  0.614377  0.404148  0.843550  0.527838  0.388292  0.480893  0.768109  0.750724  0.266420  0.337425  0.796047  0.693518  0.473157  0.386774 
7  0.515905  0.221617  0.455058  0.219157  0.762963  0.195618  0.255253 0.0  0.365945  0.593498  0.678910  0.687252  0.647830  0.670227  0.396441  0.341977  0.626208  0.489424  0.533984  0.528891  0.729626  0.706591  0.761617  0.575884  0.192731  0.548838  0.719783  0.611297  0.389197  0.659303  0.728250  0.501609  0.598777  0.694847  0.577962  0.700189  0.674199  0.557693  0.717516  0.558333  0.576536  0.697776  0.322817  0.664881  0.477213  0.666610  0.688301  0.646809  0.619504  0.406934  0.769879  0.498904  0.546119  0.537950  0.680540  0.652984  0.399142  0.411997  0.748149  0.637793  0.532811  0.558502 
8  0.233665  0.273338  0.257491  0.226705  0.612132  0.314188  0.373321  0.365945 0.0  0.368585  0.684122  0.767720  0.442701  0.311953  0.192707  0.329002  0.353642  0.264409  0.196132  0.269835  0.574977  0.439605  0.561697  0.428263  0.208223  0.350506  0.463983  0.578348  0.132580  0.434065  0.377200  0.463605  0.579178  0.413440  0.359526  0.434684  0.437052  0.404092  0.504159  0.482067  0.427584  0.492786  0.379311  0.517735  0.257395  0.394843  0.432120  0.389123  0.420638  0.165838  0.464059  0.299819  0.169515  0.296348  0.500773  0.511949  0.174582  0.177187  0.640742  0.454959  0.341894  0.315216 
9  0.442953  0.351536  0.297138  0.484079  0.305773  0.483812  0.609417  0.593498  0.368585 0.0  0.596937  0.600378  0.490454  0.100477  0.516051  0.374341  0.320673  0.353395  0.379023  0.401704  0.295926  0.207259  0.270627  0.075660  0.492866  0.075660  0.402369  0.471108  0.346451  0.242740  0.227538  0.077691  0.075660  0.219182  0.172323  0.218753  0.313779  0.232882  0.112446  0.312614  0.276384  0.080972  0.447787  0.142158  0.470810  0.561710  0.212774  0.208548  0.181867  0.403857  0.156284  0.307271  0.372689  0.513059  0.160147  0.097041  0.360065  0.399000  0.396075  0.192621  0.328515  0.352182 
10  0.850226  0.583674  0.930239  0.802963  0.583201  0.935962  0.861795  0.678910  0.684122  0.596937 0.0  0.134040  1.000000  0.556481  0.847878  0.598977  0.854790  0.847249  0.799932  0.837800  0.495850  0.489669  0.466201  0.489697  0.518770  0.534861  0.941719  0.208394  0.727156  0.501310  0.431568  0.456674  0.645088  0.549042  0.747651  0.432767  0.487806  0.487575  0.653292  0.538155  0.479702  0.555501  0.495448  0.498541  0.868083  0.906213  0.428615  0.456862  0.541030  0.881551  0.466266  0.855098  0.773395  0.985254  0.506528  0.488184  0.799177  0.704253  0.321158  0.463480  0.796863  0.851511 
11  0.853196  0.660318  0.889191  0.647681  0.529916  0.754053  0.723764  0.687252  0.767720  0.600378  0.134040 0.0  0.933203  0.516923  0.792597  0.501620  0.806644  0.810286  0.832284  0.735336  0.501148  0.547173  0.521575  0.542161  0.644963  0.431295  0.943413  0.202118  0.945634  0.542117  0.499693  0.541260  0.646091  0.530381  0.527074  0.527646  0.579165  0.555276  0.479371  0.468178  0.431153  0.569175  0.619081  0.508403  0.835316  0.943724  0.520568  0.626283  0.449660  0.847740  0.469894  0.845676  0.754456  0.885971  0.588238  0.550201  0.768916  0.829523  0.220018  0.500709  0.797617  0.834663 
12  0.166586  0.651233  0.297556  0.531043  0.633424  0.608121  0.638759  0.647830  0.442701  0.490454  1.000000  0.933203 0.0  0.549968  0.374890  0.677491  0.210705  0.230844  0.207011  0.318154  0.413280  0.494521  0.616477  0.570219  0.702938  0.510631  0.168820  0.928207  0.354512  0.491121  0.503143  0.407369  0.533865  0.477476  0.538000  0.587772  0.522275  0.598810  0.640742  0.507193  0.404171  0.565230  0.648237  0.602174  0.345851  0.128862  0.479974  0.612973  0.509832  0.385470  0.514341  0.315529  0.328021  0.267967  0.462301  0.633562  0.407242  0.340126  0.831146  0.670114  0.214668  0.291877 
13  0.451051  0.340377  0.382943  0.578193  0.179283  0.636507  0.548811  0.670227  0.311953  0.100477  0.556481  0.516923  0.549968 0.0  0.437404  0.398058  0.413839  0.367450  0.403062  0.462645  0.141245  0.102524  0.104544  0.116768  0.422633  0.241479  0.581245  0.517258  0.588600  0.183138  0.149585  0.075660  0.155307  0.097618  0.190120  0.126537  0.168717  0.219869  0.131915  0.288399  0.127612  0.286617  0.420590  0.199457  0.466263  0.501645  0.200783  0.138807  0.155992  0.458935  0.175726  0.487900  0.473115  0.617532  0.118903  0.166918  0.583489  0.518228  0.354468  0.075660  0.548089  0.427065 
14  0.142821  0.424136  0.218943  0.404364  0.538606  0.436232  0.376654  0.396441  0.192707  0.516051  0.847878  0.792597  0.374890  0.437404 0.0  0.400489  0.139205  0.188054  0.101665  0.075660  0.449299  0.337852  0.620278  0.544140  0.477827  0.581949  0.280385  0.695520  0.149227  0.403330  0.442105  0.431691  0.379229  0.461590  0.402656  0.394753  0.544940  0.489514  0.478875  0.533552  0.499352  0.573874  0.479829  0.463964  0.166479  0.332344  0.518419  0.580741  0.463423  0.201107  0.657817  0.103085  0.174479  0.075660  0.622745  0.429958  0.123600  0.149761  0.667169  0.583142  0.173245  0.113927 
15  0.351671  0.075660  0.389171  0.232411  0.458672  0.291781  0.347550  0.341977  0.329002  0.374341  0.598977  0.501620  0.677491  0.398058  0.400489 0.0  0.480586  0.391332  0.368026  0.463917  0.565590  0.464930  0.469600  0.466691  0.200192  0.344870  0.468091  0.511336  0.230365  0.517571  0.461729  0.397308  0.453915  0.379608  0.323053  0.354521  0.483383  0.492954  0.420088  0.590753  0.530678  0.551356  0.142048  0.476079  0.440518  0.685286  0.481114  0.549747  0.362237  0.327556  0.461065  0.434787  0.336703  0.557576  0.420376  0.538085  0.222857  0.267079  0.551585  0.440072  0.438524  0.396328 
16  0.093296  0.531207  0.227010  0.460998  0.527823  0.503315  0.483441  0.626208  0.353642  0.320673  0.854790  0.806644  0.210705  0.413839  0.139205  0.480586 0.0  0.123266  0.075660  0.121513  0.540923  0.279728  0.639622  0.537641  0.476062  0.425879  0.363173  0.720613  0.242751  0.509615  0.459279  0.392459  0.305426  0.477628  0.412405  0.426013  0.470242  0.592748  0.484643  0.503003  0.499433  0.521299  0.606596  0.499753  0.119116  0.166006  0.530605  0.533064  0.432857  0.321083  0.561789  0.152110  0.148251  0.176311  0.515293  0.503183  0.356906  0.221899  0.658755  0.341109  0.151978  0.171990 
17  0.075660  0.512106  0.182794  0.354776  0.446794  0.471151  0.481794  0.489424  0.264409  0.353395  0.847249  0.810286  0.230844  0.367450  0.188054  0.391332  0.123266 0.0  0.102284  0.076317  0.427565  0.571057  0.552209  0.424972  0.450650  0.436196  0.282416  0.729047  0.217739  0.539409  0.433499  0.479139  0.412036  0.430771  0.447426  0.386034  0.404475  0.431419  0.403742  0.490133  0.445252  0.476182  0.419815  0.500203  0.271231  0.213652  0.487013  0.373570  0.474766  0.186321  0.572742  0.075660  0.160372  0.239387  0.497957  0.392669  0.187938  0.201022  0.753259  0.515400  0.096679  0.075660 
18  0.086862  0.461976  0.075660  0.458358  0.628695  0.411168  0.400803  0.533984  0.196132  0.379023  0.799932  0.832284  0.207011  0.403062  0.101665  0.368026  0.075660  0.102284 0.0  0.129020  0.580954  0.437716  0.472628  0.402767  0.399435  0.446798  0.290313  0.712672  0.176300  0.484820  0.466957  0.459263  0.409698  0.514743  0.383991  0.436067  0.485875  0.301252  0.468957  0.367937  0.444408  0.549757  0.489023  0.501907  0.285649  0.180782  0.615980  0.497700  0.560558  0.234923  0.453859  0.152572  0.075660  0.128977  0.554977  0.376943  0.171916  0.244626  0.788096  0.404211  0.075660  0.132785 
19  0.075660  0.465305  0.145197  0.276321  0.453275  0.405597  0.540644  0.528891  0.269835  0.401704  0.837800  0.735336  0.318154  0.462645  0.075660  0.463917  0.121513  0.076317  0.129020 0.0  0.606674  0.372803  0.473004  0.421917  0.488366  0.375743  0.234381  0.797290  0.113979  0.373838  0.540220  0.396293  0.406637  0.393455  0.481141  0.404921  0.324568  0.450309  0.281499  0.313679  0.367881  0.534357  0.626686  0.490251  0.262694  0.202019  0.377861  0.432325  0.457806  0.109715  0.440470  0.093248  0.153525  0.254900  0.474306  0.563397  0.265894  0.246971  0.752433  0.345878  0.114384  0.125341 
20  0.497328  0.511711  0.585728  0.614784  0.075660  0.783437  0.748226  0.729626  0.574977  0.295926  0.495850  0.501148  0.413280  0.141245  0.449299  0.565590  0.540923  0.427565  0.580954  0.606674 0.0  0.157105  0.142025  0.246119  0.513233  0.120027  0.588704  0.459724  0.503869  0.252308  0.108747  0.156031  0.252648  0.246610  0.183230  0.314046  0.270716  0.147696  0.206567  0.163588  0.183187  0.099235  0.598976  0.075660  0.581744  0.520040  0.127092  0.109234  0.260724  0.560672  0.140688  0.720532  0.503499  0.665111  0.075660  0.172359  0.508252  0.516320  0.303726  0.075660  0.562501  0.530841 
21  0.459079  0.608512  0.354302  0.559486  0.083780  0.679082  0.567990  0.706591  0.439605  0.207259  0.489669  0.547173  0.494521  0.102524  0.337852  0.464930  0.279728  0.571057  0.437716  0.372803  0.157105 0.0  0.147849  0.075660  0.589708  0.176828  0.425381  0.537592  0.410065  0.119674  0.077469  0.110860  0.140531  0.075660  0.241712  0.075660  0.107873  0.075660  0.075660  0.111403  0.075660  0.218387  0.652926  0.075660  0.509582  0.516407  0.221383  0.075660  0.125136  0.551504  0.163293  0.470088  0.469910  0.628538  0.121403  0.165211  0.469571  0.483736  0.423341  0.216388  0.402469  0.493470 
22  0.607342  0.537536  0.627104  0.638249  0.079033  0.692514  0.600130  0.761617  0.561697  0.270627  0.466201  0.521575  0.616477  0.104544  0.620278  0.469600  0.639622  0.552209  0.472628  0.473004  0.142025  0.147849 0.0  0.212198  0.705507  0.287063  0.659983  0.553521  0.516260  0.166054  0.075660  0.247555  0.177917  0.186461  0.214188  0.145057  0.108099  0.167819  0.181143  0.139573  0.143941  0.140815  0.506208  0.176012  0.667564  0.672064  0.154892  0.077309  0.265825  0.605273  0.150643  0.579456  0.447380  0.754169  0.207425  0.123185  0.573972  0.463985  0.378117  0.082476  0.600748  0.612137 
23  0.390233  0.408890  0.428522  0.528770  0.170134  0.724390  0.524213  0.575884  0.428263  0.075660  0.489697  0.542161  0.570219  0.116768  0.544140  0.466691  0.537641  0.424972  0.402767  0.421917  0.246119  0.075660  0.212198 0.0  0.547489  0.075660  0.578645  0.564803  0.442283  0.115054  0.076287  0.085436  0.240261  0.080498  0.075660  0.075660  0.215718  0.075660  0.127405  0.135707  0.136879  0.149106  0.459559  0.162293  0.509467  0.583675  0.109180  0.075660  0.091174  0.507219  0.169714  0.356338  0.444827  0.513326  0.185691  0.075660  0.470132  0.445478  0.289421  0.116455  0.496998  0.385308 
24  0.557775  0.174722  0.480334  0.175172  0.576285  0.325781  0.341384  0.192731  0.208223  0.492866  0.518770  0.644963  0.702938  0.422633  0.477827  0.200192  0.476062  0.450650  0.399435  0.488366  0.513233  0.589708  0.705507  0.547489 0.0  0.582355  0.632836  0.493212  0.589515  0.548159  0.515791  0.516751  0.533874  0.457543  0.434382  0.375530  0.539331  0.531893  0.607943  0.515178  0.601158  0.561786  0.075660  0.647919  0.431893  0.727059  0.614892  0.541348  0.495068  0.309647  0.555716  0.534364  0.478541  0.542134  0.554792  0.506075  0.254751  0.368682  0.666490  0.608804  0.464782  0.495454 
25  0.464367  0.522115  0.522319  0.578788  0.075660  0.613565  0.679802  0.548838  0.350506  0.075660  0.534861  0.431295  0.510631  0.241479  0.581949  0.344870  0.425879  0.436196  0.446798  0.375743  0.120027  0.176828  0.287063  0.075660  0.582355 0.0  0.490461  0.614205  0.421272  0.103015  0.208577  0.200923  0.256739  0.154410  0.184672  0.089812  0.075660  0.087847  0.204537  0.111526  0.075660  0.183043  0.449344  0.125935  0.531274  0.492835  0.075660  0.106180  0.098705  0.495139  0.196918  0.414167  0.503499  0.583216  0.075660  0.109640  0.451591  0.447343  0.294944  0.075660  0.452494  0.416384 
26  0.184271  0.582367  0.228451  0.406650  0.529773  0.676868  0.643835  0.719783  0.463983  0.402369  0.941719  0.943413  0.168820  0.581245  0.280385  0.468091  0.363173  0.282416  0.290313  0.234381  0.588704  0.425381  0.659983  0.578645  0.632836  0.490461 0.0  0.906845  0.392911  0.464234  0.476673  0.463036  0.503776  0.548778  0.412810  0.518110  0.460669  0.411534  0.496703  0.493860  0.552444  0.661860  0.614155  0.496596  0.215314  0.075660  0.449139  0.501149  0.537778  0.419775  0.596350  0.290990  0.236925  0.341709  0.433990  0.411286  0.376705  0.361236  0.712657  0.432535  0.226956  0.204300 
27  0.732832  0.381022  0.842840  0.544903  0.524419  0.618467  0.697117  0.611297  0.578348  0.471108  0.208394  0.202118  0.928207  0.517258  0.695520  0.511336  0.720613  0.729047  0.712672  0.797290  0.459724  0.537592  0.553521  0.564803  0.493212  0.614205  0.906845 0.0  0.574112  0.547428  0.491066  0.547962  0.533444  0.513717  0.519253  0.431611  0.615012  0.462811  0.505248  0.392925  0.605119  0.534826  0.525761  0.528174  0.733569  0.880133  0.514034  0.585716  0.505580  0.649719  0.485227  0.749042  0.721714  0.905335  0.503955  0.471754  0.549156  0.693243  0.410410  0.481675  0.744999  0.728154 
28  0.147573  0.414869  0.194228  0.271579  0.536271  0.359194  0.284872  0.389197  0.132580  0.346451  0.727156  0.945634  0.354512  0.588600  0.149227  0.230365  0.242751  0.217739  0.176300  0.113979  0.503869  0.410065  0.516260  0.442283  0.589515  0.421272  0.392911  0.574112 0.0  0.506408  0.540292  0.443037  0.457890  0.369022  0.396716  0.448053  0.465816  0.476581  0.426104  0.419317  0.340522  0.470650  0.296828  0.505783  0.216042  0.259165  0.486114  0.391974  0.318741  0.198842  0.594980  0.154059  0.169034  0.284063  0.426349  0.485577  0.154047  0.075660  0.583935  0.461094  0.164181  0.215591 
29  0.512398  0.462536  0.337822  0.486840  0.274835  0.587222  0.635903  0.659303  0.434065  0.242740  0.501310  0.542117  0.491121  0.183138  0.403330  0.517571  0.509615  0.539409  0.484820  0.373838  0.252308  0.119674  0.166054  0.115054  0.548159  0.103015  0.464234  0.547428  0.506408 0.0  0.130562  0.215552  0.075660  0.220229  0.075660  0.113698  0.075660  0.141954  0.102476  0.075660  0.112367  0.261111  0.546322  0.106422  0.598221  0.455320  0.139445  0.075660  0.114940  0.555609  0.162326  0.498398  0.382218  0.587422  0.205720  0.225668  0.532810  0.400027  0.501419  0.075660  0.354898  0.492387 
30  0.443046  0.525673  0.556206  0.533305  0.139505  0.638151  0.797145  0.728250  0.377200  0.227538  0.431568  0.499693  0.503143  0.149585  0.442105  0.461729  0.459279  0.433499  0.466957  0.540220  0.108747  0.077469  0.075660  0.076287  0.515791  0.208577  0.476673  0.491066  0.540292  0.130562 0.0  0.091598  0.075660  0.104183  0.176333  0.082583  0.137213  0.132699  0.171548  0.129237  0.075660  0.075660  0.485957  0.138808  0.577435  0.642194  0.179460  0.169357  0.084815  0.514124  0.105715  0.396311  0.451901  0.689901  0.163293  0.111766  0.544365  0.540124  0.284907  0.075660  0.500665  0.446786 
31  0.409014  0.435193  0.356647  0.452326  0.252692  0.645021  0.607686  0.501609  0.463605  0.077691  0.456674  0.541260  0.407369  0.075660  0.431691  0.397308  0.392459  0.479139  0.459263  0.396293  0.156031  0.110860  0.247555  0.085436  0.516751  0.200923  0.463036  0.547962  0.443037  0.215552  0.091598 0.0  0.106292  0.075660  0.132632  0.132443  0.075660  0.092660  0.094783  0.075660  0.090848  0.124343  0.591155  0.242397  0.546915  0.591013  0.247615  0.196168  0.075660  0.441862  0.205900  0.448978  0.436461  0.497063  0.105011  0.133389  0.447485  0.342360  0.269423  0.075660  0.426746  0.436494 
32  0.359502  0.514806  0.451116  0.693597  0.128980  0.710371  0.660745  0.598777  0.579178  0.075660  0.645088  0.646091  0.533865  0.155307  0.379229  0.453915  0.305426  0.412036  0.409698  0.406637  0.252648  0.140531  0.177917  0.240261  0.533874  0.256739  0.503776  0.533444  0.457890  0.075660  0.075660  0.106292 0.0  0.075660  0.151860  0.075660  0.112882  0.105811  0.099696  0.177664  0.170892  0.155220  0.482258  0.215441  0.498111  0.561286  0.249824  0.129104  0.075660  0.532232  0.208930  0.548122  0.538404  0.426626  0.136910  0.091781  0.476535  0.430233  0.373440  0.075660  0.274067  0.606018 
33  0.393248  0.419408  0.373311  0.576267  0.164233  0.793427  0.602571  0.694847  0.413440  0.219182  0.549042  0.530381  0.477476  0.097618  0.461590  0.379608  0.477628  0.430771  0.514743  0.393455  0.246610  0.075660  0.186461  0.080498  0.457543  0.154410  0.548778  0.513717  0.369022  0.220229  0.104183  0.075660  0.075660 0.0  0.082331  0.127394  0.124184  0.075660  0.075660  0.075660  0.174512  0.111527  0.508619  0.166118  0.549048  0.569197  0.094749  0.243592  0.075660  0.551975  0.226118  0.481633  0.555188  0.686838  0.145293  0.075660  0.472165  0.525580  0.334494  0.114778  0.482354  0.487898 
34  0.363276  0.477927  0.446592  0.636675  0.289633  0.746446  0.602141  0.577962  0.359526  0.172323  0.747651  0.527074  0.538000  0.190120  0.402656  0.323053  0.412405  0.447426  0.383991  0.481141  0.183230  0.241712  0.214188  0.075660  0.434382  0.184672  0.412810  0.519253  0.396716  0.075660  0.176333  0.132632  0.151860  0.082331 0.0  0.100820  0.146272  0.075660  0.098715  0.087512  0.131298  0.201378  0.547602  0.138070  0.552899  0.462675  0.145317  0.210456  0.075660  0.526356  0.184426  0.517003  0.505723  0.558654  0.178197  0.214915  0.470294  0.433814  0.385551  0.075660  0.518650  0.442486 
35  0.415413  0.420181  0.336646  0.524920  0.217766  0.552781  0.726908  0.700189  0.434684  0.218753  0.432767  0.527646  0.587772  0.126537  0.394753  0.354521  0.426013  0.386034  0.436067  0.404921  0.314046  0.075660  0.145057  0.075660  0.375530  0.089812  0.518110  0.431611  0.448053  0.113698  0.082583  0.132443  0.075660  0.127394  0.100820 0.0  0.114585  0.075660  0.075660  0.168719  0.075660  0.183366  0.521329  0.129046  0.596019  0.615481  0.199527  0.130267  0.138623  0.490572  0.178485  0.467626  0.407135  0.424906  0.150212  0.104328  0.454279  0.456927  0.448513  0.134445  0.439347  0.424713 
36  0.404844  0.363680  0.532768  0.551130  0.159083  0.605593  0.657602  0.674199  0.437052  0.313779  0.487806  0.579165  0.522275  0.168717  0.544940  0.483383  0.470242  0.404475  0.485875  0.324568  0.270716  0.107873  0.108099  0.215718  0.539331  0.075660  0.460669  0.615012  0.465816  0.075660  0.137213  0.075660  0.112882  0.124184  0.146272  0.114585 0.0  0.075660  0.075660  0.075660  0.075660  0.230288  0.529819  0.155109  0.573227  0.543355  0.124192  0.119292  0.075660  0.483928  0.183107  0.501046  0.398851  0.588777  0.167790  0.109495  0.480914  0.484260  0.348631  0.101571  0.430474  0.505403 
37  0.374554  0.555147  0.462279  0.594413  0.253644  0.667420  0.724575  0.557693  0.404092  0.232882  0.487575  0.555276  0.598810  0.219869  0.489514  0.492954  0.592748  0.431419  0.301252  0.450309  0.147696  0.075660  0.167819  0.075660  0.531893  0.087847  0.411534  0.462811  0.476581  0.141954  0.132699  0.092660  0.105811  0.075660  0.075660  0.075660  0.075660 0.0  0.075660  0.155222  0.137262  0.197953  0.616790  0.155065  0.532022  0.531482  0.196972  0.102735  0.118827  0.484102  0.166122  0.460886  0.433949  0.551533  0.075660  0.114791  0.511394  0.357031  0.331426  0.096279  0.368458  0.435632 
38  0.431282  0.364698  0.428038  0.529911  0.164206  0.611506  0.656322  0.717516  0.504159  0.112446  0.653292  0.479371  0.640742  0.131915  0.478875  0.420088  0.484643  0.403742  0.468957  0.281499  0.206567  0.075660  0.181143  0.127405  0.607943  0.204537  0.496703  0.505248  0.426104  0.102476  0.171548  0.094783  0.099696  0.075660  0.098715  0.075660  0.075660  0.075660 0.0  0.127692  0.160368  0.084862  0.454441  0.075660  0.665032  0.641247  0.075660  0.075660  0.176902  0.502991  0.101597  0.461636  0.445675  0.572672  0.224295  0.182398  0.444236  0.506219  0.413759  0.081649  0.431086  0.432246 
39  0.489279  0.491463  0.310461  0.481528  0.098326  0.624711  0.757206  0.558333  0.482067  0.312614  0.538155  0.468178  0.507193  0.288399  0.533552  0.590753  0.503003  0.490133  0.367937  0.313679  0.163588  0.111403  0.139573  0.135707  0.515178  0.111526  0.493860  0.392925  0.419317  0.075660  0.129237  0.075660  0.177664  0.075660  0.087512  0.168719  0.075660  0.155222  0.127692 0.0  0.075660  0.184769  0.610823  0.169015  0.365857  0.598831  0.148832  0.075660  0.075660  0.482362  0.152212  0.466835  0.446475  0.550268  0.096618  0.090237  0.434539  0.409918  0.400314  0.152815  0.370698  0.402224 
40  0.433687  0.461533  0.435554  0.567193  0.121084  0.626628  0.646987  0.576536  0.427584  0.276384  0.479702  0.431153  0.404171  0.127612  0.499352  0.530678  0.499433  0.445252  0.444408  0.367881  0.183187  0.075660  0.143941  0.136879  0.601158  0.075660  0.552444  0.605119  0.340522  0.112367  0.075660  0.090848  0.170892  0.174512  0.131298  0.075660  0.075660  0.137262  0.160368  0.075660 0.0  0.075660  0.545346  0.124446  0.466090  0.639304  0.075660  0.141527  0.215684  0.547843  0.161992  0.525345  0.415605  0.617278  0.086337  0.075660  0.384138  0.525164  0.463652  0.121261  0.560611  0.530242 
41  0.467148  0.492977  0.565289  0.704265  0.122214  0.779530  0.729093  0.697776  0.492786  0.080972  0.555501  0.569175  0.565230  0.286617  0.573874  0.551356  0.521299  0.476182  0.549757  0.534357  0.099235  0.218387  0.140815  0.149106  0.561786  0.183043  0.661860  0.534826  0.470650  0.261111  0.075660  0.124343  0.155220  0.111527  0.201378  0.183366  0.230288  0.197953  0.084862  0.184769  0.075660 0.0  0.621185  0.075660  0.676397  0.651219  0.075660  0.140082  0.075660  0.675738  0.075660  0.567262  0.592959  0.780708  0.075660  0.220835  0.597283  0.624375  0.419288  0.174053  0.563095  0.395560 
42  0.575274  0.166248  0.469917  0.208590  0.604847  0.241194  0.116730  0.322817  0.379311  0.447787  0.495448  0.619081  0.648237  0.420590  0.479829  0.142048  0.606596  0.419815  0.489023  0.626686  0.598976  0.652926  0.506208  0.459559  0.075660  0.449344  0.614155  0.525761  0.296828  0.546322  0.485957  0.591155  0.482258  0.508619  0.547602  0.521329  0.529819  0.616790  0.454441  0.610823  0.545346  0.621185 0.0  0.541953  0.496287  0.578475  0.600459  0.581440  0.548240  0.402783  0.733817  0.492081  0.427549  0.592874  0.763530  0.561912  0.277555  0.248161  0.629596  0.323167  0.432669  0.473958 
43  0.475516  0.518020  0.517190  0.585376  0.116887  0.642333  0.636223  0.664881  0.517735  0.142158  0.498541  0.508403  0.602174  0.199457  0.463964  0.476079  0.499753  0.500203  0.501907  0.490251  0.075660  0.075660  0.176012  0.162293  0.647919  0.125935  0.496596  0.528174  0.505783  0.106422  0.138808  0.242397  0.215441  0.166118  0.138070  0.129046  0.155109  0.155065  0.075660  0.169015  0.124446  0.075660  0.541953 0.0  0.539751  0.687677  0.075660  0.075660  0.178812  0.615274  0.164119  0.501131  0.523613  0.649506  0.126493  0.101335  0.424590  0.523874  0.305359  0.075660  0.490827  0.400561 
44  0.075660  0.409333  0.117153  0.187593  0.586016  0.403018  0.337662  0.477213  0.257395  0.470810  0.868083  0.835316  0.345851  0.466263  0.166479  0.440518  0.119116  0.271231  0.285649  0.262694  0.581744  0.509582  0.667564  0.509467  0.431893  0.531274  0.215314  0.733569  0.216042  0.598221  0.577435  0.546915  0.498111  0.549048  0.552899  0.596019  0.573227  0.532022  0.665032  0.365857  0.466090  0.676397  0.496287  0.539751 0.0  0.285383  0.507602  0.434210  0.473644  0.075660  0.622189  0.103220  0.082814  0.191054  0.567722  0.492468  0.160318  0.194312  0.836718  0.588584  0.169313  0.098350 
45  0.147676  0.591761  0.242730  0.480387  0.659388  0.562728  0.543494  0.666610  0.394843  0.561710  0.906213  0.943724  0.128862  0.501645  0.332344  0.685286  0.166006  0.213652  0.180782  0.202019  0.520040  0.516407  0.672064  0.583675  0.727059  0.492835  0.075660  0.880133  0.259165  0.455320  0.642194  0.591013  0.561286  0.569197  0.462675  0.615481  0.543355  0.531482  0.641247  0.598831  0.639304  0.651219  0.578475  0.687677  0.285383 0.0  0.691805  0.554484  0.606873  0.217160  0.619575  0.247842  0.300435  0.251345  0.485133  0.604700  0.399451  0.350678  0.832722  0.593733  0.154480  0.180507 
46  0.524006  0.450521  0.504372  0.592216  0.160318  0.597844  0.721226  0.688301  0.432120  0.212774  0.428615  0.520568  0.479974  0.200783  0.518419  0.481114  0.530605  0.487013  0.615980  0.377861  0.127092  0.221383  0.154892  0.109180  0.614892  0.075660  0.449139  0.514034  0.486114  0.139445  0.179460  0.247615  0.249824  0.094749  0.145317  0.199527  0.124192  0.196972  0.075660  0.148832  0.075660  0.075660  0.600459  0.075660  0.507602  0.691805 0.0  0.075660  0.094804  0.422355  0.089403  0.567960  0.592153  0.609920  0.106297  0.111982  0.492410  0.563495  0.237707  0.176287  0.555825  0.414811 
47  0.409445  0.459058  0.562553  0.554459  0.109981  0.710988  0.748532  0.646809  0.389123  0.208548  0.456862  0.626283  0.612973  0.138807  0.580741  0.549747  0.533064  0.373570  0.497700  0.432325  0.109234  0.075660  0.077309  0.075660  0.541348  0.106180  0.501149  0.585716  0.391974  0.075660  0.169357  0.196168  0.129104  0.243592  0.210456  0.130267  0.119292  0.102735  0.075660  0.075660  0.141527  0.140082  0.581440  0.075660  0.434210  0.554484  0.075660 0.0  0.091403  0.576568  0.159518  0.493590  0.610981  0.653267  0.075660  0.127481  0.537959  0.482965  0.204592  0.113031  0.587664  0.371230 
48  0.435790  0.504592  0.387464  0.487003  0.107118  0.620666  0.614377  0.619504  0.420638  0.181867  0.541030  0.449660  0.509832  0.155992  0.463423  0.362237  0.432857  0.474766  0.560558  0.457806  0.260724  0.125136  0.265825  0.091174  0.495068  0.098705  0.537778  0.505580  0.318741  0.114940  0.084815  0.075660  0.075660  0.075660  0.075660  0.138623  0.075660  0.118827  0.176902  0.075660  0.215684  0.075660  0.548240  0.178812  0.473644  0.606873  0.094804  0.091403 0.0  0.511932  0.187863  0.548999  0.488812  0.581298  0.075660  0.145992  0.460522  0.499994  0.262775  0.122508  0.505943  0.503257 
49  0.193341  0.504033  0.192356  0.350281  0.658157  0.217424  0.404148  0.406934  0.165838  0.403857  0.881551  0.847740  0.385470  0.458935  0.201107  0.327556  0.321083  0.186321  0.234923  0.109715  0.560672  0.551504  0.605273  0.507219  0.309647  0.495139  0.419775  0.649719  0.198842  0.555609  0.514124  0.441862  0.532232  0.551975  0.526356  0.490572  0.483928  0.484102  0.502991  0.482362  0.547843  0.675738  0.402783  0.615274  0.075660  0.217160  0.422355  0.576568  0.511932 0.0  0.534592  0.096970  0.206353  0.191470  0.449102  0.562577  0.075660  0.097087  0.781591  0.531255  0.164875  0.143812 
50  0.578693  0.517364  0.573626  0.586970  0.075660  0.786777  0.843550  0.769879  0.464059  0.156284  0.466266  0.469894  0.514341  0.175726  0.657817  0.461065  0.561789  0.572742  0.453859  0.440470  0.140688  0.163293  0.150643  0.169714  0.555716  0.196918  0.596350  0.485227  0.594980  0.162326  0.105715  0.205900  0.208930  0.226118  0.184426  0.178485  0.183107  0.166122  0.101597  0.152212  0.161992  0.075660  0.733817  0.164119  0.622189  0.619575  0.089403  0.159518  0.187863  0.534592 0.0  0.492021  0.584314  0.583773  0.075660  0.147498  0.627324  0.505909  0.361721  0.222199  0.404192  0.488198 
51  0.154223  0.424554  0.171883  0.425816  0.563609  0.424061  0.527838  0.498904  0.299819  0.307271  0.855098  0.845676  0.315529  0.487900  0.103085  0.434787  0.152110  0.075660  0.152572  0.093248  0.720532  0.470088  0.579456  0.356338  0.534364  0.414167  0.290990  0.749042  0.154059  0.498398  0.396311  0.448978  0.548122  0.481633  0.517003  0.467626  0.501046  0.460886  0.461636  0.466835  0.525345  0.567262  0.492081  0.501131  0.103220  0.247842  0.567960  0.493590  0.548999  0.096970  0.492021 0.0  0.137816  0.218189  0.529607  0.524224  0.296469  0.109777  0.752767  0.458036  0.089259  0.082791 
52  0.199554  0.567778  0.075660  0.385030  0.506131  0.488789  0.388292  0.546119  0.169515  0.372689  0.773395  0.754456  0.328021  0.473115  0.174479  0.336703  0.148251  0.160372  0.075660  0.153525  0.503499  0.469910  0.447380  0.444827  0.478541  0.503499  0.236925  0.721714  0.169034  0.382218  0.451901  0.436461  0.538404  0.555188  0.505723  0.407135  0.398851  0.433949  0.445675  0.446475  0.415605  0.592959  0.427549  0.523613  0.082814  0.300435  0.592153  0.610981  0.488812  0.206353  0.584314  0.137816 0.0  0.180434  0.619188  0.424959  0.244608  0.101108  0.693818  0.558611  0.103336  0.180784 
53  0.233915  0.546051  0.169778  0.428088  0.647359  0.439413  0.480893  0.537950  0.296348  0.513059  0.985254  0.885971  0.267967  0.617532  0.075660  0.557576  0.176311  0.239387  0.128977  0.254900  0.665111  0.628538  0.754169  0.513326  0.542134  0.583216  0.341709  0.905335  0.284063  0.587422  0.689901  0.497063  0.426626  0.686838  0.558654  0.424906  0.588777  0.551533  0.572672  0.550268  0.617278  0.780708  0.592874  0.649506  0.191054  0.251345  0.609920  0.653267  0.581298  0.191470  0.583773  0.218189  0.180434 0.0  0.726442  0.584795  0.290139  0.316148  0.976470  0.548968  0.257282  0.207465 
54  0.543002  0.485774  0.495517  0.582510  0.119720  0.653908  0.768109  0.680540  0.500773  0.160147  0.506528  0.588238  0.462301  0.118903  0.622745  0.420376  0.515293  0.497957  0.554977  0.474306  0.075660  0.121403  0.207425  0.185691  0.554792  0.075660  0.433990  0.503955  0.426349  0.205720  0.163293  0.105011  0.136910  0.145293  0.178197  0.150212  0.167790  0.075660  0.224295  0.096618  0.086337  0.075660  0.763530  0.126493  0.567722  0.485133  0.106297  0.075660  0.075660  0.449102  0.075660  0.529607  0.619188  0.726442 0.0  0.118363  0.507270  0.404087  0.317237  0.155385  0.439925  0.594512 
55  0.505793  0.410364  0.514260  0.556416  0.075660  0.754755  0.750724  0.652984  0.511949  0.097041  0.488184  0.550201  0.633562  0.166918  0.429958  0.538085  0.503183  0.392669  0.376943  0.563397  0.172359  0.165211  0.123185  0.075660  0.506075  0.109640  0.411286  0.471754  0.485577  0.225668  0.111766  0.133389  0.091781  0.075660  0.214915  0.104328  0.109495  0.114791  0.182398  0.090237  0.075660  0.220835  0.561912  0.101335  0.492468  0.604700  0.111982  0.127481  0.145992  0.562577  0.147498  0.524224  0.424959  0.584795  0.118363 0.0  0.522634  0.497394  0.432329  0.102962  0.439619  0.415033 
56  0.221277  0.403720  0.205537  0.113278  0.523676  0.299004  0.266420  0.399142  0.174582  0.360065  0.799177  0.768916  0.407242  0.583489  0.123600  0.222857  0.356906  0.187938  0.171916  0.265894  0.508252  0.469571  0.573972  0.470132  0.254751  0.451591  0.376705  0.549156  0.154047  0.532810  0.544365  0.447485  0.476535  0.472165  0.470294  0.454279  0.480914  0.511394  0.444236  0.434539  0.384138  0.597283  0.277555  0.424590  0.160318  0.399451  0.492410  0.537959  0.460522  0.075660  0.627324  0.296469  0.244608  0.290139  0.507270  0.522634 0.0  0.188470  0.743021  0.430018  0.211223  0.223437 
57  0.281897  0.346633  0.178712  0.318134  0.560415  0.304921  0.337425  0.411997  0.177187  0.399000  0.704253  0.829523  0.340126  0.518228  0.149761  0.267079  0.221899  0.201022  0.244626  0.246971  0.516320  0.483736  0.463985  0.445478  0.368682  0.447343  0.361236  0.693243  0.075660  0.400027  0.540124  0.342360  0.430233  0.525580  0.433814  0.456927  0.484260  0.357031  0.506219  0.409918  0.525164  0.624375  0.248161  0.523874  0.194312  0.350678  0.563495  0.482965  0.499994  0.097087  0.505909  0.109777  0.101108  0.316148  0.404087  0.497394  0.188470 0.0  0.671546  0.409481  0.127224  0.187625 
58  0.717340  0.565583  0.742161  0.773561  0.281430  0.903209  0.796047  0.748149  0.640742  0.396075  0.321158  0.220018  0.831146  0.354468  0.667169  0.551585  0.658755  0.753259  0.788096  0.752433  0.303726  0.423341  0.378117  0.289421  0.666490  0.294944  0.712657  0.410410  0.583935  0.501419  0.284907  0.269423  0.373440  0.334494  0.385551  0.448513  0.348631  0.331426  0.413759  0.400314  0.463652  0.419288  0.629596  0.305359  0.836718  0.832722  0.237707  0.204592  0.262775  0.781591  0.361721  0.752767  0.693818  0.976470  0.317237  0.432329  0.743021  0.671546 0.0  0.412820  0.740951  0.792639 
59  0.502099  0.522693  0.440781  0.507902  0.379834  0.659028  0.693518  0.637793  0.454959  0.192621  0.463480  0.500709  0.670114  0.075660  0.583142  0.440072  0.341109  0.515400  0.404211  0.345878  0.075660  0.216388  0.082476  0.116455  0.608804  0.075660  0.432535  0.481675  0.461094  0.075660  0.075660  0.075660  0.075660  0.114778  0.075660  0.134445  0.101571  0.096279  0.081649  0.152815  0.121261  0.174053  0.323167  0.075660  0.588584  0.593733  0.176287  0.113031  0.122508  0.531255  0.222199  0.458036  0.558611  0.548968  0.155385  0.102962  0.430018  0.409481  0.412820 0.0  0.528265  0.377921 
60  0.115930  0.460332  0.163660  0.344689  0.480760  0.468641  0.473157  0.532811  0.341894  0.328515  0.796863  0.797617  0.214668  0.548089  0.173245  0.438524  0.151978  0.096679  0.075660  0.114384  0.562501  0.402469  0.600748  0.496998  0.464782  0.452494  0.226956  0.744999  0.164181  0.354898  0.500665  0.426746  0.274067  0.482354  0.518650  0.439347  0.430474  0.368458  0.431086  0.370698  0.560611  0.563095  0.432669  0.490827  0.169313  0.154480  0.555825  0.587664  0.505943  0.164875  0.404192  0.089259  0.103336  0.257282  0.439925  0.439619  0.211223  0.127224  0.740951  0.528265 0.0  0.207055 
61  0.097549  0.527300  0.193914  0.487708  0.553365  0.370296  0.386774  0.558502  0.315216  0.352182  0.851511  0.834663  0.291877  0.427065  0.113927  0.396328  0.171990  0.075660  0.132785  0.125341  0.530841  0.493470  0.612137  0.385308  0.495454  0.416384  0.204300  0.728154  0.215591  0.492387  0.446786  0.436494  0.606018  0.487898  0.442486  0.424713  0.505403  0.435632  0.432246  0.402224  0.530242  0.395560  0.473958  0.400561  0.098350  0.180507  0.414811  0.371230  0.503257  0.143812  0.488198  0.082791  0.180784  0.207465  0.594512  0.415033  0.223437  0.187625  0.792639  0.377921  0.207055 0.0 
