62
0 0.0  0.429620  0.152667  0.404091  0.519200  0.464395  0.404239  0.486107  0.269401  0.356519  0.789848  0.820205  0.223444  0.408298  0.115069  0.361839  0.085681  0.098289  0.104704  0.106962  0.511567  0.427533  0.485460  0.427440  0.486821  0.367198  0.203683  0.607629  0.190087  0.426263  0.451655  0.388295  0.416857  0.420905  0.422252  0.350361  0.400038  0.405347  0.414000  0.440679  0.377276  0.449700  0.419933  0.457509  0.175350  0.202408  0.432942  0.560188  0.412785  0.180774  0.455116  0.106614  0.137854  0.199041  0.471305  0.386444  0.233349  0.221473  0.619691  0.395379  0.109755  0.094693 
1  0.429620 0.0  0.311097  0.229550  0.467658  0.294452  0.299659  0.245261  0.263063  0.412601  0.578338  0.589023  0.687406  0.354702  0.424757  0.133157  0.455160  0.386609  0.424539  0.388191  0.579245  0.465103  0.442708  0.432823  0.126557  0.435913  0.528650  0.440829  0.356293  0.475064  0.449668  0.397407  0.442788  0.381487  0.489882  0.405662  0.502347  0.456405  0.469033  0.374871  0.396010  0.501977  0.139104  0.458301  0.415372  0.509019  0.447114  0.510255  0.436191  0.355620  0.507154  0.431862  0.398786  0.545393  0.489605  0.469171  0.331474  0.323361  0.626219  0.415103  0.451258  0.421222 
2  0.152667  0.311097 0.0  0.278837  0.479877  0.330214  0.335197  0.401252  0.194397  0.341470  0.641579  0.689041  0.312699  0.429939  0.102852  0.354288  0.153831  0.140067  0.127768  0.135560  0.500452  0.397460  0.494072  0.379442  0.430819  0.412506  0.297861  0.716080  0.115666  0.357589  0.535139  0.414954  0.398252  0.382485  0.371829  0.337468  0.350762  0.391374  0.437076  0.406552  0.393798  0.460945  0.363006  0.437945  0.134745  0.276392  0.521198  0.467337  0.384344  0.147765  0.493416  0.132082  0.099086  0.221791  0.438504  0.435415  0.179454  0.149845  0.615261  0.440036  0.125781  0.144208 
3  0.404091  0.229550  0.278837 0.0  0.529428  0.178178  0.182450  0.183254  0.213938  0.452281  0.670692  0.560766  0.459298  0.536062  0.320774  0.206154  0.398946  0.375772  0.367116  0.389944  0.486999  0.459999  0.614347  0.521035  0.201702  0.560647  0.473238  0.574450  0.259638  0.468360  0.593216  0.548025  0.514964  0.514580  0.520775  0.527524  0.422130  0.468173  0.518373  0.496954  0.539587  0.684107  0.225848  0.463445  0.300036  0.502951  0.521477  0.580405  0.537474  0.271599  0.513056  0.327842  0.358565  0.419699  0.477025  0.517277  0.202758  0.228018  0.786329  0.449466  0.347868  0.350069 
4  0.519200  0.467658  0.479877  0.529428 0.0  0.679069  0.659205  0.571268  0.469649  0.212804  0.500472  0.524478  0.472001  0.165815  0.486717  0.427112  0.460465  0.522919  0.436159  0.442917  0.090037  0.126030  0.128322  0.134169  0.520340  0.153789  0.474322  0.465145  0.542007  0.165240  0.106016  0.157738  0.166744  0.138048  0.156067  0.167584  0.147028  0.155140  0.145452  0.138470  0.135607  0.087852  0.515140  0.122118  0.587900  0.533085  0.099763  0.095563  0.151097  0.491962  0.086822  0.424747  0.515495  0.548180  0.102247  0.117126  0.533935  0.523139  0.310600  0.132132  0.448977  0.394583 
5  0.464395  0.294452  0.330214  0.178178  0.679069 0.0  0.132053  0.189804  0.314165  0.510274  0.668710  0.808783  0.630064  0.565783  0.386243  0.248335  0.433563  0.419614  0.368324  0.391117  0.739733  0.593920  0.754064  0.622602  0.307358  0.595908  0.534995  0.677062  0.352242  0.586369  0.579262  0.579349  0.699525  0.647417  0.556950  0.568108  0.684049  0.667854  0.522605  0.590185  0.546810  0.573867  0.286048  0.595755  0.348207  0.516255  0.627048  0.649616  0.692757  0.269299  0.515074  0.388232  0.406772  0.401232  0.697882  0.591958  0.274384  0.282589  0.670896  0.579328  0.400358  0.419960 
6  0.404239  0.299659  0.335197  0.182450  0.659205  0.132053 0.0  0.141358  0.305974  0.539637  0.589548  0.756022  0.671357  0.568915  0.392418  0.270016  0.480680  0.474835  0.526824  0.413264  0.567020  0.649253  0.630196  0.596759  0.239222  0.648572  0.632859  0.647527  0.338168  0.595642  0.680514  0.610173  0.601747  0.533224  0.504372  0.576213  0.603697  0.579091  0.640317  0.684213  0.614091  0.616458  0.227487  0.666556  0.373049  0.623814  0.701680  0.642202  0.575300  0.314611  0.793046  0.442211  0.354167  0.510743  0.616208  0.556360  0.309067  0.286045  0.718080  0.631086  0.423918  0.493766 
7  0.486107  0.245261  0.401252  0.183254  0.571268  0.189804  0.141358 0.0  0.350742  0.543897  0.576835  0.698067  0.649952  0.595901  0.385813  0.256561  0.522303  0.488897  0.460797  0.485649  0.678636  0.566640  0.805751  0.583649  0.185427  0.536089  0.659912  0.596246  0.374310  0.573459  0.624720  0.527907  0.500787  0.556111  0.590653  0.565196  0.601922  0.491729  0.579919  0.545449  0.583842  0.718502  0.195549  0.641128  0.397190  0.573089  0.570428  0.641931  0.597886  0.397490  0.605115  0.436530  0.423809  0.480572  0.601750  0.666740  0.387962  0.359388  0.701542  0.640094  0.491739  0.503589 
8  0.269401  0.263063  0.194397  0.213938  0.469649  0.314165  0.305974  0.350742 0.0  0.355657  0.642563  0.718956  0.469834  0.411041  0.233783  0.192982  0.252101  0.228575  0.255640  0.232710  0.424953  0.396239  0.450100  0.370182  0.271155  0.383406  0.362587  0.554642  0.164430  0.355069  0.456199  0.376590  0.365945  0.409233  0.349392  0.445784  0.413753  0.441108  0.477678  0.448117  0.387323  0.484096  0.299391  0.410762  0.227124  0.329861  0.446921  0.454173  0.420699  0.191859  0.520271  0.243077  0.224196  0.337433  0.391142  0.422751  0.109335  0.130497  0.639651  0.415918  0.227980  0.235045 
9  0.356519  0.412601  0.341470  0.452281  0.212804  0.510274  0.539637  0.543897  0.355657 0.0  0.520534  0.430258  0.426861  0.133188  0.386615  0.348364  0.330118  0.344007  0.389474  0.321767  0.227708  0.154082  0.248437  0.163731  0.400986  0.152112  0.410293  0.492175  0.309760  0.137169  0.163200  0.136146  0.121986  0.157045  0.138570  0.131259  0.136197  0.137462  0.160896  0.137233  0.146071  0.229387  0.447758  0.181174  0.442045  0.476721  0.213411  0.186042  0.127617  0.357588  0.221620  0.405644  0.403130  0.499196  0.188017  0.180144  0.383671  0.407137  0.354687  0.152733  0.337677  0.361920 
10  0.789848  0.578338  0.641579  0.670692  0.500472  0.668710  0.589548  0.576835  0.642563  0.520534 0.0  0.104433  0.924657  0.443473  0.744456  0.606389  0.693890  0.761341  0.685820  0.766946  0.440400  0.452864  0.454127  0.452071  0.467587  0.499765  0.901386  0.198478  0.699298  0.517182  0.447747  0.513609  0.518545  0.480774  0.524099  0.485915  0.505811  0.524969  0.461884  0.562565  0.500156  0.480470  0.641032  0.530755  0.783507  0.924468  0.424854  0.541462  0.471397  0.721694  0.481029  0.830116  0.753437  0.824695  0.369244  0.432986  0.641647  0.695254  0.258981  0.526796  0.767017  0.697162 
11  0.820205  0.589023  0.689041  0.560766  0.524478  0.808783  0.756022  0.698067  0.718956  0.430258  0.104433 0.0  0.988335  0.496934  0.763164  0.584631  0.766562  0.815736  0.780319  0.716392  0.527213  0.509799  0.411266  0.509185  0.528628  0.485793  1.000000  0.197448  0.699721  0.454474  0.464524  0.440763  0.471239  0.527657  0.526727  0.508787  0.487748  0.545563  0.435652  0.458533  0.439710  0.467437  0.537897  0.434052  0.850691  0.964894  0.508564  0.574666  0.530868  0.700737  0.494317  0.811833  0.847055  0.929691  0.518846  0.491902  0.737000  0.704118  0.289047  0.510666  0.749231  0.713259 
12  0.223444  0.687406  0.312699  0.459298  0.472001  0.630064  0.671357  0.649952  0.469834  0.426861  0.924657  0.988335 0.0  0.515748  0.268328  0.499171  0.239514  0.225945  0.234066  0.262694  0.446772  0.445700  0.526804  0.470447  0.565281  0.448435  0.099042  0.641752  0.346242  0.479675  0.473429  0.538490  0.436512  0.455686  0.444012  0.436778  0.434946  0.567830  0.489228  0.398094  0.418121  0.558374  0.597085  0.517298  0.279862  0.144599  0.559312  0.489153  0.487206  0.371237  0.492656  0.222490  0.270444  0.271002  0.460468  0.477218  0.391061  0.392777  0.703324  0.495297  0.239485  0.251451 
13  0.408298  0.354702  0.429939  0.536062  0.165815  0.565783  0.568915  0.595901  0.411041  0.133188  0.443473  0.496934  0.515748 0.0  0.415270  0.344957  0.362956  0.312313  0.462632  0.390796  0.178353  0.123629  0.171793  0.102946  0.460299  0.127983  0.452750  0.398622  0.353870  0.128843  0.143278  0.105565  0.137182  0.110214  0.124048  0.118006  0.113458  0.116744  0.107573  0.123597  0.119636  0.178507  0.495827  0.128377  0.487268  0.601234  0.160562  0.160395  0.113866  0.511037  0.169608  0.441527  0.432812  0.508077  0.157682  0.121517  0.352629  0.417903  0.336992  0.115727  0.406396  0.408926 
14  0.115069  0.424757  0.102852  0.320774  0.486717  0.386243  0.392418  0.385813  0.233783  0.386615  0.744456  0.763164  0.268328  0.415270 0.0  0.385845  0.137711  0.113675  0.101871  0.110517  0.452775  0.349524  0.505716  0.452760  0.427064  0.451698  0.292650  0.657754  0.146662  0.459274  0.455114  0.425376  0.451450  0.396632  0.415802  0.414914  0.467330  0.460368  0.431244  0.409655  0.433932  0.479802  0.429431  0.481283  0.142755  0.246112  0.523675  0.504889  0.370550  0.149023  0.482680  0.098177  0.088032  0.191147  0.386309  0.445125  0.217445  0.184315  0.643454  0.417682  0.096317  0.103920 
15  0.361839  0.133157  0.354288  0.206154  0.427112  0.248335  0.270016  0.256561  0.192982  0.348364  0.606389  0.584631  0.499171  0.344957  0.385845 0.0  0.437462  0.329611  0.365059  0.399537  0.460631  0.343602  0.483517  0.389380  0.167253  0.385425  0.563867  0.447242  0.272247  0.405244  0.359147  0.419275  0.378363  0.346592  0.413594  0.337761  0.392672  0.436453  0.393130  0.431884  0.401160  0.504577  0.159159  0.457070  0.381122  0.461464  0.469270  0.401686  0.367181  0.345580  0.506404  0.353473  0.309290  0.415337  0.437851  0.434404  0.229815  0.277071  0.455850  0.350111  0.364217  0.365809 
16  0.085681  0.455160  0.153831  0.398946  0.460465  0.433563  0.480680  0.522303  0.252101  0.330118  0.693890  0.766562  0.239514  0.362956  0.137711  0.437462 0.0  0.096894  0.103569  0.114635  0.437538  0.432680  0.479307  0.370880  0.548646  0.431865  0.203300  0.747606  0.203094  0.409965  0.462070  0.431691  0.417087  0.454709  0.430259  0.349276  0.441933  0.374407  0.404760  0.356221  0.458227  0.532804  0.441541  0.398800  0.196349  0.199949  0.495865  0.464910  0.410061  0.196643  0.478464  0.124168  0.143552  0.207145  0.465583  0.457068  0.239658  0.217961  0.699712  0.416173  0.113785  0.097448 
17  0.098289  0.386609  0.140067  0.375772  0.522919  0.419614  0.474835  0.488897  0.228575  0.344007  0.761341  0.815736  0.225945  0.312313  0.113675  0.329611  0.096894 0.0  0.093528  0.091239  0.482534  0.438393  0.547673  0.410039  0.429340  0.414520  0.224946  0.774358  0.166450  0.328353  0.377999  0.432102  0.354844  0.436175  0.405183  0.379336  0.400684  0.411394  0.388311  0.383845  0.401413  0.468977  0.482347  0.483921  0.171473  0.213531  0.495390  0.498011  0.427749  0.183937  0.461200  0.106634  0.120608  0.199724  0.417450  0.436283  0.227690  0.210787  0.609146  0.445617  0.103833  0.094135 
18  0.104704  0.424539  0.127768  0.367116  0.436159  0.368324  0.526824  0.460797  0.255640  0.389474  0.685820  0.780319  0.234066  0.462632  0.101871  0.365059  0.103569  0.093528 0.0  0.099533  0.427103  0.432880  0.563329  0.438041  0.375002  0.388983  0.227935  0.761106  0.164807  0.374306  0.500488  0.419076  0.377476  0.431986  0.375004  0.362442  0.404186  0.358685  0.356226  0.411995  0.429467  0.577114  0.449791  0.496408  0.159335  0.220206  0.448178  0.475788  0.397473  0.188359  0.443058  0.097285  0.112452  0.201365  0.446253  0.441574  0.245168  0.189995  0.734213  0.451570  0.084041  0.086681 
19  0.106962  0.388191  0.135560  0.389944  0.442917  0.391117  0.413264  0.485649  0.232710  0.321767  0.766946  0.716392  0.262694  0.390796  0.110517  0.399537  0.114635  0.091239  0.099533 0.0  0.470806  0.417803  0.463633  0.392455  0.444614  0.388739  0.230283  0.580694  0.150637  0.344603  0.430003  0.398357  0.356177  0.425039  0.403169  0.326848  0.390698  0.359241  0.331230  0.389600  0.412224  0.457372  0.424908  0.390546  0.155939  0.221316  0.404100  0.477129  0.405248  0.178453  0.544816  0.116645  0.117572  0.211580  0.390249  0.445693  0.202749  0.198161  0.624864  0.407715  0.105178  0.106343 
20  0.511567  0.579245  0.500452  0.486999  0.090037  0.739733  0.567020  0.678636  0.424953  0.227708  0.440400  0.527213  0.446772  0.178353  0.452775  0.460631  0.437538  0.482534  0.427103  0.470806 0.0  0.146720  0.130983  0.154973  0.650329  0.139708  0.552114  0.495821  0.488717  0.151022  0.110314  0.162491  0.151740  0.148527  0.160385  0.160366  0.141622  0.158242  0.140655  0.137253  0.137392  0.092126  0.634181  0.132426  0.522477  0.577775  0.117748  0.101941  0.147701  0.506047  0.092259  0.480769  0.562956  0.619942  0.103784  0.121587  0.516223  0.501364  0.339782  0.135851  0.514193  0.427300 
21  0.427533  0.465103  0.397460  0.459999  0.126030  0.593920  0.649253  0.566640  0.396239  0.154082  0.452864  0.509799  0.445700  0.123629  0.349524  0.343602  0.432680  0.438393  0.432880  0.417803  0.146720 0.0  0.158495  0.097402  0.478106  0.083170  0.457375  0.499928  0.444554  0.099816  0.094137  0.104416  0.118474  0.088844  0.105778  0.107462  0.088586  0.099909  0.090585  0.084824  0.087871  0.133260  0.508823  0.125214  0.466897  0.529416  0.131785  0.113388  0.089291  0.556755  0.144441  0.424288  0.444974  0.566506  0.114219  0.102992  0.400418  0.427711  0.344500  0.089066  0.387023  0.421736 
22  0.485460  0.442708  0.494072  0.614347  0.128322  0.754064  0.630196  0.805751  0.450100  0.248437  0.454127  0.411266  0.526804  0.171793  0.505716  0.483517  0.479307  0.547673  0.563329  0.463633  0.130983  0.158495 0.0  0.175928  0.556144  0.169960  0.558777  0.439118  0.554409  0.180226  0.148427  0.186650  0.219297  0.178245  0.203700  0.221669  0.177520  0.202522  0.181521  0.182245  0.159372  0.117480  0.566165  0.129277  0.627383  0.527673  0.108517  0.154110  0.172585  0.598627  0.124277  0.519705  0.524458  0.595237  0.154539  0.143235  0.440209  0.496227  0.268250  0.195437  0.600788  0.543083 
23  0.427440  0.432823  0.379442  0.521035  0.134169  0.622602  0.596759  0.583649  0.370182  0.163731  0.452071  0.509185  0.470447  0.102946  0.452760  0.389380  0.370880  0.410039  0.438041  0.392455  0.154973  0.097402  0.175928 0.0  0.500838  0.099462  0.439613  0.434873  0.399269  0.114614  0.110790  0.094290  0.116535  0.086511  0.106894  0.102381  0.092384  0.097948  0.082091  0.098854  0.094179  0.162634  0.507523  0.115716  0.472012  0.582652  0.152341  0.122834  0.092220  0.459380  0.164452  0.396912  0.409159  0.480972  0.116156  0.105939  0.461117  0.426104  0.305186  0.092313  0.387431  0.401789 
24  0.486821  0.126557  0.430819  0.201702  0.520340  0.307358  0.239222  0.185427  0.271155  0.400986  0.467587  0.528628  0.565281  0.460299  0.427064  0.167253  0.548646  0.429340  0.375002  0.444614  0.650329  0.478106  0.556144  0.500838 0.0  0.450796  0.576959  0.410470  0.341400  0.445146  0.580382  0.458044  0.509530  0.436884  0.418228  0.443552  0.475705  0.444549  0.487387  0.457314  0.458589  0.476742  0.081242  0.551030  0.397186  0.583144  0.543304  0.523520  0.469854  0.388302  0.596823  0.417331  0.416328  0.514524  0.552726  0.610516  0.292663  0.355753  0.592725  0.510712  0.411656  0.421800 
25  0.367198  0.435913  0.412506  0.560647  0.153789  0.595908  0.648572  0.536089  0.383406  0.152112  0.499765  0.485793  0.448435  0.127983  0.451698  0.385425  0.431865  0.414520  0.388983  0.388739  0.139708  0.083170  0.169960  0.099462  0.450796 0.0  0.490787  0.511589  0.427427  0.095961  0.102774  0.098914  0.114677  0.089856  0.102344  0.102811  0.086254  0.095835  0.091623  0.080948  0.092327  0.145096  0.450073  0.127794  0.490326  0.507660  0.130479  0.117251  0.088454  0.492127  0.154824  0.397493  0.414173  0.616620  0.108122  0.103021  0.465883  0.442113  0.333779  0.087004  0.401499  0.457975 
26  0.203683  0.528650  0.297861  0.473238  0.474322  0.534995  0.632859  0.659912  0.362587  0.410293  0.901386  1.000000  0.099042  0.452750  0.292650  0.563867  0.203300  0.224946  0.227935  0.230283  0.552114  0.457375  0.558777  0.439613  0.576959  0.490787 0.0  0.782496  0.311336  0.449344  0.445064  0.380243  0.456160  0.461228  0.438491  0.427085  0.441632  0.506170  0.442956  0.431155  0.410448  0.523191  0.658353  0.479992  0.310788  0.142247  0.438411  0.432301  0.421837  0.322403  0.464598  0.227183  0.296473  0.245810  0.407433  0.537562  0.425066  0.349903  0.731425  0.431786  0.226550  0.226885 
27  0.607629  0.440829  0.716080  0.574450  0.465145  0.677062  0.647527  0.596246  0.554642  0.492175  0.198478  0.197448  0.641752  0.398622  0.657754  0.447242  0.747606  0.774358  0.761106  0.580694  0.495821  0.499928  0.439118  0.434873  0.410470  0.511589  0.782496 0.0  0.594330  0.521954  0.476293  0.462976  0.513219  0.526796  0.500445  0.420692  0.490913  0.545626  0.445575  0.467434  0.407358  0.480673  0.430683  0.358082  0.616838  0.851771  0.456989  0.507285  0.480059  0.563097  0.401737  0.641150  0.657151  0.870584  0.475643  0.547315  0.589362  0.727631  0.330973  0.337265  0.751429  0.687056 
28  0.190087  0.356293  0.115666  0.259638  0.542007  0.352242  0.338168  0.374310  0.164430  0.309760  0.699298  0.699721  0.346242  0.353870  0.146662  0.272247  0.203094  0.166450  0.164807  0.150637  0.488717  0.444554  0.554409  0.399269  0.341400  0.427427  0.311336  0.594330 0.0  0.421906  0.419553  0.353437  0.337533  0.461188  0.396501  0.338884  0.383832  0.350710  0.399148  0.385774  0.449866  0.447184  0.333343  0.479680  0.159892  0.328118  0.486296  0.429727  0.364947  0.140668  0.470304  0.168228  0.130086  0.263702  0.462705  0.433022  0.130935  0.108642  0.693525  0.410237  0.165524  0.173379 
29  0.426263  0.475064  0.357589  0.468360  0.165240  0.586369  0.595642  0.573459  0.355069  0.137169  0.517182  0.454474  0.479675  0.128843  0.459274  0.405244  0.409965  0.328353  0.374306  0.344603  0.151022  0.099816  0.180226  0.114614  0.445146  0.095961  0.449344  0.521954  0.421906 0.0  0.122021  0.103093  0.090221  0.107331  0.087488  0.089162  0.096593  0.090848  0.105407  0.094910  0.111866  0.166232  0.534043  0.139661  0.439807  0.473677  0.171429  0.127033  0.095321  0.488416  0.176708  0.371846  0.373426  0.578396  0.129017  0.129352  0.352131  0.390229  0.363715  0.097149  0.462279  0.398068 
30  0.451655  0.449668  0.535139  0.593216  0.106016  0.579262  0.680514  0.624720  0.456199  0.163200  0.447747  0.464524  0.473429  0.143278  0.455114  0.359147  0.462070  0.377999  0.500488  0.430003  0.110314  0.094137  0.148427  0.110790  0.580382  0.102774  0.445064  0.476293  0.419553  0.122021 0.0  0.116609  0.136473  0.105639  0.130511  0.124425  0.109333  0.123378  0.108481  0.101070  0.100277  0.126855  0.540237  0.112848  0.474192  0.559035  0.119001  0.092197  0.108905  0.447809  0.117648  0.480307  0.370423  0.631605  0.089007  0.091232  0.452537  0.421787  0.275183  0.108017  0.508893  0.422755 
31  0.388295  0.397407  0.414954  0.548025  0.157738  0.579349  0.610173  0.527907  0.376590  0.136146  0.513609  0.440763  0.538490  0.105565  0.425376  0.419275  0.431691  0.432102  0.419076  0.398357  0.162491  0.104416  0.186650  0.094290  0.458044  0.098914  0.380243  0.462976  0.353437  0.103093  0.116609 0.0  0.115206  0.096094  0.092532  0.086852  0.091670  0.087981  0.093115  0.096479  0.101205  0.162920  0.509270  0.129604  0.480040  0.450013  0.151480  0.122209  0.090611  0.513419  0.171111  0.434842  0.429841  0.571591  0.127208  0.123990  0.457379  0.374085  0.323609  0.091775  0.459735  0.480440 
32  0.416857  0.442788  0.398252  0.514964  0.166744  0.699525  0.601747  0.500787  0.365945  0.121986  0.518545  0.471239  0.436512  0.137182  0.451450  0.378363  0.417087  0.354844  0.377476  0.356177  0.151740  0.118474  0.219297  0.116535  0.509530  0.114677  0.456160  0.513219  0.337533  0.090221  0.136473  0.115206 0.0  0.117941  0.098998  0.105690  0.113006  0.104950  0.126234  0.110405  0.104341  0.176844  0.471800  0.159201  0.496537  0.528292  0.167173  0.137792  0.108396  0.460979  0.159801  0.374222  0.403550  0.588634  0.129564  0.130324  0.397959  0.424140  0.347643  0.113679  0.396781  0.381710 
33  0.420905  0.381487  0.382485  0.514580  0.138048  0.647417  0.533224  0.556111  0.409233  0.157045  0.480774  0.527657  0.455686  0.110214  0.396632  0.346592  0.454709  0.436175  0.431986  0.425039  0.148527  0.088844  0.178245  0.086511  0.436884  0.089856  0.461228  0.526796  0.461188  0.107331  0.105639  0.096094  0.117941 0.0  0.106996  0.101672  0.086454  0.098555  0.081338  0.087520  0.084641  0.148029  0.548391  0.112963  0.407237  0.468309  0.138491  0.119521  0.083647  0.417883  0.140945  0.401777  0.438515  0.549272  0.115047  0.103178  0.396258  0.446766  0.326549  0.084479  0.441092  0.396109 
34  0.422252  0.489882  0.371829  0.520775  0.156067  0.556950  0.504372  0.590653  0.349392  0.138570  0.524099  0.526727  0.444012  0.124048  0.415802  0.413594  0.430259  0.405183  0.375004  0.403169  0.160385  0.105778  0.203700  0.106894  0.418228  0.102344  0.438491  0.500445  0.396501  0.087488  0.130511  0.092532  0.098998  0.106996 0.0  0.084330  0.097052  0.086537  0.106494  0.102904  0.112331  0.152496  0.469295  0.153881  0.456986  0.535061  0.151370  0.140224  0.098918  0.410620  0.165495  0.465842  0.397249  0.506339  0.137557  0.127964  0.386037  0.402303  0.323904  0.098304  0.429926  0.381976 
35  0.350361  0.405662  0.337468  0.527524  0.167584  0.568108  0.576213  0.565196  0.445784  0.131259  0.485915  0.508787  0.436778  0.118006  0.414914  0.337761  0.349276  0.379336  0.362442  0.326848  0.160366  0.107462  0.221669  0.102381  0.443552  0.102811  0.427085  0.420692  0.338884  0.089162  0.124425  0.086852  0.105690  0.101672  0.084330 0.0  0.094012  0.085330  0.102305  0.099318  0.112366  0.171994  0.473739  0.139704  0.440937  0.443566  0.186744  0.141479  0.094837  0.421812  0.193608  0.392545  0.371172  0.504401  0.127409  0.128233  0.382231  0.383798  0.385620  0.098040  0.397044  0.430406 
36  0.400038  0.502347  0.350762  0.422130  0.147028  0.684049  0.603697  0.601922  0.413753  0.136197  0.505811  0.487748  0.434946  0.113458  0.467330  0.392672  0.441933  0.400684  0.404186  0.390698  0.141622  0.088586  0.177520  0.092384  0.475705  0.086254  0.441632  0.490913  0.383832  0.096593  0.109333  0.091670  0.113006  0.086454  0.097052  0.094012 0.0  0.089069  0.088610  0.083028  0.090226  0.152886  0.479392  0.126575  0.462712  0.500472  0.150685  0.120647  0.079800  0.492343  0.166726  0.388609  0.400804  0.567535  0.125583  0.110604  0.438837  0.470514  0.347545  0.078573  0.431010  0.437517 
37  0.405347  0.456405  0.391374  0.468173  0.155140  0.667854  0.579091  0.491729  0.441108  0.137462  0.524969  0.545563  0.567830  0.116744  0.460368  0.436453  0.374407  0.411394  0.358685  0.359241  0.158242  0.099909  0.202522  0.097948  0.444549  0.095835  0.506170  0.545626  0.350710  0.090848  0.123378  0.087981  0.104950  0.098555  0.086537  0.085330  0.089069 0.0  0.096862  0.090800  0.106491  0.162461  0.511413  0.135994  0.461256  0.516960  0.164492  0.135129  0.089802  0.481559  0.168137  0.412753  0.460272  0.508304  0.123315  0.123590  0.447379  0.448329  0.287168  0.088542  0.413132  0.415561 
38  0.414000  0.469033  0.437076  0.518373  0.145452  0.522605  0.640317  0.579919  0.477678  0.160896  0.461884  0.435652  0.489228  0.107573  0.431244  0.393130  0.404760  0.388311  0.356226  0.331230  0.140655  0.090585  0.181521  0.082091  0.487387  0.091623  0.442956  0.445575  0.399148  0.105407  0.108481  0.093115  0.126234  0.081338  0.106494  0.102305  0.088610  0.096862 0.0  0.092294  0.089452  0.151193  0.465085  0.109591  0.546798  0.479727  0.129320  0.124931  0.086049  0.462708  0.155545  0.399396  0.404757  0.599968  0.120130  0.106505  0.414981  0.450517  0.330490  0.085487  0.440608  0.440631 
39  0.440679  0.374871  0.406552  0.496954  0.138470  0.590185  0.684213  0.545449  0.448117  0.137233  0.562565  0.458533  0.398094  0.123597  0.409655  0.431884  0.356221  0.383845  0.411995  0.389600  0.137253  0.084824  0.182245  0.098854  0.457314  0.080948  0.431155  0.467434  0.385774  0.094910  0.101070  0.096479  0.110405  0.087520  0.102904  0.099318  0.083028  0.090800  0.092294 0.0  0.092647  0.146550  0.484566  0.126310  0.407511  0.532841  0.135418  0.121991  0.084951  0.481159  0.157684  0.447137  0.406722  0.525735  0.115811  0.110770  0.416929  0.422280  0.338865  0.085701  0.421275  0.412634 
40  0.377276  0.396010  0.393798  0.539587  0.135607  0.546810  0.614091  0.583842  0.387323  0.146071  0.500156  0.439710  0.418121  0.119636  0.433932  0.401160  0.458227  0.401413  0.429467  0.412224  0.137392  0.087871  0.159372  0.094179  0.458589  0.092327  0.410448  0.407358  0.449866  0.111866  0.100277  0.101205  0.104341  0.084641  0.112331  0.112366  0.090226  0.106491  0.089452  0.092647 0.0  0.146039  0.514231  0.112891  0.524810  0.460069  0.131181  0.111428  0.092080  0.447967  0.150308  0.407578  0.489125  0.573402  0.106089  0.092987  0.365068  0.468982  0.338800  0.090579  0.387750  0.444573 
41  0.449700  0.501977  0.460945  0.684107  0.087852  0.573867  0.616458  0.718502  0.484096  0.229387  0.480470  0.467437  0.558374  0.178507  0.479802  0.504577  0.532804  0.468977  0.577114  0.457372  0.092126  0.133260  0.117480  0.162634  0.476742  0.145096  0.523191  0.480673  0.447184  0.166232  0.126855  0.162920  0.176844  0.148029  0.152496  0.171994  0.152886  0.162461  0.151193  0.146550  0.146039 0.0  0.524234  0.130790  0.583486  0.450720  0.104084  0.106554  0.150501  0.584263  0.084044  0.528432  0.500111  0.534872  0.115446  0.126659  0.511708  0.508879  0.275849  0.161724  0.490274  0.526246 
42  0.419933  0.139104  0.363006  0.225848  0.515140  0.286048  0.227487  0.195549  0.299391  0.447758  0.641032  0.537897  0.597085  0.495827  0.429431  0.159159  0.441541  0.482347  0.449791  0.424908  0.634181  0.508823  0.566165  0.507523  0.081242  0.450073  0.658353  0.430683  0.333343  0.534043  0.540237  0.509270  0.471800  0.548391  0.469295  0.473739  0.479392  0.511413  0.465085  0.484566  0.514231  0.524234 0.0  0.581594  0.481765  0.584333  0.580997  0.450765  0.461782  0.387018  0.677785  0.389848  0.367529  0.497870  0.528664  0.490156  0.286699  0.285322  0.590512  0.529499  0.397989  0.484095 
43  0.457509  0.458301  0.437945  0.463445  0.122118  0.595755  0.666556  0.641128  0.410762  0.181174  0.530755  0.434052  0.517298  0.128377  0.481283  0.457070  0.398800  0.483921  0.496408  0.390546  0.132426  0.125214  0.129277  0.115716  0.551030  0.127794  0.479992  0.358082  0.479680  0.139661  0.112848  0.129604  0.159201  0.112963  0.153881  0.139704  0.126575  0.135994  0.109591  0.126310  0.112891  0.130790  0.581594 0.0  0.515629  0.601374  0.104828  0.107639  0.128802  0.539785  0.134521  0.565269  0.457818  0.542606  0.106898  0.094862  0.451669  0.401998  0.256465  0.121625  0.512359  0.506607 
44  0.175350  0.415372  0.134745  0.300036  0.587900  0.348207  0.373049  0.397190  0.227124  0.442045  0.783507  0.850691  0.279862  0.487268  0.142755  0.381122  0.196349  0.171473  0.159335  0.155939  0.522477  0.466897  0.627383  0.472012  0.397186  0.490326  0.310788  0.616838  0.159892  0.439807  0.474192  0.480040  0.496537  0.407237  0.456986  0.440937  0.462712  0.461256  0.546798  0.407511  0.524810  0.583486  0.481765  0.515629 0.0  0.265720  0.537978  0.522414  0.519648  0.116271  0.532312  0.141879  0.134377  0.169926  0.484480  0.484656  0.174194  0.166296  0.689386  0.451833  0.171539  0.166597 
45  0.202408  0.509019  0.276392  0.502951  0.533085  0.516255  0.623814  0.573089  0.329861  0.476721  0.924468  0.964894  0.144599  0.601234  0.246112  0.461464  0.199949  0.213531  0.220206  0.221316  0.577775  0.529416  0.527673  0.582652  0.583144  0.507660  0.142247  0.851771  0.328118  0.473677  0.559035  0.450013  0.528292  0.468309  0.535061  0.443566  0.500472  0.516960  0.479727  0.532841  0.460069  0.450720  0.584333  0.601374  0.265720 0.0  0.590864  0.480772  0.442351  0.321711  0.571374  0.209424  0.238575  0.205353  0.496635  0.538510  0.369977  0.333491  0.732078  0.433483  0.248001  0.218896 
46  0.432942  0.447114  0.521198  0.521477  0.099763  0.627048  0.701680  0.570428  0.446921  0.213411  0.424854  0.508564  0.559312  0.160562  0.523675  0.469270  0.495865  0.495390  0.448178  0.404100  0.117748  0.131785  0.108517  0.152341  0.543304  0.130479  0.438411  0.456989  0.486296  0.171429  0.119001  0.151480  0.167173  0.138491  0.151370  0.186744  0.150685  0.164492  0.129320  0.135418  0.131181  0.104084  0.580997  0.104828  0.537978  0.590864 0.0  0.103655  0.155634  0.552613  0.110831  0.593130  0.560519  0.548966  0.109304  0.114355  0.482043  0.452548  0.262497  0.133881  0.439358  0.487903 
47  0.560188  0.510255  0.467337  0.580405  0.095563  0.649616  0.642202  0.641931  0.454173  0.186042  0.541462  0.574666  0.489153  0.160395  0.504889  0.401686  0.464910  0.498011  0.475788  0.477129  0.101941  0.113388  0.154110  0.122834  0.523520  0.117251  0.432301  0.507285  0.429727  0.127033  0.092197  0.122209  0.137792  0.119521  0.140224  0.141479  0.120647  0.135129  0.124931  0.121991  0.111428  0.106554  0.450765  0.107639  0.522414  0.480772  0.103655 0.0  0.121664  0.543956  0.110042  0.514538  0.450473  0.649139  0.081166  0.101893  0.451148  0.543002  0.343309  0.128719  0.466477  0.480142 
48  0.412785  0.436191  0.384344  0.537474  0.151097  0.692757  0.575300  0.597886  0.420699  0.127617  0.471397  0.530868  0.487206  0.113866  0.370550  0.367181  0.410061  0.427749  0.397473  0.405248  0.147701  0.089291  0.172585  0.092220  0.469854  0.088454  0.421837  0.480059  0.364947  0.095321  0.108905  0.090611  0.108396  0.083647  0.098918  0.094837  0.079800  0.089802  0.086049  0.084951  0.092080  0.150501  0.461782  0.128802  0.519648  0.442351  0.155634  0.121664 0.0  0.486519  0.156585  0.487920  0.416415  0.515752  0.110813  0.109568  0.410395  0.454088  0.327429  0.077855  0.461259  0.407945 
49  0.180774  0.355620  0.147765  0.271599  0.491962  0.269299  0.314611  0.397490  0.191859  0.357588  0.721694  0.700737  0.371237  0.511037  0.149023  0.345580  0.196643  0.183937  0.188359  0.178453  0.506047  0.556755  0.598627  0.459380  0.388302  0.492127  0.322403  0.563097  0.140668  0.488416  0.447809  0.513419  0.460979  0.417883  0.410620  0.421812  0.492343  0.481559  0.462708  0.481159  0.447967  0.584263  0.387018  0.539785  0.116271  0.321711  0.552613  0.543956  0.486519 0.0  0.467276  0.157428  0.127553  0.199944  0.491630  0.502720  0.159163  0.134027  0.787009  0.429590  0.173356  0.190750 
50  0.455116  0.507154  0.493416  0.513056  0.086822  0.515074  0.793046  0.605115  0.520271  0.221620  0.481029  0.494317  0.492656  0.169608  0.482680  0.506404  0.478464  0.461200  0.443058  0.544816  0.092259  0.144441  0.124277  0.164452  0.596823  0.154824  0.464598  0.401737  0.470304  0.176708  0.117648  0.171111  0.159801  0.140945  0.165495  0.193608  0.166726  0.168137  0.155545  0.157684  0.150308  0.084044  0.677785  0.134521  0.532312  0.571374  0.110831  0.110042  0.156585  0.467276 0.0  0.552509  0.573106  0.548461  0.114972  0.127359  0.532009  0.518037  0.289796  0.150025  0.478330  0.480953 
51  0.106614  0.431862  0.132082  0.327842  0.424747  0.388232  0.442211  0.436530  0.243077  0.405644  0.830116  0.811833  0.222490  0.441527  0.098177  0.353473  0.124168  0.106634  0.097285  0.116645  0.480769  0.424288  0.519705  0.396912  0.417331  0.397493  0.227183  0.641150  0.168228  0.371846  0.480307  0.434842  0.374222  0.401777  0.465842  0.392545  0.388609  0.412753  0.399396  0.447137  0.407578  0.528432  0.389848  0.565269  0.141879  0.209424  0.593130  0.514538  0.487920  0.157428  0.552509 0.0  0.105443  0.204892  0.526512  0.457962  0.238007  0.193272  0.699932  0.420720  0.085414  0.098085 
52  0.137854  0.398786  0.099086  0.358565  0.515495  0.406772  0.354167  0.423809  0.224196  0.403130  0.753437  0.847055  0.270444  0.432812  0.088032  0.309290  0.143552  0.120608  0.112452  0.117572  0.562956  0.444974  0.524458  0.409159  0.416328  0.414173  0.296473  0.657151  0.130086  0.373426  0.370423  0.429841  0.403550  0.438515  0.397249  0.371172  0.400804  0.460272  0.404757  0.406722  0.489125  0.500111  0.367529  0.457818  0.134377  0.238575  0.560519  0.450473  0.416415  0.127553  0.573106  0.105443 0.0  0.203896  0.467928  0.458300  0.188194  0.167837  0.718524  0.398939  0.102286  0.114911 
53  0.199041  0.545393  0.221791  0.419699  0.548180  0.401232  0.510743  0.480572  0.337433  0.499196  0.824695  0.929691  0.271002  0.508077  0.191147  0.415337  0.207145  0.199724  0.201365  0.211580  0.619942  0.566506  0.595237  0.480972  0.514524  0.616620  0.245810  0.870584  0.263702  0.578396  0.631605  0.571591  0.588634  0.549272  0.506339  0.504401  0.567535  0.508304  0.599968  0.525735  0.573402  0.534872  0.497870  0.542606  0.169926  0.205353  0.548966  0.649139  0.515752  0.199944  0.548461  0.204892  0.203896 0.0  0.540557  0.595027  0.264456  0.257653  0.689436  0.546380  0.189218  0.188650 
54  0.471305  0.489605  0.438504  0.477025  0.102247  0.697882  0.616208  0.601750  0.391142  0.188017  0.369244  0.518846  0.460468  0.157682  0.386309  0.437851  0.465583  0.417450  0.446253  0.390249  0.103784  0.114219  0.154539  0.116156  0.552726  0.108122  0.407433  0.475643  0.462705  0.129017  0.089007  0.127208  0.129564  0.115047  0.137557  0.127409  0.125583  0.123315  0.120130  0.115811  0.106089  0.115446  0.528664  0.106898  0.484480  0.496635  0.109304  0.081166  0.110813  0.491630  0.114972  0.526512  0.467928  0.540557 0.0  0.096155  0.450474  0.507073  0.294627  0.126972  0.422872  0.433963 
55  0.386444  0.469171  0.435415  0.517277  0.117126  0.591958  0.556360  0.666740  0.422751  0.180144  0.432986  0.491902  0.477218  0.121517  0.445125  0.434404  0.457068  0.436283  0.441574  0.445693  0.121587  0.102992  0.143235  0.105939  0.610516  0.103021  0.537562  0.547315  0.433022  0.129352  0.091232  0.123990  0.130324  0.103178  0.127964  0.128233  0.110604  0.123590  0.106505  0.110770  0.092987  0.126659  0.490156  0.094862  0.484656  0.538510  0.114355  0.101893  0.109568  0.502720  0.127359  0.457962  0.458300  0.595027  0.096155 0.0  0.452329  0.473585  0.309745  0.109260  0.472134  0.425662 
56  0.233349  0.331474  0.179454  0.202758  0.533935  0.274384  0.309067  0.387962  0.109335  0.383671  0.641647  0.737000  0.391061  0.352629  0.217445  0.229815  0.239658  0.227690  0.245168  0.202749  0.516223  0.400418  0.440209  0.461117  0.292663  0.465883  0.425066  0.589362  0.130935  0.352131  0.452537  0.457379  0.397959  0.396258  0.386037  0.382231  0.438837  0.447379  0.414981  0.416929  0.365068  0.511708  0.286699  0.451669  0.174194  0.369977  0.482043  0.451148  0.410395  0.159163  0.532009  0.238007  0.188194  0.264456  0.450474  0.452329 0.0  0.108158  0.625118  0.404144  0.204614  0.235233 
57  0.221473  0.323361  0.149845  0.228018  0.523139  0.282589  0.286045  0.359388  0.130497  0.407137  0.695254  0.704118  0.392777  0.417903  0.184315  0.277071  0.217961  0.210787  0.189995  0.198161  0.501364  0.427711  0.496227  0.426104  0.355753  0.442113  0.349903  0.727631  0.108642  0.390229  0.421787  0.374085  0.424140  0.446766  0.402303  0.383798  0.470514  0.448329  0.450517  0.422280  0.468982  0.508879  0.285322  0.401998  0.166296  0.333491  0.452548  0.543002  0.454088  0.134027  0.518037  0.193272  0.167837  0.257653  0.507073  0.473585  0.108158 0.0  0.675493  0.438217  0.183281  0.213191 
58  0.619691  0.626219  0.615261  0.786329  0.310600  0.670896  0.718080  0.701542  0.639651  0.354687  0.258981  0.289047  0.703324  0.336992  0.643454  0.455850  0.699712  0.609146  0.734213  0.624864  0.339782  0.344500  0.268250  0.305186  0.592725  0.333779  0.731425  0.330973  0.693525  0.363715  0.275183  0.323609  0.347643  0.326549  0.323904  0.385620  0.347545  0.287168  0.330490  0.338865  0.338800  0.275849  0.590512  0.256465  0.689386  0.732078  0.262497  0.343309  0.327429  0.787009  0.289796  0.699932  0.718524  0.689436  0.294627  0.309745  0.625118  0.675493 0.0  0.366901  0.655048  0.777675 
59  0.395379  0.415103  0.440036  0.449466  0.132132  0.579328  0.631086  0.640094  0.415918  0.152733  0.526796  0.510666  0.495297  0.115727  0.417682  0.350111  0.416173  0.445617  0.451570  0.407715  0.135851  0.089066  0.195437  0.092313  0.510712  0.087004  0.431786  0.337265  0.410237  0.097149  0.108017  0.091775  0.113679  0.084479  0.098304  0.098040  0.078573  0.088542  0.085487  0.085701  0.090579  0.161724  0.529499  0.121625  0.451833  0.433483  0.133881  0.128719  0.077855  0.429590  0.150025  0.420720  0.398939  0.546380  0.126972  0.109260  0.404144  0.438217  0.366901 0.0  0.424404  0.529965 
60  0.109755  0.451258  0.125781  0.347868  0.448977  0.400358  0.423918  0.491739  0.227980  0.337677  0.767017  0.749231  0.239485  0.406396  0.096317  0.364217  0.113785  0.103833  0.084041  0.105178  0.514193  0.387023  0.600788  0.387431  0.411656  0.401499  0.226550  0.751429  0.165524  0.462279  0.508893  0.459735  0.396781  0.441092  0.429926  0.397044  0.431010  0.413132  0.440608  0.421275  0.387750  0.490274  0.397989  0.512359  0.171539  0.248001  0.439358  0.466477  0.461259  0.173356  0.478330  0.085414  0.102286  0.189218  0.422872  0.472134  0.204614  0.183281  0.655048  0.424404 0.0  0.092154 
61  0.094693  0.421222  0.144208  0.350069  0.394583  0.419960  0.493766  0.503589  0.235045  0.361920  0.697162  0.713259  0.251451  0.408926  0.103920  0.365809  0.097448  0.094135  0.086681  0.106343  0.427300  0.421736  0.543083  0.401789  0.421800  0.457975  0.226885  0.687056  0.173379  0.398068  0.422755  0.480440  0.381710  0.396109  0.381976  0.430406  0.437517  0.415561  0.440631  0.412634  0.444573  0.526246  0.484095  0.506607  0.166597  0.218896  0.487903  0.480142  0.407945  0.190750  0.480953  0.098085  0.114911  0.188650  0.433963  0.425662  0.235233  0.213191  0.777675  0.529965  0.092154 0.0 
