62
0 0.0  0.445997  0.214761  0.408387  0.554602  0.450108  0.482356  0.583497  0.318978  0.534270  0.981502  0.911541  0.171108  0.381076  0.183946  0.398472  0.088016  0.158993  0.113121  0.088016  0.550872  0.410061  0.500246  0.460216  0.475919  0.434473  0.211342  0.814566  0.193587  0.359311  0.457409  0.504818  0.275010  0.509406  0.475242  0.468422  0.507295  0.442944  0.597051  0.553034  0.605472  0.487605  0.581024  0.602435  0.190246  0.238857  0.538119  0.480192  0.400855  0.238022  0.492788  0.099671  0.219254  0.173740  0.461569  0.465349  0.265448  0.223409  0.829154  0.446869  0.124222  0.120915 
1  0.445997 0.0  0.507473  0.292442  0.533865  0.271603  0.341057  0.300835  0.205560  0.352428  0.547039  0.640555  0.772453  0.398737  0.467413  0.107195  0.538476  0.497134  0.450090  0.482751  0.727672  0.541092  0.545518  0.447030  0.134765  0.438282  0.503636  0.441614  0.389016  0.605389  0.461208  0.358768  0.484421  0.509565  0.477100  0.484749  0.536900  0.517609  0.499250  0.463011  0.478472  0.544869  0.088016  0.457548  0.412232  0.643515  0.574769  0.525205  0.408254  0.340059  0.722517  0.460080  0.320682  0.600532  0.540589  0.418969  0.316248  0.506403  0.591562  0.384235  0.546408  0.529745 
2  0.214761  0.507473 0.0  0.339370  0.577101  0.333440  0.432996  0.539344  0.143728  0.197353  0.801870  0.740299  0.395206  0.447738  0.115395  0.304252  0.240723  0.088016  0.141021  0.154819  0.531255  0.566665  0.542718  0.369840  0.383476  0.406614  0.321018  0.687026  0.111715  0.385284  0.493325  0.386985  0.398432  0.484292  0.378843  0.438465  0.358383  0.357986  0.379740  0.402163  0.474021  0.438753  0.547358  0.589190  0.088016  0.318922  0.585075  0.435080  0.485494  0.088016  0.619197  0.122240  0.212784  0.240339  0.606066  0.413974  0.349373  0.150840  0.744638  0.504002  0.178094  0.146225 
3  0.408387  0.292442  0.339370 0.0  0.643423  0.155740  0.261311  0.330686  0.236855  0.522957  0.700396  0.682054  0.571803  0.500217  0.457630  0.256171  0.502457  0.382523  0.380130  0.324527  0.527627  0.641315  0.649778  0.482087  0.261864  0.552393  0.694570  0.586686  0.211164  0.674925  0.687647  0.503455  0.549847  0.548625  0.594065  0.611060  0.538481  0.500333  0.538383  0.569507  0.542269  0.711674  0.270197  0.653661  0.401960  0.559854  0.725606  0.624478  0.623480  0.320395  0.666159  0.396495  0.454079  0.438775  0.644403  0.559022  0.166765  0.309198  0.799822  0.469597  0.462986  0.547125 
4  0.554602  0.533865  0.577101  0.643423 0.0  0.682571  0.774396  0.760314  0.481060  0.293782  0.547929  0.544441  0.518595  0.252057  0.528770  0.488203  0.555000  0.584631  0.503598  0.480785  0.129423  0.173423  0.088016  0.187116  0.576265  0.219908  0.548890  0.455747  0.476145  0.123661  0.088016  0.128164  0.143150  0.096588  0.182475  0.253089  0.243336  0.237643  0.309242  0.242523  0.091351  0.088016  0.611837  0.088016  0.673367  0.547908  0.172200  0.114456  0.104568  0.540802  0.122872  0.551999  0.394541  0.588935  0.088016  0.110902  0.484738  0.460839  0.357719  0.291120  0.528570  0.544266 
5  0.450108  0.271603  0.333440  0.155740  0.682571 0.0  0.234949  0.192640  0.237290  0.514488  0.798501  0.736188  0.577844  0.598460  0.455764  0.411559  0.550144  0.408779  0.395238  0.505751  0.772279  0.663824  0.704235  0.684034  0.259541  0.683794  0.635818  0.818033  0.393235  0.634631  0.741445  0.596094  0.695787  0.585945  0.683108  0.575117  0.706662  0.783117  0.734912  0.627611  0.674413  0.836314  0.406676  0.736228  0.440565  0.605390  0.754389  0.737528  0.685637  0.425461  0.708300  0.356313  0.466309  0.504065  0.730662  0.750026  0.346944  0.411041  0.911355  0.598445  0.346440  0.589717 
6  0.482356  0.341057  0.432996  0.261311  0.774396  0.234949 0.0  0.088016  0.287745  0.524352  0.831035  0.760274  0.801947  0.539455  0.573880  0.342292  0.633173  0.553960  0.494655  0.630193  0.662173  0.740700  0.784723  0.697937  0.223768  0.668233  0.654177  0.731702  0.457672  0.702629  0.810635  0.615474  0.608412  0.840078  0.643244  0.632935  0.698600  0.597902  0.511320  0.749101  0.769393  0.684144  0.221920  0.769552  0.396436  0.609336  0.674779  0.812487  0.715490  0.497215  0.629201  0.566282  0.426307  0.359754  0.735148  0.749391  0.189360  0.323571  0.815135  0.636250  0.524246  0.625288 
7  0.583497  0.300835  0.539344  0.330686  0.760314  0.192640  0.088016 0.0  0.400110  0.529531  0.737032  0.722351  0.765141  0.480187  0.531455  0.280413  0.505913  0.586119  0.523791  0.509912  0.716180  0.687865  0.710401  0.661442  0.241026  0.698760  0.644890  0.532946  0.418290  0.695665  0.755536  0.602888  0.735714  0.553567  0.554697  0.629538  0.553037  0.539700  0.646783  0.632367  0.689803  0.638848  0.204682  0.750429  0.376213  0.590471  0.693422  0.706400  0.759344  0.429583  0.641835  0.580883  0.392120  0.509999  0.797536  0.659864  0.475225  0.301153  0.804076  0.445543  0.556281  0.488590 
8  0.318978  0.205560  0.143728  0.236855  0.481060  0.237290  0.287745  0.400110 0.0  0.346868  0.732661  0.655365  0.434468  0.347065  0.124551  0.266814  0.323460  0.296689  0.231234  0.302476  0.504636  0.391800  0.588163  0.398153  0.386616  0.365435  0.499768  0.608315  0.157836  0.447984  0.448833  0.464546  0.555210  0.379185  0.341687  0.343788  0.387143  0.479983  0.507549  0.460137  0.481102  0.475851  0.305082  0.486416  0.329696  0.451855  0.586338  0.530872  0.481315  0.251981  0.488743  0.369173  0.225245  0.419432  0.497261  0.398849  0.088016  0.114479  0.647793  0.479450  0.247949  0.284053 
9  0.534270  0.352428  0.197353  0.522957  0.293782  0.514488  0.524352  0.529531  0.346868 0.0  0.608629  0.607423  0.444159  0.088016  0.467407  0.343220  0.511964  0.406910  0.313146  0.381835  0.178655  0.112267  0.303392  0.088016  0.448572  0.188670  0.421253  0.496521  0.342218  0.145551  0.233372  0.173962  0.122335  0.149871  0.088016  0.162765  0.236222  0.292177  0.149369  0.107591  0.217314  0.318662  0.588419  0.192127  0.352283  0.540578  0.195471  0.150809  0.325092  0.365890  0.280214  0.377115  0.365551  0.499857  0.239498  0.213340  0.423746  0.416367  0.504749  0.288978  0.347391  0.331101 
10  0.981502  0.547039  0.801870  0.700396  0.547929  0.798501  0.831035  0.737032  0.732661  0.608629 0.0  0.121543  0.849424  0.513833  0.785811  0.579696  0.953741  0.884012  0.737213  0.770185  0.528204  0.508633  0.458769  0.473514  0.756308  0.525097  0.934263  0.253467  0.818919  0.560680  0.405618  0.498505  0.507616  0.455296  0.463716  0.589716  0.547630  0.428479  0.554113  0.511777  0.517289  0.504586  0.642564  0.499115  0.881165  0.964162  0.566401  0.511756  0.543146  0.780274  0.568977  0.922723  0.849212  1.000000  0.582550  0.508539  0.829697  0.769723  0.292083  0.491627  0.843486  0.873581 
11  0.911541  0.640555  0.740299  0.682054  0.544441  0.736188  0.760274  0.722351  0.655365  0.607423  0.121543 0.0  0.984830  0.498779  0.930537  0.553771  0.829861  0.915950  0.856278  0.818656  0.665645  0.508175  0.464138  0.508803  0.614314  0.548075  0.912628  0.130662  0.687512  0.627245  0.520283  0.434026  0.585717  0.609751  0.602826  0.428347  0.518863  0.583348  0.596841  0.546229  0.555952  0.621823  0.590722  0.485791  0.882813  0.849767  0.449940  0.528021  0.626739  0.820153  0.543300  0.864773  0.869522  0.946096  0.660183  0.598745  0.683904  0.855760  0.288251  0.458547  0.856898  0.804488 
12  0.171108  0.772453  0.395206  0.571803  0.518595  0.577844  0.801947  0.765141  0.434468  0.444159  0.849424  0.984830 0.0  0.585989  0.318901  0.571321  0.195260  0.262668  0.210336  0.267353  0.478880  0.505645  0.631340  0.507777  0.647446  0.417244  0.217093  0.834786  0.340677  0.404625  0.497675  0.511334  0.490217  0.589275  0.485269  0.515366  0.578195  0.663015  0.476153  0.508882  0.466849  0.600145  0.740895  0.576031  0.412782  0.199381  0.596748  0.562264  0.512984  0.368593  0.604357  0.273128  0.317821  0.350548  0.455655  0.509089  0.406277  0.439099  0.710305  0.528639  0.211904  0.348312 
13  0.381076  0.398737  0.447738  0.500217  0.252057  0.598460  0.539455  0.480187  0.347065  0.088016  0.513833  0.498779  0.585989 0.0  0.532273  0.329683  0.403256  0.439234  0.546811  0.339426  0.101506  0.157302  0.172767  0.138140  0.450988  0.232839  0.538983  0.526786  0.275711  0.206997  0.088016  0.271658  0.221064  0.149641  0.088016  0.169074  0.196432  0.172271  0.088016  0.088016  0.140676  0.171282  0.537330  0.196421  0.560657  0.557159  0.237356  0.140940  0.121768  0.537505  0.225354  0.442203  0.414781  0.571329  0.104540  0.136938  0.506139  0.465224  0.339572  0.101079  0.405882  0.466077 
14  0.183946  0.467413  0.115395  0.457630  0.528770  0.455764  0.573880  0.531455  0.124551  0.467407  0.785811  0.930537  0.318901  0.532273 0.0  0.469483  0.156774  0.120424  0.154884  0.099812  0.556552  0.483901  0.593753  0.408634  0.574213  0.403074  0.264955  0.754827  0.123683  0.465656  0.503616  0.444355  0.448544  0.447591  0.419961  0.459553  0.425433  0.379328  0.512696  0.412261  0.502749  0.534244  0.581647  0.547966  0.230585  0.282162  0.588892  0.470115  0.468330  0.183653  0.456066  0.088016  0.088016  0.343293  0.496217  0.520567  0.097688  0.206932  0.683495  0.443002  0.115318  0.213435 
15  0.398472  0.107195  0.304252  0.256171  0.488203  0.411559  0.342292  0.280413  0.266814  0.343220  0.579696  0.553771  0.571321  0.329683  0.469483 0.0  0.420454  0.396349  0.346263  0.296743  0.549361  0.394727  0.582614  0.472120  0.106956  0.608442  0.539430  0.417754  0.317454  0.433113  0.398080  0.488288  0.375226  0.492983  0.395609  0.367316  0.550568  0.417581  0.440136  0.434203  0.462611  0.523359  0.110162  0.454182  0.378627  0.524926  0.504048  0.586501  0.446315  0.315346  0.473242  0.504562  0.406306  0.523023  0.447014  0.541908  0.317025  0.312940  0.638311  0.417084  0.446546  0.352515 
16  0.088016  0.538476  0.240723  0.502457  0.555000  0.550144  0.633173  0.505913  0.323460  0.511964  0.953741  0.829861  0.195260  0.403256  0.156774  0.420454 0.0  0.109351  0.088016  0.147934  0.480284  0.590094  0.516849  0.440726  0.499787  0.506840  0.254134  0.845621  0.291384  0.423360  0.461596  0.507644  0.381493  0.489302  0.362884  0.354515  0.452902  0.302405  0.445583  0.457542  0.426565  0.478873  0.543826  0.448386  0.228459  0.251083  0.551205  0.492375  0.433558  0.268676  0.536133  0.176069  0.088016  0.168278  0.533523  0.517950  0.199740  0.267766  0.823642  0.403458  0.101410  0.088016 
17  0.158993  0.497134  0.088016  0.382523  0.584631  0.408779  0.553960  0.586119  0.296689  0.406910  0.884012  0.915950  0.262668  0.439234  0.120424  0.396349  0.109351 0.0  0.103682  0.088016  0.529613  0.442475  0.495027  0.448668  0.471308  0.498244  0.204239  0.844534  0.144580  0.432543  0.446676  0.523518  0.437814  0.518601  0.427130  0.427754  0.412239  0.481105  0.467462  0.438595  0.534150  0.541158  0.473461  0.432578  0.331265  0.282766  0.502555  0.521616  0.494471  0.277364  0.490252  0.088016  0.140036  0.160443  0.537008  0.473241  0.313952  0.218859  0.761817  0.382091  0.130799  0.088016 
18  0.113121  0.450090  0.141021  0.380130  0.503598  0.395238  0.494655  0.523791  0.231234  0.313146  0.737213  0.856278  0.210336  0.546811  0.154884  0.346263  0.088016  0.103682 0.0  0.107202  0.506073  0.538738  0.584042  0.458963  0.584955  0.469944  0.238253  0.825995  0.224613  0.482564  0.496806  0.388456  0.441621  0.560368  0.470839  0.504279  0.357404  0.423205  0.542859  0.487965  0.497881  0.555866  0.410116  0.511492  0.243797  0.194650  0.426218  0.590431  0.531323  0.164630  0.502295  0.090465  0.111782  0.140112  0.439547  0.412552  0.351424  0.315502  0.699105  0.458725  0.148304  0.088016 
19  0.088016  0.482751  0.154819  0.324527  0.480785  0.505751  0.630193  0.509912  0.302476  0.381835  0.770185  0.818656  0.267353  0.339426  0.099812  0.296743  0.147934  0.088016  0.107202 0.0  0.439744  0.394841  0.533124  0.461659  0.460637  0.484068  0.244641  0.806004  0.141674  0.406173  0.495464  0.482582  0.418966  0.422592  0.386990  0.438646  0.551968  0.480987  0.541044  0.372440  0.350013  0.563962  0.424165  0.537684  0.188967  0.286066  0.518893  0.419729  0.329889  0.282791  0.506864  0.147974  0.205240  0.291746  0.497535  0.454140  0.125026  0.199270  0.563601  0.422309  0.088016  0.181918 
20  0.550872  0.727672  0.531255  0.527627  0.129423  0.772279  0.662173  0.716180  0.504636  0.178655  0.528204  0.665645  0.478880  0.101506  0.556552  0.549361  0.480284  0.529613  0.506073  0.439744 0.0  0.196979  0.088016  0.150524  0.642547  0.183678  0.501688  0.539598  0.590115  0.158472  0.095928  0.093856  0.261264  0.169648  0.267329  0.299256  0.160696  0.274784  0.088016  0.243433  0.200619  0.125610  0.566403  0.179895  0.471730  0.723715  0.234987  0.088016  0.284445  0.623578  0.088016  0.540211  0.514430  0.666083  0.088016  0.088016  0.560044  0.643063  0.350216  0.091098  0.558428  0.533495 
21  0.410061  0.541092  0.566665  0.641315  0.173423  0.663824  0.740700  0.687865  0.391800  0.112267  0.508633  0.508175  0.505645  0.157302  0.483901  0.394727  0.590094  0.442475  0.538738  0.394841  0.196979 0.0  0.183255  0.174036  0.484361  0.154151  0.456649  0.431923  0.544171  0.140276  0.143132  0.193660  0.118848  0.088016  0.088016  0.144895  0.123855  0.088797  0.088016  0.129149  0.088016  0.265578  0.484009  0.151388  0.564160  0.705562  0.221399  0.124068  0.155269  0.601421  0.162155  0.578482  0.394803  0.577106  0.140740  0.099507  0.506478  0.514966  0.457787  0.102307  0.460935  0.354539 
22  0.500246  0.545518  0.542718  0.649778  0.088016  0.704235  0.784723  0.710401  0.588163  0.303392  0.458769  0.464138  0.631340  0.172767  0.593753  0.582614  0.516849  0.495027  0.584042  0.533124  0.088016  0.183255 0.0  0.245978  0.561009  0.238147  0.550959  0.474959  0.630679  0.286823  0.169891  0.139111  0.288567  0.129212  0.162039  0.337299  0.263004  0.332623  0.189513  0.141435  0.178047  0.139739  0.702343  0.232495  0.659062  0.559202  0.172778  0.201893  0.155424  0.627474  0.201687  0.532564  0.621400  0.732661  0.221043  0.188819  0.558233  0.488786  0.347585  0.192129  0.612868  0.526782 
23  0.460216  0.447030  0.369840  0.482087  0.187116  0.684034  0.697937  0.661442  0.398153  0.088016  0.473514  0.508803  0.507777  0.138140  0.408634  0.472120  0.440726  0.448668  0.458963  0.461659  0.150524  0.174036  0.245978 0.0  0.501292  0.144491  0.513916  0.599945  0.297815  0.210946  0.111179  0.088016  0.131937  0.088016  0.088016  0.088016  0.092662  0.150194  0.088016  0.138704  0.088016  0.177872  0.666748  0.231228  0.543794  0.603328  0.217664  0.219027  0.168537  0.448170  0.136258  0.478371  0.538089  0.545961  0.143530  0.140536  0.501610  0.474244  0.305604  0.099746  0.564868  0.427413 
24  0.475919  0.134765  0.383476  0.261864  0.576265  0.259541  0.223768  0.241026  0.386616  0.448572  0.756308  0.614314  0.647446  0.450988  0.574213  0.106956  0.499787  0.471308  0.584955  0.460637  0.642547  0.484361  0.561009  0.501292 0.0  0.572774  0.700865  0.506741  0.425026  0.570242  0.649694  0.514196  0.459663  0.505172  0.618774  0.522785  0.494023  0.604734  0.416704  0.492420  0.543931  0.618651  0.177996  0.615170  0.512709  0.625672  0.581158  0.629054  0.511711  0.470233  0.591676  0.401405  0.345673  0.551170  0.600904  0.573960  0.373937  0.323425  0.648495  0.542790  0.497189  0.550081 
25  0.434473  0.438282  0.406614  0.552393  0.219908  0.683794  0.668233  0.698760  0.365435  0.188670  0.525097  0.548075  0.417244  0.232839  0.403074  0.608442  0.506840  0.498244  0.469944  0.484068  0.183678  0.154151  0.238147  0.144491  0.572774 0.0  0.511797  0.503471  0.416636  0.190937  0.129046  0.088016  0.162761  0.143562  0.117871  0.088016  0.088016  0.088016  0.144916  0.120312  0.152728  0.287873  0.513798  0.137878  0.424788  0.529205  0.153620  0.088016  0.088016  0.447026  0.272829  0.524695  0.408406  0.641922  0.106856  0.181442  0.405076  0.497145  0.383063  0.088016  0.499525  0.589033 
26  0.211342  0.503636  0.321018  0.694570  0.548890  0.635818  0.654177  0.644890  0.499768  0.421253  0.934263  0.912628  0.217093  0.538983  0.264955  0.539430  0.254134  0.204239  0.238253  0.244641  0.501688  0.456649  0.550959  0.513916  0.700865  0.511797 0.0  0.874070  0.387890  0.520368  0.442896  0.537118  0.426985  0.449045  0.440920  0.555974  0.488540  0.470193  0.518656  0.633529  0.617681  0.503465  0.709871  0.606719  0.369571  0.088016  0.630162  0.553423  0.506091  0.330714  0.497824  0.307595  0.380092  0.297009  0.515212  0.535891  0.390312  0.460812  0.753549  0.559397  0.258634  0.227328 
27  0.814566  0.441614  0.687026  0.586686  0.455747  0.818033  0.731702  0.532946  0.608315  0.496521  0.253467  0.130662  0.834786  0.526786  0.754827  0.417754  0.845621  0.844534  0.825995  0.806004  0.539598  0.431923  0.474959  0.599945  0.506741  0.503471  0.874070 0.0  0.718739  0.522517  0.672642  0.421360  0.497690  0.451740  0.524123  0.511439  0.509892  0.417722  0.547859  0.596583  0.556872  0.625621  0.412016  0.436768  0.828296  0.853617  0.449119  0.484882  0.522948  0.673179  0.526044  0.805099  0.750567  0.903447  0.496199  0.511007  0.661681  0.709208  0.397554  0.645999  0.714795  0.790803 
28  0.193587  0.389016  0.111715  0.211164  0.476145  0.393235  0.457672  0.418290  0.157836  0.342218  0.818919  0.687512  0.340677  0.275711  0.123683  0.317454  0.291384  0.144580  0.224613  0.141674  0.590115  0.544171  0.630679  0.297815  0.425026  0.416636  0.387890  0.718739 0.0  0.464284  0.483568  0.374700  0.568823  0.556961  0.423223  0.446348  0.463573  0.441023  0.483334  0.469033  0.496770  0.595106  0.362195  0.456623  0.143903  0.310038  0.444539  0.560081  0.489928  0.234616  0.640405  0.154563  0.179105  0.245813  0.577209  0.473567  0.162524  0.095186  0.813747  0.391965  0.109506  0.113845 
29  0.359311  0.605389  0.385284  0.674925  0.123661  0.634631  0.702629  0.695665  0.447984  0.145551  0.560680  0.627245  0.404625  0.206997  0.465656  0.433113  0.423360  0.432543  0.482564  0.406173  0.158472  0.140276  0.286823  0.210946  0.570242  0.190937  0.520368  0.522517  0.464284 0.0  0.215605  0.229190  0.088016  0.121233  0.172431  0.088016  0.255389  0.088016  0.088016  0.187303  0.237832  0.258694  0.615775  0.109406  0.510029  0.465315  0.098251  0.117075  0.146367  0.453438  0.106258  0.454173  0.568830  0.563725  0.219910  0.138831  0.539429  0.443909  0.398022  0.123082  0.472942  0.424160 
30  0.457409  0.461208  0.493325  0.687647  0.088016  0.741445  0.810635  0.755536  0.448833  0.233372  0.405618  0.520283  0.497675  0.088016  0.503616  0.398080  0.461596  0.446676  0.496806  0.495464  0.095928  0.143132  0.169891  0.111179  0.649694  0.129046  0.442896  0.672642  0.483568  0.215605 0.0  0.205595  0.146252  0.112092  0.159682  0.088016  0.088016  0.116199  0.184471  0.088016  0.183348  0.155793  0.515702  0.088016  0.475225  0.554101  0.145220  0.088016  0.088016  0.518022  0.153985  0.578726  0.566708  0.659995  0.088016  0.106882  0.539206  0.417119  0.354646  0.182528  0.510347  0.539292 
31  0.504818  0.358768  0.386985  0.503455  0.128164  0.596094  0.615474  0.602888  0.464546  0.173962  0.498505  0.434026  0.511334  0.271658  0.444355  0.488288  0.507644  0.523518  0.388456  0.482582  0.093856  0.193660  0.139111  0.088016  0.514196  0.088016  0.537118  0.421360  0.374700  0.229190  0.205595 0.0  0.118837  0.088016  0.088016  0.088016  0.088016  0.088016  0.138603  0.088016  0.135305  0.195885  0.591742  0.265182  0.477708  0.487429  0.169902  0.088016  0.088016  0.408903  0.194751  0.480874  0.419004  0.615685  0.144036  0.195899  0.477663  0.568322  0.366095  0.088016  0.487595  0.422876 
32  0.275010  0.484421  0.398432  0.549847  0.143150  0.695787  0.608412  0.735714  0.555210  0.122335  0.507616  0.585717  0.490217  0.221064  0.448544  0.375226  0.381493  0.437814  0.441621  0.418966  0.261264  0.118848  0.288567  0.131937  0.459663  0.162761  0.426985  0.497690  0.568823  0.088016  0.146252  0.118837 0.0  0.088016  0.123503  0.094372  0.160804  0.088016  0.179770  0.104097  0.207645  0.231044  0.608362  0.200308  0.392649  0.594760  0.198930  0.197359  0.104757  0.507595  0.228460  0.371091  0.496991  0.652721  0.167608  0.115221  0.409722  0.428295  0.403704  0.088016  0.459279  0.475728 
33  0.509406  0.509565  0.484292  0.548625  0.096588  0.585945  0.840078  0.553567  0.379185  0.149871  0.455296  0.609751  0.589275  0.149641  0.447591  0.492983  0.489302  0.518601  0.560368  0.422592  0.169648  0.088016  0.129212  0.088016  0.505172  0.143562  0.449045  0.451740  0.556961  0.121233  0.112092  0.088016  0.088016 0.0  0.088016  0.092464  0.193456  0.088016  0.196313  0.088016  0.122480  0.248707  0.506018  0.140344  0.493241  0.523464  0.150321  0.104262  0.088016  0.518370  0.185296  0.501378  0.580103  0.641111  0.193692  0.088016  0.405459  0.532145  0.412567  0.089780  0.514558  0.505716 
34  0.475242  0.477100  0.378843  0.594065  0.182475  0.683108  0.643244  0.554697  0.341687  0.088016  0.463716  0.602826  0.485269  0.088016  0.419961  0.395609  0.362884  0.427130  0.470839  0.386990  0.267329  0.088016  0.162039  0.088016  0.618774  0.117871  0.440920  0.524123  0.423223  0.172431  0.159682  0.088016  0.123503  0.088016 0.0  0.088016  0.104330  0.154512  0.095610  0.088016  0.088016  0.239526  0.503576  0.088016  0.487978  0.488029  0.164963  0.152817  0.239720  0.499832  0.178257  0.511703  0.487976  0.684877  0.134376  0.136249  0.408769  0.412570  0.460944  0.088016  0.513635  0.409708 
35  0.468422  0.484749  0.438465  0.611060  0.253089  0.575117  0.632935  0.629538  0.343788  0.162765  0.589716  0.428347  0.515366  0.169074  0.459553  0.367316  0.354515  0.427754  0.504279  0.438646  0.299256  0.144895  0.337299  0.088016  0.522785  0.088016  0.555974  0.511439  0.446348  0.088016  0.088016  0.088016  0.094372  0.092464  0.088016 0.0  0.134448  0.088016  0.088016  0.168974  0.122895  0.217078  0.556009  0.183565  0.521629  0.455496  0.251061  0.253256  0.174013  0.455962  0.218688  0.457017  0.413743  0.552411  0.171449  0.167405  0.489328  0.429335  0.380066  0.131277  0.430477  0.439656 
36  0.507295  0.536900  0.358383  0.538481  0.243336  0.706662  0.698600  0.553037  0.387143  0.236222  0.547630  0.518863  0.578195  0.196432  0.425433  0.550568  0.452902  0.412239  0.357404  0.551968  0.160696  0.123855  0.263004  0.092662  0.494023  0.088016  0.488540  0.509892  0.463573  0.255389  0.088016  0.088016  0.160804  0.193456  0.104330  0.134448 0.0  0.088016  0.137603  0.088016  0.197694  0.238018  0.633526  0.160281  0.529237  0.558263  0.250677  0.321346  0.088016  0.535316  0.179772  0.415740  0.487129  0.535561  0.231227  0.162870  0.503988  0.425207  0.324374  0.134633  0.565872  0.405281 
37  0.442944  0.517609  0.357986  0.500333  0.237643  0.783117  0.597902  0.539700  0.479983  0.292177  0.428479  0.583348  0.663015  0.172271  0.379328  0.417581  0.302405  0.481105  0.423205  0.480987  0.274784  0.088797  0.332623  0.150194  0.604734  0.088016  0.470193  0.417722  0.441023  0.088016  0.116199  0.088016  0.088016  0.088016  0.154512  0.088016  0.088016 0.0  0.088016  0.114160  0.115863  0.150121  0.466076  0.258580  0.422865  0.542459  0.101033  0.167145  0.181071  0.557264  0.211195  0.301212  0.404179  0.603950  0.292571  0.120346  0.532812  0.486977  0.395217  0.088016  0.449134  0.512778 
38  0.597051  0.499250  0.379740  0.538383  0.309242  0.734912  0.511320  0.646783  0.507549  0.149369  0.554113  0.596841  0.476153  0.088016  0.512696  0.440136  0.445583  0.467462  0.542859  0.541044  0.088016  0.088016  0.189513  0.088016  0.416704  0.144916  0.518656  0.547859  0.483334  0.088016  0.184471  0.138603  0.179770  0.196313  0.095610  0.088016  0.137603  0.088016 0.0  0.088016  0.088016  0.160007  0.614614  0.125253  0.578298  0.595165  0.197177  0.155116  0.088016  0.547929  0.117585  0.418301  0.579164  0.481621  0.088016  0.088016  0.561893  0.514059  0.447008  0.088016  0.496925  0.378365 
39  0.553034  0.463011  0.402163  0.569507  0.242523  0.627611  0.749101  0.632367  0.460137  0.107591  0.511777  0.546229  0.508882  0.088016  0.412261  0.434203  0.457542  0.438595  0.487965  0.372440  0.243433  0.129149  0.141435  0.138704  0.492420  0.120312  0.633529  0.596583  0.469033  0.187303  0.088016  0.088016  0.104097  0.088016  0.088016  0.168974  0.088016  0.114160  0.088016 0.0  0.090555  0.251583  0.528417  0.152158  0.574518  0.540511  0.204283  0.206734  0.088016  0.417499  0.181415  0.474048  0.623086  0.675293  0.185989  0.190882  0.384971  0.521629  0.535607  0.088016  0.490337  0.467966 
40  0.605472  0.478472  0.474021  0.542269  0.091351  0.674413  0.769393  0.689803  0.481102  0.217314  0.517289  0.555952  0.466849  0.140676  0.502749  0.462611  0.426565  0.534150  0.497881  0.350013  0.200619  0.088016  0.178047  0.088016  0.543931  0.152728  0.617681  0.556872  0.496770  0.237832  0.183348  0.135305  0.207645  0.122480  0.088016  0.122895  0.197694  0.115863  0.088016  0.090555 0.0  0.124913  0.575414  0.173257  0.581151  0.569463  0.151981  0.088016  0.088016  0.638726  0.179324  0.448261  0.441892  0.709928  0.133299  0.204827  0.565166  0.468455  0.388293  0.088016  0.403813  0.460791 
41  0.487605  0.544869  0.438753  0.711674  0.088016  0.836314  0.684144  0.638848  0.475851  0.318662  0.504586  0.621823  0.600145  0.171282  0.534244  0.523359  0.478873  0.541158  0.555866  0.563962  0.125610  0.265578  0.139739  0.177872  0.618651  0.287873  0.503465  0.625621  0.595106  0.258694  0.155793  0.195885  0.231044  0.248707  0.239526  0.217078  0.238018  0.150121  0.160007  0.251583  0.124913 0.0  0.607032  0.184782  0.612814  0.525113  0.088016  0.088016  0.184276  0.533092  0.088016  0.512147  0.553794  0.745170  0.171139  0.088016  0.525455  0.617536  0.317775  0.150128  0.525854  0.572504 
42  0.581024  0.088016  0.547358  0.270197  0.611837  0.406676  0.221920  0.204682  0.305082  0.588419  0.642564  0.590722  0.740895  0.537330  0.581647  0.110162  0.543826  0.473461  0.410116  0.424165  0.566403  0.484009  0.702343  0.666748  0.177996  0.513798  0.709871  0.412016  0.362195  0.615775  0.515702  0.591742  0.608362  0.506018  0.503576  0.556009  0.633526  0.466076  0.614614  0.528417  0.575414  0.607032 0.0  0.590317  0.520542  0.646038  0.614451  0.662730  0.508332  0.348657  0.653068  0.519572  0.438025  0.591407  0.626493  0.570244  0.334131  0.317514  0.576983  0.528648  0.462943  0.556257 
43  0.602435  0.457548  0.589190  0.653661  0.088016  0.736228  0.769552  0.750429  0.486416  0.192127  0.499115  0.485791  0.576031  0.196421  0.547966  0.454182  0.448386  0.432578  0.511492  0.537684  0.179895  0.151388  0.232495  0.231228  0.615170  0.137878  0.606719  0.436768  0.456623  0.109406  0.088016  0.265182  0.200308  0.140344  0.088016  0.183565  0.160281  0.258580  0.125253  0.152158  0.173257  0.184782  0.590317 0.0  0.614650  0.609109  0.088016  0.126473  0.273656  0.447144  0.124427  0.519926  0.466254  0.698910  0.183673  0.121078  0.517086  0.505278  0.355809  0.107341  0.552273  0.583515 
44  0.190246  0.412232  0.088016  0.401960  0.673367  0.440565  0.396436  0.376213  0.329696  0.352283  0.881165  0.882813  0.412782  0.560657  0.230585  0.378627  0.228459  0.331265  0.243797  0.188967  0.471730  0.564160  0.659062  0.543794  0.512709  0.424788  0.369571  0.828296  0.143903  0.510029  0.475225  0.477708  0.392649  0.493241  0.487978  0.521629  0.529237  0.422865  0.578298  0.574518  0.581151  0.612814  0.520542  0.614650 0.0  0.312610  0.631205  0.674292  0.513097  0.088016  0.525534  0.250925  0.088016  0.202296  0.527068  0.667426  0.265524  0.149388  0.805148  0.634961  0.186482  0.088016 
45  0.238857  0.643515  0.318922  0.559854  0.547908  0.605390  0.609336  0.590471  0.451855  0.540578  0.964162  0.849767  0.199381  0.557159  0.282162  0.524926  0.251083  0.282766  0.194650  0.286066  0.723715  0.705562  0.559202  0.603328  0.625672  0.529205  0.088016  0.853617  0.310038  0.465315  0.554101  0.487429  0.594760  0.523464  0.488029  0.455496  0.558263  0.542459  0.595165  0.540511  0.569463  0.525113  0.646038  0.609109  0.312610 0.0  0.693073  0.542198  0.562982  0.330436  0.632461  0.321094  0.364241  0.164318  0.572420  0.605538  0.409004  0.480765  0.887596  0.586860  0.122926  0.088016 
46  0.538119  0.574769  0.585075  0.725606  0.172200  0.754389  0.674779  0.693422  0.586338  0.195471  0.566401  0.449940  0.596748  0.237356  0.588892  0.504048  0.551205  0.502555  0.426218  0.518893  0.234987  0.221399  0.172778  0.217664  0.581158  0.153620  0.630162  0.449119  0.444539  0.098251  0.145220  0.169902  0.198930  0.150321  0.164963  0.251061  0.250677  0.101033  0.197177  0.204283  0.151981  0.088016  0.614451  0.088016  0.631205  0.693073 0.0  0.088016  0.130777  0.585642  0.129830  0.598634  0.561763  0.662156  0.165728  0.226785  0.517741  0.517352  0.329038  0.200584  0.500488  0.589188 
47  0.480192  0.525205  0.435080  0.624478  0.114456  0.737528  0.812487  0.706400  0.530872  0.150809  0.511756  0.528021  0.562264  0.140940  0.470115  0.586501  0.492375  0.521616  0.590431  0.419729  0.088016  0.124068  0.201893  0.219027  0.629054  0.088016  0.553423  0.484882  0.560081  0.117075  0.088016  0.088016  0.197359  0.104262  0.152817  0.253256  0.321346  0.167145  0.155116  0.206734  0.088016  0.088016  0.662730  0.126473  0.674292  0.542198  0.088016 0.0  0.207457  0.633938  0.124400  0.557931  0.427669  0.687879  0.088016  0.181620  0.530028  0.555882  0.247278  0.117076  0.483917  0.556129 
48  0.400855  0.408254  0.485494  0.623480  0.104568  0.685637  0.715490  0.759344  0.481315  0.325092  0.543146  0.626739  0.512984  0.121768  0.468330  0.446315  0.433558  0.494471  0.531323  0.329889  0.284445  0.155269  0.155424  0.168537  0.511711  0.088016  0.506091  0.522948  0.489928  0.146367  0.088016  0.088016  0.104757  0.088016  0.239720  0.174013  0.088016  0.181071  0.088016  0.088016  0.088016  0.184276  0.508332  0.273656  0.513097  0.562982  0.130777  0.207457 0.0  0.486485  0.129239  0.455833  0.435791  0.652031  0.209781  0.168162  0.503850  0.544966  0.499032  0.141926  0.550680  0.446846 
49  0.238022  0.340059  0.088016  0.320395  0.540802  0.425461  0.497215  0.429583  0.251981  0.365890  0.780274  0.820153  0.368593  0.537505  0.183653  0.315346  0.268676  0.277364  0.164630  0.282791  0.623578  0.601421  0.627474  0.448170  0.470233  0.447026  0.330714  0.673179  0.234616  0.453438  0.518022  0.408903  0.507595  0.518370  0.499832  0.455962  0.535316  0.557264  0.547929  0.417499  0.638726  0.533092  0.348657  0.447144  0.088016  0.330436  0.585642  0.633938  0.486485 0.0  0.558358  0.207337  0.219934  0.175650  0.559375  0.520126  0.088016  0.165379  0.731729  0.623610  0.236242  0.216709 
50  0.492788  0.722517  0.619197  0.666159  0.122872  0.708300  0.629201  0.641835  0.488743  0.280214  0.568977  0.543300  0.604357  0.225354  0.456066  0.473242  0.536133  0.490252  0.502295  0.506864  0.088016  0.162155  0.201687  0.136258  0.591676  0.272829  0.497824  0.526044  0.640405  0.106258  0.153985  0.194751  0.228460  0.185296  0.178257  0.218688  0.179772  0.211195  0.117585  0.181415  0.179324  0.088016  0.653068  0.124427  0.525534  0.632461  0.129830  0.124400  0.129239  0.558358 0.0  0.449297  0.667674  0.709029  0.100206  0.140416  0.491864  0.477931  0.297504  0.140398  0.556164  0.506482 
51  0.099671  0.460080  0.122240  0.396495  0.551999  0.356313  0.566282  0.580883  0.369173  0.377115  0.922723  0.864773  0.273128  0.442203  0.088016  0.504562  0.176069  0.088016  0.090465  0.147974  0.540211  0.578482  0.532564  0.478371  0.401405  0.524695  0.307595  0.805099  0.154563  0.454173  0.578726  0.480874  0.371091  0.501378  0.511703  0.457017  0.415740  0.301212  0.418301  0.474048  0.448261  0.512147  0.519572  0.519926  0.250925  0.321094  0.598634  0.557931  0.455833  0.207337  0.449297 0.0  0.168431  0.201745  0.445635  0.497531  0.319439  0.206419  0.811878  0.544927  0.136695  0.088016 
52  0.219254  0.320682  0.212784  0.454079  0.394541  0.466309  0.426307  0.392120  0.225245  0.365551  0.849212  0.869522  0.317821  0.414781  0.088016  0.406306  0.088016  0.140036  0.111782  0.205240  0.514430  0.394803  0.621400  0.538089  0.345673  0.408406  0.380092  0.750567  0.179105  0.568830  0.566708  0.419004  0.496991  0.580103  0.487976  0.413743  0.487129  0.404179  0.579164  0.623086  0.441892  0.553794  0.438025  0.466254  0.088016  0.364241  0.561763  0.427669  0.435791  0.219934  0.667674  0.168431 0.0  0.158434  0.609107  0.484320  0.206716  0.299369  0.727698  0.465210  0.106624  0.088016 
53  0.173740  0.600532  0.240339  0.438775  0.588935  0.504065  0.359754  0.509999  0.419432  0.499857  1.000000  0.946096  0.350548  0.571329  0.343293  0.523023  0.168278  0.160443  0.140112  0.291746  0.666083  0.577106  0.732661  0.545961  0.551170  0.641922  0.297009  0.903447  0.245813  0.563725  0.659995  0.615685  0.652721  0.641111  0.684877  0.552411  0.535561  0.603950  0.481621  0.675293  0.709928  0.745170  0.591407  0.698910  0.202296  0.164318  0.662156  0.687879  0.652031  0.175650  0.709029  0.201745  0.158434 0.0  0.628634  0.564761  0.360991  0.264953  0.836749  0.579653  0.192978  0.185718 
54  0.461569  0.540589  0.606066  0.644403  0.088016  0.730662  0.735148  0.797536  0.497261  0.239498  0.582550  0.660183  0.455655  0.104540  0.496217  0.447014  0.533523  0.537008  0.439547  0.497535  0.088016  0.140740  0.221043  0.143530  0.600904  0.106856  0.515212  0.496199  0.577209  0.219910  0.088016  0.144036  0.167608  0.193692  0.134376  0.171449  0.231227  0.292571  0.088016  0.185989  0.133299  0.171139  0.626493  0.183673  0.527068  0.572420  0.165728  0.088016  0.209781  0.559375  0.100206  0.445635  0.609107  0.628634 0.0  0.088016  0.579094  0.460925  0.369359  0.088016  0.389734  0.566900 
55  0.465349  0.418969  0.413974  0.559022  0.110902  0.750026  0.749391  0.659864  0.398849  0.213340  0.508539  0.598745  0.509089  0.136938  0.520567  0.541908  0.517950  0.473241  0.412552  0.454140  0.088016  0.099507  0.188819  0.140536  0.573960  0.181442  0.535891  0.511007  0.473567  0.138831  0.106882  0.195899  0.115221  0.088016  0.136249  0.167405  0.162870  0.120346  0.088016  0.190882  0.204827  0.088016  0.570244  0.121078  0.667426  0.605538  0.226785  0.181620  0.168162  0.520126  0.140416  0.497531  0.484320  0.564761  0.088016 0.0  0.529207  0.366443  0.280057  0.115861  0.509099  0.455425 
56  0.265448  0.316248  0.349373  0.166765  0.484738  0.346944  0.189360  0.475225  0.088016  0.423746  0.829697  0.683904  0.406277  0.506139  0.097688  0.317025  0.199740  0.313952  0.351424  0.125026  0.560044  0.506478  0.558233  0.501610  0.373937  0.405076  0.390312  0.661681  0.162524  0.539429  0.539206  0.477663  0.409722  0.405459  0.408769  0.489328  0.503988  0.532812  0.561893  0.384971  0.565166  0.525455  0.334131  0.517086  0.265524  0.409004  0.517741  0.530028  0.503850  0.088016  0.491864  0.319439  0.206716  0.360991  0.579094  0.529207 0.0  0.103865  0.629845  0.367100  0.125137  0.252485 
57  0.223409  0.506403  0.150840  0.309198  0.460839  0.411041  0.323571  0.301153  0.114479  0.416367  0.769723  0.855760  0.439099  0.465224  0.206932  0.312940  0.267766  0.218859  0.315502  0.199270  0.643063  0.514966  0.488786  0.474244  0.323425  0.497145  0.460812  0.709208  0.095186  0.443909  0.417119  0.568322  0.428295  0.532145  0.412570  0.429335  0.425207  0.486977  0.514059  0.521629  0.468455  0.617536  0.317514  0.505278  0.149388  0.480765  0.517352  0.555882  0.544966  0.165379  0.477931  0.206419  0.299369  0.264953  0.460925  0.366443  0.103865 0.0  0.724699  0.530846  0.136429  0.140176 
58  0.829154  0.591562  0.744638  0.799822  0.357719  0.911355  0.815135  0.804076  0.647793  0.504749  0.292083  0.288251  0.710305  0.339572  0.683495  0.638311  0.823642  0.761817  0.699105  0.563601  0.350216  0.457787  0.347585  0.305604  0.648495  0.383063  0.753549  0.397554  0.813747  0.398022  0.354646  0.366095  0.403704  0.412567  0.460944  0.380066  0.324374  0.395217  0.447008  0.535607  0.388293  0.317775  0.576983  0.355809  0.805148  0.887596  0.329038  0.247278  0.499032  0.731729  0.297504  0.811878  0.727698  0.836749  0.369359  0.280057  0.629845  0.724699 0.0  0.442380  0.689388  0.732525 
59  0.446869  0.384235  0.504002  0.469597  0.291120  0.598445  0.636250  0.445543  0.479450  0.288978  0.491627  0.458547  0.528639  0.101079  0.443002  0.417084  0.403458  0.382091  0.458725  0.422309  0.091098  0.102307  0.192129  0.099746  0.542790  0.088016  0.559397  0.645999  0.391965  0.123082  0.182528  0.088016  0.088016  0.089780  0.088016  0.131277  0.134633  0.088016  0.088016  0.088016  0.088016  0.150128  0.528648  0.107341  0.634961  0.586860  0.200584  0.117076  0.141926  0.623610  0.140398  0.544927  0.465210  0.579653  0.088016  0.115861  0.367100  0.530846  0.442380 0.0  0.441501  0.479237 
60  0.124222  0.546408  0.178094  0.462986  0.528570  0.346440  0.524246  0.556281  0.247949  0.347391  0.843486  0.856898  0.211904  0.405882  0.115318  0.446546  0.101410  0.130799  0.148304  0.088016  0.558428  0.460935  0.612868  0.564868  0.497189  0.499525  0.258634  0.714795  0.109506  0.472942  0.510347  0.487595  0.459279  0.514558  0.513635  0.430477  0.565872  0.449134  0.496925  0.490337  0.403813  0.525854  0.462943  0.552273  0.186482  0.122926  0.500488  0.483917  0.550680  0.236242  0.556164  0.136695  0.106624  0.192978  0.389734  0.509099  0.125137  0.136429  0.689388  0.441501 0.0  0.171270 
61  0.120915  0.529745  0.146225  0.547125  0.544266  0.589717  0.625288  0.488590  0.284053  0.331101  0.873581  0.804488  0.348312  0.466077  0.213435  0.352515  0.088016  0.088016  0.088016  0.181918  0.533495  0.354539  0.526782  0.427413  0.550081  0.589033  0.227328  0.790803  0.113845  0.424160  0.539292  0.422876  0.475728  0.505716  0.409708  0.439656  0.405281  0.512778  0.378365  0.467966  0.460791  0.572504  0.556257  0.583515  0.088016  0.088016  0.589188  0.556129  0.446846  0.216709  0.506482  0.088016  0.088016  0.185718  0.566900  0.455425  0.252485  0.140176  0.732525  0.479237  0.171270 0.0 
