62
0 0.0  0.492588  0.188032  0.500550  0.670180  0.401746  0.564418  0.616840  0.380530  0.451373  0.832955  0.946170  0.255353  0.445319  0.083243  0.441186  0.093179  0.181302  0.083243  0.083243  0.596497  0.370882  0.530399  0.505893  0.436992  0.489419  0.235383  0.792066  0.190133  0.531161  0.471566  0.535499  0.428063  0.571251  0.430367  0.429281  0.371931  0.443333  0.545004  0.533319  0.513265  0.538891  0.487713  0.531971  0.142115  0.262809  0.520757  0.449535  0.485968  0.276173  0.628583  0.156386  0.135068  0.158153  0.572338  0.457867  0.226522  0.189498  0.622515  0.531439  0.116217  0.119039 
1  0.492588 0.0  0.453854  0.236614  0.436757  0.314603  0.392065  0.232276  0.296253  0.416731  0.609153  0.489559  0.672584  0.423307  0.418378  0.187452  0.581105  0.482774  0.493865  0.509164  0.574456  0.551190  0.534483  0.450840  0.083243  0.441476  0.648741  0.461927  0.524573  0.489621  0.599595  0.502838  0.412835  0.496718  0.458428  0.505160  0.472669  0.434635  0.413003  0.496106  0.554112  0.574288  0.102225  0.533928  0.408467  0.648752  0.514770  0.589607  0.522714  0.359853  0.536557  0.486569  0.442655  0.476381  0.505510  0.507175  0.272373  0.260186  0.657347  0.472331  0.428423  0.600024 
2  0.188032  0.453854 0.0  0.446757  0.622110  0.339266  0.482147  0.419093  0.303751  0.457495  0.713556  0.842438  0.293912  0.377144  0.151415  0.337616  0.096256  0.083243  0.083243  0.083243  0.591262  0.484333  0.687469  0.423905  0.543641  0.575053  0.342172  0.798747  0.184281  0.356445  0.505999  0.447357  0.344629  0.474731  0.479067  0.532916  0.499833  0.439793  0.450919  0.439323  0.595481  0.672293  0.390836  0.421236  0.083243  0.370509  0.467032  0.515218  0.393469  0.242288  0.487684  0.131719  0.169299  0.303661  0.489802  0.554228  0.167733  0.118587  0.757988  0.436834  0.179363  0.106797 
3  0.500550  0.236614  0.446757 0.0  0.790761  0.213289  0.160660  0.315128  0.200658  0.490053  0.887622  0.758330  0.641060  0.544268  0.369423  0.102357  0.431043  0.468637  0.512901  0.325859  0.703826  0.608666  0.700808  0.632552  0.295596  0.535404  0.636959  0.641644  0.295449  0.504127  0.638066  0.565879  0.533839  0.577455  0.551912  0.632306  0.588428  0.647533  0.654002  0.515206  0.601410  0.622280  0.291943  0.739151  0.268369  0.451157  0.588479  0.696202  0.639066  0.267639  0.658579  0.377976  0.222132  0.546744  0.635454  0.569276  0.313011  0.227577  0.754022  0.569322  0.426235  0.390581 
4  0.670180  0.436757  0.622110  0.790761 0.0  0.799514  0.739000  0.802132  0.514764  0.326071  0.444772  0.603590  0.584823  0.292438  0.612886  0.400311  0.496271  0.593785  0.495791  0.449916  0.199917  0.083243  0.172016  0.132324  0.630220  0.083243  0.477027  0.614632  0.523921  0.201580  0.083243  0.126378  0.158415  0.185103  0.127089  0.122077  0.168177  0.089144  0.192544  0.132566  0.098780  0.083243  0.718812  0.120958  0.661341  0.629456  0.160555  0.183896  0.261175  0.623198  0.083243  0.552798  0.619198  0.629268  0.103939  0.143457  0.577901  0.586313  0.388986  0.103346  0.517695  0.609875 
5  0.401746  0.314603  0.339266  0.213289  0.799514 0.0  0.083243  0.167279  0.269599  0.527516  0.969430  0.824197  0.517475  0.644115  0.453906  0.303590  0.576010  0.454071  0.473664  0.442271  0.850879  0.735568  0.807755  0.542751  0.299453  0.721842  0.589558  0.734674  0.320214  0.627627  0.673709  0.730231  0.653412  0.749626  0.629974  0.669458  0.695174  0.615407  0.781160  0.680050  0.715761  0.706840  0.245078  0.736668  0.488695  0.550682  0.862086  0.838638  0.692294  0.277632  0.671264  0.385842  0.416865  0.368171  0.751221  0.833526  0.348698  0.378208  0.928734  0.748044  0.397337  0.443920 
6  0.564418  0.392065  0.482147  0.160660  0.739000  0.083243 0.0  0.091730  0.310699  0.585412  0.870908  0.924728  0.661733  0.717904  0.543499  0.304712  0.575103  0.514192  0.502927  0.419155  0.718643  0.620430  0.901199  0.743448  0.334522  0.686428  0.702041  0.647091  0.398256  0.600822  0.775432  0.707139  0.719613  0.676372  0.760563  0.726947  0.738811  0.663390  0.767191  0.702135  0.732634  0.745647  0.132475  0.624265  0.462257  0.599498  0.808373  0.776373  0.736843  0.200678  0.851473  0.511249  0.400043  0.486712  0.787819  0.712033  0.307793  0.398281  0.806912  0.533367  0.511043  0.535092 
7  0.616840  0.232276  0.419093  0.315128  0.802132  0.167279  0.091730 0.0  0.355716  0.485435  0.729402  0.758477  0.619578  0.555516  0.427386  0.274217  0.573468  0.483314  0.630920  0.510368  0.655904  0.814349  0.629319  0.626569  0.277932  0.731470  0.804044  0.641505  0.338541  0.657085  0.672063  0.653125  0.520607  0.578625  0.632972  0.694691  0.625657  0.608740  0.710184  0.799430  0.602642  0.751941  0.247678  0.755153  0.507752  0.640649  0.752251  0.727674  0.756041  0.588877  0.732973  0.506548  0.458377  0.614173  0.741443  0.758411  0.356276  0.357133  0.749394  0.721845  0.552140  0.431246 
8  0.380530  0.296253  0.303751  0.200658  0.514764  0.269599  0.310699  0.355716 0.0  0.451600  0.729426  0.757095  0.436811  0.495952  0.336313  0.261321  0.146687  0.328076  0.269551  0.147871  0.544291  0.372122  0.520797  0.627939  0.407948  0.384600  0.450109  0.563813  0.177782  0.515738  0.493034  0.440250  0.496156  0.395930  0.435124  0.467822  0.381590  0.476072  0.459277  0.464380  0.399234  0.572049  0.336525  0.449632  0.212260  0.346482  0.437519  0.447940  0.448269  0.303421  0.608169  0.236488  0.278420  0.356680  0.563718  0.528662  0.184652  0.102054  0.578376  0.426568  0.221975  0.191884 
9  0.451373  0.416731  0.457495  0.490053  0.326071  0.527516  0.585412  0.485435  0.451600 0.0  0.583111  0.727248  0.338694  0.106559  0.390216  0.399989  0.396388  0.312721  0.517887  0.374765  0.283324  0.222459  0.299562  0.297262  0.446363  0.275998  0.498407  0.518952  0.406630  0.225439  0.207488  0.083243  0.119634  0.083243  0.173408  0.212824  0.181854  0.169735  0.170300  0.104215  0.211282  0.119086  0.689815  0.198252  0.422832  0.544494  0.272667  0.225458  0.175002  0.567138  0.218968  0.330377  0.368779  0.483047  0.254052  0.222860  0.400000  0.423732  0.350951  0.179367  0.475344  0.366705 
10  0.832955  0.609153  0.713556  0.887622  0.444772  0.969430  0.870908  0.729402  0.729426  0.583111 0.0  0.128565  0.954661  0.464886  0.900126  0.655549  0.794056  0.780244  0.898001  0.653570  0.527611  0.507433  0.606969  0.544480  0.544018  0.527075  0.964207  0.269526  0.923362  0.514607  0.483706  0.581543  0.645722  0.638881  0.659221  0.653181  0.499933  0.585810  0.470706  0.475786  0.501986  0.541357  0.603217  0.521914  0.985962  0.992475  0.479442  0.570691  0.579470  0.800054  0.526692  0.814461  0.886463  0.897611  0.467514  0.424514  0.820937  0.749659  0.403899  0.621555  0.905265  0.832305 
11  0.946170  0.489559  0.842438  0.758330  0.603590  0.824197  0.924728  0.758477  0.757095  0.727248  0.128565 0.0  0.970905  0.554062  0.887334  0.682624  0.884898  0.884767  0.838111  0.874270  0.468960  0.432719  0.557046  0.505129  0.601252  0.495385  0.984467  0.195286  0.855897  0.601325  0.453202  0.508600  0.642317  0.614165  0.450186  0.631758  0.620441  0.607308  0.511302  0.660045  0.546249  0.590681  0.709982  0.480584  0.767258  0.995224  0.618309  0.558365  0.607805  0.780607  0.589693  0.936728  0.856183  0.999670  0.427263  0.606539  0.797107  0.776282  0.422221  0.642110  0.834732  0.818580 
12  0.255353  0.672584  0.293912  0.641060  0.584823  0.517475  0.661733  0.619578  0.436811  0.338694  0.954661  0.970905 0.0  0.543051  0.402090  0.678606  0.274022  0.262124  0.326010  0.411780  0.565253  0.519602  0.615393  0.491816  0.711392  0.437787  0.204316  0.945801  0.510244  0.494366  0.538505  0.532621  0.527746  0.606975  0.515770  0.535752  0.512705  0.424954  0.469547  0.564430  0.448948  0.567540  0.703620  0.605546  0.327818  0.124040  0.570886  0.521354  0.531821  0.418405  0.581696  0.386019  0.290233  0.261781  0.551230  0.526692  0.472237  0.342852  0.893247  0.477610  0.323478  0.229938 
13  0.445319  0.423307  0.377144  0.544268  0.292438  0.644115  0.717904  0.555516  0.495952  0.106559  0.464886  0.554062  0.543051 0.0  0.422609  0.425928  0.451709  0.532075  0.467074  0.359148  0.097570  0.083243  0.169377  0.083243  0.571752  0.163080  0.545511  0.456379  0.509661  0.089490  0.083243  0.104743  0.083243  0.284791  0.085037  0.145621  0.108171  0.134829  0.083243  0.088128  0.083243  0.291052  0.439666  0.097359  0.545992  0.546465  0.140387  0.141999  0.083243  0.552162  0.183912  0.503429  0.533074  0.675077  0.083243  0.084660  0.464001  0.504033  0.357218  0.130981  0.474629  0.462232 
14  0.083243  0.418378  0.151415  0.369423  0.612886  0.453906  0.543499  0.427386  0.336313  0.390216  0.900126  0.887334  0.402090  0.422609 0.0  0.320001  0.083243  0.128758  0.083243  0.083243  0.615381  0.528566  0.538702  0.459612  0.599605  0.520012  0.276901  0.770206  0.277986  0.450967  0.648812  0.487811  0.495003  0.509057  0.533912  0.337055  0.265259  0.454191  0.544946  0.540830  0.513311  0.538436  0.505618  0.619175  0.178065  0.291074  0.547421  0.576161  0.596706  0.113330  0.621147  0.100465  0.134414  0.155925  0.584434  0.509335  0.275233  0.198407  0.793135  0.478451  0.134152  0.124213 
15  0.441186  0.187452  0.337616  0.102357  0.400311  0.303590  0.304712  0.274217  0.261321  0.399989  0.655549  0.682624  0.678606  0.425928  0.320001 0.0  0.363019  0.383578  0.292270  0.428057  0.505595  0.557987  0.617270  0.401556  0.155825  0.498423  0.605151  0.504232  0.273421  0.399865  0.548918  0.363425  0.454442  0.453450  0.391279  0.368067  0.413529  0.500162  0.552204  0.416964  0.452446  0.613235  0.197040  0.545115  0.480593  0.551982  0.537692  0.587351  0.432592  0.353508  0.529744  0.475456  0.507517  0.438294  0.453100  0.487561  0.363906  0.267233  0.601576  0.414735  0.517413  0.546852 
16  0.093179  0.581105  0.096256  0.431043  0.496271  0.576010  0.575103  0.573468  0.146687  0.396388  0.794056  0.884898  0.274022  0.451709  0.083243  0.363019 0.0  0.136204  0.131610  0.083243  0.565360  0.447191  0.559332  0.413446  0.614874  0.484472  0.334713  0.777452  0.197698  0.393690  0.446935  0.362054  0.476157  0.624003  0.468442  0.467432  0.581276  0.477662  0.479703  0.431548  0.314293  0.516113  0.420828  0.523576  0.137118  0.159428  0.426271  0.564405  0.604733  0.173022  0.430466  0.083243  0.132282  0.108456  0.613884  0.430575  0.209549  0.341239  0.775255  0.427176  0.158106  0.083243 
17  0.181302  0.482774  0.083243  0.468637  0.593785  0.454071  0.514192  0.483314  0.328076  0.312721  0.780244  0.884767  0.262124  0.532075  0.128758  0.383578  0.136204 0.0  0.083243  0.238118  0.462385  0.475641  0.675549  0.458695  0.650294  0.502904  0.299571  0.677464  0.195472  0.493791  0.470740  0.503141  0.422905  0.473765  0.493489  0.400734  0.422044  0.530983  0.334610  0.330497  0.441195  0.608135  0.480109  0.606346  0.143781  0.156892  0.619953  0.506871  0.480092  0.193802  0.527893  0.159653  0.088385  0.282165  0.589181  0.427319  0.385995  0.176292  0.716304  0.487863  0.147514  0.083243 
18  0.083243  0.493865  0.083243  0.512901  0.495791  0.473664  0.502927  0.630920  0.269551  0.517887  0.898001  0.838111  0.326010  0.467074  0.083243  0.292270  0.131610  0.083243 0.0  0.083243  0.562797  0.462657  0.718607  0.422291  0.482797  0.480227  0.357537  0.839334  0.170571  0.420907  0.508046  0.521815  0.442544  0.423995  0.412620  0.490876  0.473592  0.445562  0.522336  0.560619  0.514156  0.713591  0.543566  0.534602  0.225570  0.315975  0.489642  0.491196  0.522957  0.136907  0.575107  0.121548  0.200225  0.303239  0.470526  0.548194  0.199148  0.191315  0.779178  0.429798  0.083243  0.083243 
19  0.083243  0.509164  0.083243  0.325859  0.449916  0.442271  0.419155  0.510368  0.147871  0.374765  0.653570  0.874270  0.411780  0.359148  0.083243  0.428057  0.083243  0.238118  0.083243 0.0  0.556001  0.488513  0.521575  0.431197  0.415045  0.432679  0.223657  0.714029  0.220634  0.431415  0.544431  0.519983  0.329137  0.395082  0.446782  0.491941  0.373052  0.464958  0.492725  0.492372  0.462329  0.501185  0.498193  0.532069  0.121336  0.321176  0.443178  0.473625  0.444718  0.291583  0.397477  0.139497  0.102844  0.304759  0.495381  0.507006  0.207194  0.327537  0.678680  0.510389  0.092540  0.083243 
20  0.596497  0.574456  0.591262  0.703826  0.199917  0.850879  0.718643  0.655904  0.544291  0.283324  0.527611  0.468960  0.565253  0.097570  0.615381  0.505595  0.565360  0.462385  0.562797  0.556001 0.0  0.138234  0.338827  0.083243  0.638594  0.128656  0.462497  0.625070  0.491464  0.161203  0.083243  0.154893  0.167501  0.269294  0.246843  0.348920  0.298042  0.191094  0.096987  0.221644  0.189089  0.183434  0.608231  0.123223  0.578489  0.596675  0.083243  0.107139  0.164785  0.644615  0.112262  0.452662  0.484371  0.652454  0.141820  0.083243  0.463258  0.589888  0.250528  0.201370  0.482685  0.530275 
21  0.370882  0.551190  0.484333  0.608666  0.083243  0.735568  0.620430  0.814349  0.372122  0.222459  0.507433  0.432719  0.519602  0.083243  0.528566  0.557987  0.447191  0.475641  0.462657  0.488513  0.138234 0.0  0.199052  0.227472  0.390145  0.101188  0.539088  0.555437  0.510787  0.226529  0.083243  0.150078  0.240634  0.084341  0.083243  0.119557  0.152113  0.147423  0.083287  0.083243  0.149033  0.094752  0.426347  0.083243  0.513980  0.528517  0.083243  0.115347  0.083243  0.597128  0.108758  0.462007  0.444691  0.642916  0.083243  0.162713  0.455243  0.545044  0.390076  0.083243  0.481366  0.419167 
22  0.530399  0.534483  0.687469  0.700808  0.172016  0.807755  0.901199  0.629319  0.520797  0.299562  0.606969  0.557046  0.615393  0.169377  0.538702  0.617270  0.559332  0.675549  0.718607  0.521575  0.338827  0.199052 0.0  0.215137  0.610748  0.224911  0.678482  0.466338  0.531162  0.266342  0.194291  0.147928  0.153582  0.162501  0.286534  0.193723  0.299273  0.234013  0.287370  0.225480  0.083243  0.133941  0.600184  0.205261  0.705085  0.690169  0.083652  0.083243  0.184672  0.713905  0.218404  0.640952  0.618482  0.815612  0.145491  0.162467  0.603214  0.742877  0.299986  0.257606  0.567006  0.543135 
23  0.505893  0.450840  0.423905  0.632552  0.132324  0.542751  0.743448  0.626569  0.627939  0.297262  0.544480  0.505129  0.491816  0.083243  0.459612  0.401556  0.413446  0.458695  0.422291  0.431197  0.083243  0.227472  0.215137 0.0  0.555770  0.083243  0.525506  0.409376  0.544980  0.165625  0.083878  0.142046  0.169969  0.142610  0.083243  0.138640  0.144381  0.099320  0.083243  0.083243  0.241343  0.180691  0.657724  0.083243  0.482744  0.604150  0.160582  0.141011  0.083243  0.583503  0.213601  0.619157  0.410615  0.620094  0.083243  0.099691  0.629391  0.509454  0.423059  0.083243  0.516063  0.430631 
24  0.436992  0.083243  0.543641  0.295596  0.630220  0.299453  0.334522  0.277932  0.407948  0.446363  0.544018  0.601252  0.711392  0.571752  0.599605  0.155825  0.614874  0.650294  0.482797  0.415045  0.638594  0.390145  0.610748  0.555770 0.0  0.584689  0.597750  0.547059  0.433643  0.637436  0.570262  0.512914  0.540447  0.523982  0.591015  0.509083  0.484028  0.568499  0.546980  0.540271  0.379886  0.635210  0.083243  0.421955  0.476855  0.656589  0.721991  0.600389  0.444919  0.391732  0.549691  0.545575  0.384690  0.570514  0.579215  0.662116  0.346909  0.365607  0.677393  0.651991  0.475841  0.467089 
25  0.489419  0.441476  0.575053  0.535404  0.083243  0.721842  0.686428  0.731470  0.384600  0.275998  0.527075  0.495385  0.437787  0.163080  0.520012  0.498423  0.484472  0.502904  0.480227  0.432679  0.128656  0.101188  0.224911  0.083243  0.584689 0.0  0.462915  0.504461  0.615257  0.114729  0.210961  0.083243  0.181286  0.098066  0.202012  0.083243  0.083243  0.083243  0.191799  0.083243  0.083243  0.242735  0.650681  0.210774  0.524750  0.477798  0.116690  0.188716  0.083243  0.643715  0.218119  0.512098  0.506049  0.670874  0.222908  0.083243  0.368238  0.431196  0.259060  0.153382  0.531111  0.526493 
26  0.235383  0.648741  0.342172  0.636959  0.477027  0.589558  0.702041  0.804044  0.450109  0.498407  0.964207  0.984467  0.204316  0.545511  0.276901  0.605151  0.334713  0.299571  0.357537  0.223657  0.462497  0.539088  0.678482  0.525506  0.597750  0.462915 0.0  0.861448  0.317306  0.566524  0.522220  0.546076  0.436998  0.522489  0.408990  0.612341  0.522536  0.381843  0.538202  0.600151  0.517541  0.507603  0.663650  0.580236  0.346951  0.173929  0.492191  0.624262  0.489201  0.356139  0.620202  0.329038  0.313857  0.325523  0.530450  0.601661  0.243284  0.409709  0.816005  0.519499  0.269147  0.220790 
27  0.792066  0.461927  0.798747  0.641644  0.614632  0.734674  0.647091  0.641505  0.563813  0.518952  0.269526  0.195286  0.945801  0.456379  0.770206  0.504232  0.777452  0.677464  0.839334  0.714029  0.625070  0.555437  0.466338  0.409376  0.547059  0.504461  0.861448 0.0  0.624164  0.550019  0.668185  0.551799  0.510256  0.558728  0.641308  0.549126  0.485418  0.495151  0.579271  0.511425  0.529681  0.534184  0.481180  0.404684  0.818136  0.976628  0.509234  0.582766  0.437890  0.756382  0.534147  0.827917  0.673722  1.000000  0.519085  0.516974  0.805876  0.766284  0.353320  0.518819  0.810558  0.819477 
28  0.190133  0.524573  0.184281  0.295449  0.523921  0.320214  0.398256  0.338541  0.177782  0.406630  0.923362  0.855897  0.510244  0.509661  0.277986  0.273421  0.197698  0.195472  0.170571  0.220634  0.491464  0.510787  0.531162  0.544980  0.433643  0.615257  0.317306  0.624164 0.0  0.401808  0.454219  0.446236  0.532035  0.502278  0.405485  0.432164  0.467934  0.510143  0.606967  0.484827  0.419730  0.583568  0.488980  0.413721  0.185930  0.314364  0.425090  0.455818  0.379792  0.186462  0.541455  0.111155  0.083243  0.175205  0.576970  0.422528  0.137028  0.083243  0.781457  0.460470  0.092591  0.133230 
29  0.531161  0.489621  0.356445  0.504127  0.201580  0.627627  0.600822  0.657085  0.515738  0.225439  0.514607  0.601325  0.494366  0.089490  0.450967  0.399865  0.393690  0.493791  0.420907  0.431415  0.161203  0.226529  0.266342  0.165625  0.637436  0.114729  0.566524  0.550019  0.401808 0.0  0.083243  0.155536  0.083243  0.162670  0.152618  0.144979  0.083653  0.083243  0.083243  0.083243  0.083243  0.123333  0.535661  0.261310  0.500164  0.662706  0.146940  0.114232  0.087411  0.528930  0.135302  0.450908  0.435212  0.612495  0.100560  0.183427  0.446565  0.466329  0.428462  0.149028  0.538954  0.482875 
30  0.471566  0.599595  0.505999  0.638066  0.083243  0.673709  0.775432  0.672063  0.493034  0.207488  0.483706  0.453202  0.538505  0.083243  0.648812  0.548918  0.446935  0.470740  0.508046  0.544431  0.083243  0.083243  0.194291  0.083878  0.570262  0.210961  0.522220  0.668185  0.454219  0.083243 0.0  0.253434  0.177068  0.120784  0.102885  0.207603  0.083243  0.092511  0.091934  0.098455  0.083243  0.248676  0.536199  0.153402  0.566438  0.625782  0.114686  0.168405  0.100831  0.646224  0.083243  0.532985  0.558301  0.634591  0.143817  0.092529  0.576575  0.571642  0.331863  0.083243  0.577536  0.507281 
31  0.535499  0.502838  0.447357  0.565879  0.126378  0.730231  0.707139  0.653125  0.440250  0.083243  0.581543  0.508600  0.532621  0.104743  0.487811  0.363425  0.362054  0.503141  0.521815  0.519983  0.154893  0.150078  0.147928  0.142046  0.512914  0.083243  0.546076  0.551799  0.446236  0.155536  0.253434 0.0  0.083243  0.112488  0.166837  0.153915  0.118041  0.103062  0.102781  0.083243  0.122392  0.167650  0.527993  0.127396  0.478351  0.542156  0.169364  0.256589  0.126578  0.537176  0.119849  0.546768  0.456673  0.666279  0.183779  0.142921  0.436275  0.562119  0.281915  0.214449  0.400615  0.545634 
32  0.428063  0.412835  0.344629  0.533839  0.158415  0.653412  0.719613  0.520607  0.496156  0.119634  0.645722  0.642317  0.527746  0.083243  0.495003  0.454442  0.476157  0.422905  0.442544  0.329137  0.167501  0.240634  0.153582  0.169969  0.540447  0.181286  0.436998  0.510256  0.532035  0.083243  0.177068  0.083243 0.0  0.174276  0.083243  0.148732  0.237192  0.083243  0.171119  0.238284  0.164387  0.106522  0.654220  0.124572  0.524812  0.519524  0.195074  0.104121  0.156178  0.594427  0.149394  0.423673  0.431633  0.599954  0.254318  0.101143  0.443460  0.528882  0.438440  0.083243  0.382617  0.382211 
33  0.571251  0.496718  0.474731  0.577455  0.185103  0.749626  0.676372  0.578625  0.395930  0.083243  0.638881  0.614165  0.606975  0.284791  0.509057  0.453450  0.624003  0.473765  0.423995  0.395082  0.269294  0.084341  0.162501  0.142610  0.523982  0.098066  0.522489  0.558728  0.502278  0.162670  0.120784  0.112488  0.174276 0.0  0.083243  0.180264  0.147597  0.083243  0.093526  0.190034  0.155119  0.110680  0.482522  0.182614  0.514276  0.593401  0.154377  0.132663  0.083243  0.484577  0.184653  0.446381  0.521545  0.622520  0.201824  0.168356  0.408164  0.500812  0.369159  0.111770  0.527812  0.509911 
34  0.430367  0.458428  0.479067  0.551912  0.127089  0.629974  0.760563  0.632972  0.435124  0.173408  0.659221  0.450186  0.515770  0.085037  0.533912  0.391279  0.468442  0.493489  0.412620  0.446782  0.246843  0.083243  0.286534  0.083243  0.591015  0.202012  0.408990  0.641308  0.405485  0.152618  0.102885  0.166837  0.083243  0.083243 0.0  0.090964  0.129846  0.129924  0.205889  0.125355  0.105296  0.256516  0.566216  0.163316  0.583671  0.663294  0.181631  0.214229  0.145080  0.483235  0.127762  0.467605  0.558306  0.567473  0.168048  0.203634  0.492438  0.405643  0.431876  0.201251  0.485961  0.415449 
35  0.429281  0.505160  0.532916  0.632306  0.122077  0.669458  0.726947  0.694691  0.467822  0.212824  0.653181  0.631758  0.535752  0.145621  0.337055  0.368067  0.467432  0.400734  0.490876  0.491941  0.348920  0.119557  0.193723  0.138640  0.509083  0.083243  0.612341  0.549126  0.432164  0.144979  0.207603  0.153915  0.148732  0.180264  0.090964 0.0  0.083243  0.108657  0.083243  0.131796  0.169236  0.256964  0.506222  0.090453  0.514507  0.505616  0.204156  0.195600  0.083243  0.438697  0.135523  0.516589  0.395332  0.764932  0.182158  0.108176  0.503711  0.390655  0.349005  0.193215  0.441575  0.531162 
36  0.371931  0.472669  0.499833  0.588428  0.168177  0.695174  0.738811  0.625657  0.381590  0.181854  0.499933  0.620441  0.512705  0.108171  0.265259  0.413529  0.581276  0.422044  0.473592  0.373052  0.298042  0.152113  0.299273  0.144381  0.484028  0.083243  0.522536  0.485418  0.467934  0.083653  0.083243  0.118041  0.237192  0.147597  0.129846  0.083243 0.0  0.104045  0.107133  0.083243  0.083243  0.283582  0.560178  0.177659  0.564398  0.583192  0.146110  0.150458  0.083243  0.442797  0.211557  0.471893  0.468703  0.598848  0.101631  0.229153  0.550071  0.442239  0.317713  0.085759  0.479107  0.583905 
37  0.443333  0.434635  0.439793  0.647533  0.089144  0.615407  0.663390  0.608740  0.476072  0.169735  0.585810  0.607308  0.424954  0.134829  0.454191  0.500162  0.477662  0.530983  0.445562  0.464958  0.191094  0.147423  0.234013  0.099320  0.568499  0.083243  0.381843  0.495151  0.510143  0.083243  0.092511  0.103062  0.083243  0.083243  0.129924  0.108657  0.104045 0.0  0.090699  0.142094  0.108331  0.133954  0.541977  0.083879  0.454499  0.565126  0.172770  0.193130  0.142094  0.451238  0.083243  0.465510  0.437193  0.636787  0.163748  0.168513  0.510484  0.553836  0.420402  0.083243  0.401507  0.526064 
38  0.545004  0.413003  0.450919  0.654002  0.192544  0.781160  0.767191  0.710184  0.459277  0.170300  0.470706  0.511302  0.469547  0.083243  0.544946  0.552204  0.479703  0.334610  0.522336  0.492725  0.096987  0.083287  0.287370  0.083243  0.546980  0.191799  0.538202  0.579271  0.606967  0.083243  0.091934  0.102781  0.171119  0.093526  0.205889  0.083243  0.107133  0.090699 0.0  0.083243  0.134007  0.168693  0.504259  0.146411  0.570650  0.511987  0.121378  0.154283  0.083243  0.591588  0.183308  0.511395  0.527211  0.641589  0.151638  0.083243  0.420151  0.546829  0.504392  0.083243  0.514146  0.462953 
39  0.533319  0.496106  0.439323  0.515206  0.132566  0.680050  0.702135  0.799430  0.464380  0.104215  0.475786  0.660045  0.564430  0.088128  0.540830  0.416964  0.431548  0.330497  0.560619  0.492372  0.221644  0.083243  0.225480  0.083243  0.540271  0.083243  0.600151  0.511425  0.484827  0.083243  0.098455  0.083243  0.238284  0.190034  0.125355  0.131796  0.083243  0.142094  0.083243 0.0  0.111099  0.157129  0.602489  0.139176  0.539580  0.602183  0.086211  0.213872  0.125489  0.448739  0.229478  0.510120  0.411418  0.598334  0.083243  0.083243  0.491872  0.486714  0.438714  0.157513  0.487373  0.509273 
40  0.513265  0.554112  0.595481  0.601410  0.098780  0.715761  0.732634  0.602642  0.399234  0.211282  0.501986  0.546249  0.448948  0.083243  0.513311  0.452446  0.314293  0.441195  0.514156  0.462329  0.189089  0.149033  0.083243  0.241343  0.379886  0.083243  0.517541  0.529681  0.419730  0.083243  0.083243  0.122392  0.164387  0.155119  0.105296  0.169236  0.083243  0.108331  0.134007  0.111099 0.0  0.124547  0.580735  0.091546  0.563932  0.566110  0.177783  0.129844  0.083243  0.700248  0.129457  0.481796  0.517610  0.661906  0.089016  0.083243  0.521975  0.495220  0.429468  0.083723  0.463982  0.559479 
41  0.538891  0.574288  0.672293  0.622280  0.083243  0.706840  0.745647  0.751941  0.572049  0.119086  0.541357  0.590681  0.567540  0.291052  0.538436  0.613235  0.516113  0.608135  0.713591  0.501185  0.183434  0.094752  0.133941  0.180691  0.635210  0.242735  0.507603  0.534184  0.583568  0.123333  0.248676  0.167650  0.106522  0.110680  0.256516  0.256964  0.283582  0.133954  0.168693  0.157129  0.124547 0.0  0.666509  0.218872  0.534120  0.658028  0.083243  0.112859  0.115584  0.609435  0.182611  0.584442  0.486619  0.661004  0.099463  0.159494  0.650147  0.515452  0.289597  0.210484  0.535125  0.637092 
42  0.487713  0.102225  0.390836  0.291943  0.718812  0.245078  0.132475  0.247678  0.336525  0.689815  0.603217  0.709982  0.703620  0.439666  0.505618  0.197040  0.420828  0.480109  0.543566  0.498193  0.608231  0.426347  0.600184  0.657724  0.083243  0.650681  0.663650  0.481180  0.488980  0.535661  0.536199  0.527993  0.654220  0.482522  0.566216  0.506222  0.560178  0.541977  0.504259  0.602489  0.580735  0.666509 0.0  0.589445  0.381384  0.546583  0.627338  0.640474  0.610307  0.574838  0.641581  0.571807  0.464449  0.517872  0.637326  0.555557  0.362504  0.404271  0.716199  0.583152  0.397497  0.533709 
43  0.531971  0.533928  0.421236  0.739151  0.120958  0.736668  0.624265  0.755153  0.449632  0.198252  0.521914  0.480584  0.605546  0.097359  0.619175  0.545115  0.523576  0.606346  0.534602  0.532069  0.123223  0.083243  0.205261  0.083243  0.421955  0.210774  0.580236  0.404684  0.413721  0.261310  0.153402  0.127396  0.124572  0.182614  0.163316  0.090453  0.177659  0.083879  0.146411  0.139176  0.091546  0.218872  0.589445 0.0  0.532177  0.659656  0.083243  0.083243  0.218306  0.654672  0.095877  0.555641  0.563654  0.594687  0.083243  0.094317  0.529358  0.555409  0.365473  0.123385  0.433038  0.511328 
44  0.142115  0.408467  0.083243  0.268369  0.661341  0.488695  0.462257  0.507752  0.212260  0.422832  0.985962  0.767258  0.327818  0.545992  0.178065  0.480593  0.137118  0.143781  0.225570  0.121336  0.578489  0.513980  0.705085  0.482744  0.476855  0.524750  0.346951  0.818136  0.185930  0.500164  0.566438  0.478351  0.524812  0.514276  0.583671  0.514507  0.564398  0.454499  0.570650  0.539580  0.563932  0.534120  0.381384  0.532177 0.0  0.394993  0.561209  0.568683  0.519225  0.181511  0.660606  0.151200  0.187948  0.170447  0.601885  0.545578  0.350454  0.240698  0.753813  0.461917  0.117411  0.085566 
45  0.262809  0.648752  0.370509  0.451157  0.629456  0.550682  0.599498  0.640649  0.346482  0.544494  0.992475  0.995224  0.124040  0.546465  0.291074  0.551982  0.159428  0.156892  0.315975  0.321176  0.596675  0.528517  0.690169  0.604150  0.656589  0.477798  0.173929  0.976628  0.314364  0.662706  0.625782  0.542156  0.519524  0.593401  0.663294  0.505616  0.583192  0.565126  0.511987  0.602183  0.566110  0.658028  0.546583  0.659656  0.394993 0.0  0.588539  0.659875  0.598466  0.233469  0.653643  0.217787  0.322662  0.150869  0.584874  0.666055  0.473892  0.431314  0.859878  0.645453  0.226384  0.264987 
46  0.520757  0.514770  0.467032  0.588479  0.160555  0.862086  0.808373  0.752251  0.437519  0.272667  0.479442  0.618309  0.570886  0.140387  0.547421  0.537692  0.426271  0.619953  0.489642  0.443178  0.083243  0.083243  0.083652  0.160582  0.721991  0.116690  0.492191  0.509234  0.425090  0.146940  0.114686  0.169364  0.195074  0.154377  0.181631  0.204156  0.146110  0.172770  0.121378  0.086211  0.177783  0.083243  0.627338  0.083243  0.561209  0.588539 0.0  0.152480  0.297803  0.702578  0.243063  0.655927  0.601787  0.668578  0.168597  0.083243  0.658749  0.501547  0.281927  0.135064  0.576013  0.489759 
47  0.449535  0.589607  0.515218  0.696202  0.183896  0.838638  0.776373  0.727674  0.447940  0.225458  0.570691  0.558365  0.521354  0.141999  0.576161  0.587351  0.564405  0.506871  0.491196  0.473625  0.107139  0.115347  0.083243  0.141011  0.600389  0.188716  0.624262  0.582766  0.455818  0.114232  0.168405  0.256589  0.104121  0.132663  0.214229  0.195600  0.150458  0.193130  0.154283  0.213872  0.129844  0.112859  0.640474  0.083243  0.568683  0.659875  0.152480 0.0  0.083243  0.695050  0.083243  0.562066  0.608766  0.590531  0.083243  0.083243  0.549046  0.569819  0.433744  0.083243  0.473400  0.500579 
48  0.485968  0.522714  0.393469  0.639066  0.261175  0.692294  0.736843  0.756041  0.448269  0.175002  0.579470  0.607805  0.531821  0.083243  0.596706  0.432592  0.604733  0.480092  0.522957  0.444718  0.164785  0.083243  0.184672  0.083243  0.444919  0.083243  0.489201  0.437890  0.379792  0.087411  0.100831  0.126578  0.156178  0.083243  0.145080  0.083243  0.083243  0.142094  0.083243  0.125489  0.083243  0.115584  0.610307  0.218306  0.519225  0.598466  0.297803  0.083243 0.0  0.536115  0.150140  0.339754  0.520738  0.603415  0.090264  0.167216  0.505504  0.407148  0.316348  0.110827  0.436477  0.438704 
49  0.276173  0.359853  0.242288  0.267639  0.623198  0.277632  0.200678  0.588877  0.303421  0.567138  0.800054  0.780607  0.418405  0.552162  0.113330  0.353508  0.173022  0.193802  0.136907  0.291583  0.644615  0.597128  0.713905  0.583503  0.391732  0.643715  0.356139  0.756382  0.186462  0.528930  0.646224  0.537176  0.594427  0.484577  0.483235  0.438697  0.442797  0.451238  0.591588  0.448739  0.700248  0.609435  0.574838  0.654672  0.181511  0.233469  0.702578  0.695050  0.536115 0.0  0.691639  0.175803  0.156354  0.348571  0.639711  0.632820  0.112697  0.110524  0.731548  0.514535  0.200944  0.216259 
50  0.628583  0.536557  0.487684  0.658579  0.083243  0.671264  0.851473  0.732973  0.608169  0.218968  0.526692  0.589693  0.581696  0.183912  0.621147  0.529744  0.430466  0.527893  0.575107  0.397477  0.112262  0.108758  0.218404  0.213601  0.549691  0.218119  0.620202  0.534147  0.541455  0.135302  0.083243  0.119849  0.149394  0.184653  0.127762  0.135523  0.211557  0.083243  0.183308  0.229478  0.129457  0.182611  0.641581  0.095877  0.660606  0.653643  0.243063  0.083243  0.150140  0.691639 0.0  0.541846  0.585494  0.566294  0.083243  0.083243  0.505230  0.543164  0.270181  0.153277  0.616471  0.541138 
51  0.156386  0.486569  0.131719  0.377976  0.552798  0.385842  0.511249  0.506548  0.236488  0.330377  0.814461  0.936728  0.386019  0.503429  0.100465  0.475456  0.083243  0.159653  0.121548  0.139497  0.452662  0.462007  0.640952  0.619157  0.545575  0.512098  0.329038  0.827917  0.111155  0.450908  0.532985  0.546768  0.423673  0.446381  0.467605  0.516589  0.471893  0.465510  0.511395  0.510120  0.481796  0.584442  0.571807  0.555641  0.151200  0.217787  0.655927  0.562066  0.339754  0.175803  0.541846 0.0  0.093769  0.218834  0.486697  0.569970  0.304322  0.171871  0.734898  0.560994  0.130131  0.126294 
52  0.135068  0.442655  0.169299  0.222132  0.619198  0.416865  0.400043  0.458377  0.278420  0.368779  0.886463  0.856183  0.290233  0.533074  0.134414  0.507517  0.132282  0.088385  0.200225  0.102844  0.484371  0.444691  0.618482  0.410615  0.384690  0.506049  0.313857  0.673722  0.083243  0.435212  0.558301  0.456673  0.431633  0.521545  0.558306  0.395332  0.468703  0.437193  0.527211  0.411418  0.517610  0.486619  0.464449  0.563654  0.187948  0.322662  0.601787  0.608766  0.520738  0.156354  0.585494  0.093769 0.0  0.207860  0.476875  0.513571  0.170190  0.193582  0.782396  0.496335  0.083243  0.157602 
53  0.158153  0.476381  0.303661  0.546744  0.629268  0.368171  0.486712  0.614173  0.356680  0.483047  0.897611  0.999670  0.261781  0.675077  0.155925  0.438294  0.108456  0.282165  0.303239  0.304759  0.652454  0.642916  0.815612  0.620094  0.570514  0.670874  0.325523  1.000000  0.175205  0.612495  0.634591  0.666279  0.599954  0.622520  0.567473  0.764932  0.598848  0.636787  0.641589  0.598334  0.661906  0.661004  0.517872  0.594687  0.170447  0.150869  0.668578  0.590531  0.603415  0.348571  0.566294  0.218834  0.207860 0.0  0.570583  0.683641  0.346629  0.384155  0.959119  0.654162  0.219193  0.199009 
54  0.572338  0.505510  0.489802  0.635454  0.103939  0.751221  0.787819  0.741443  0.563718  0.254052  0.467514  0.427263  0.551230  0.083243  0.584434  0.453100  0.613884  0.589181  0.470526  0.495381  0.141820  0.083243  0.145491  0.083243  0.579215  0.222908  0.530450  0.519085  0.576970  0.100560  0.143817  0.183779  0.254318  0.201824  0.168048  0.182158  0.101631  0.163748  0.151638  0.083243  0.089016  0.099463  0.637326  0.083243  0.601885  0.584874  0.168597  0.083243  0.090264  0.639711  0.083243  0.486697  0.476875  0.570583 0.0  0.083243  0.481731  0.540395  0.361098  0.213794  0.566459  0.563217 
55  0.457867  0.507175  0.554228  0.569276  0.143457  0.833526  0.712033  0.758411  0.528662  0.222860  0.424514  0.606539  0.526692  0.084660  0.509335  0.487561  0.430575  0.427319  0.548194  0.507006  0.083243  0.162713  0.162467  0.099691  0.662116  0.083243  0.601661  0.516974  0.422528  0.183427  0.092529  0.142921  0.101143  0.168356  0.203634  0.108176  0.229153  0.168513  0.083243  0.083243  0.083243  0.159494  0.555557  0.094317  0.545578  0.666055  0.083243  0.083243  0.167216  0.632820  0.083243  0.569970  0.513571  0.683641  0.083243 0.0  0.499692  0.488736  0.296418  0.221876  0.612780  0.485524 
56  0.226522  0.272373  0.167733  0.313011  0.577901  0.348698  0.307793  0.356276  0.184652  0.400000  0.820937  0.797107  0.472237  0.464001  0.275233  0.363906  0.209549  0.385995  0.199148  0.207194  0.463258  0.455243  0.603214  0.629391  0.346909  0.368238  0.243284  0.805876  0.137028  0.446565  0.576575  0.436275  0.443460  0.408164  0.492438  0.503711  0.550071  0.510484  0.420151  0.491872  0.521975  0.650147  0.362504  0.529358  0.350454  0.473892  0.658749  0.549046  0.505504  0.112697  0.505230  0.304322  0.170190  0.346629  0.481731  0.499692 0.0  0.141370  0.695608  0.560104  0.210279  0.243637 
57  0.189498  0.260186  0.118587  0.227577  0.586313  0.378208  0.398281  0.357133  0.102054  0.423732  0.749659  0.776282  0.342852  0.504033  0.198407  0.267233  0.341239  0.176292  0.191315  0.327537  0.589888  0.545044  0.742877  0.509454  0.365607  0.431196  0.409709  0.766284  0.083243  0.466329  0.571642  0.562119  0.528882  0.500812  0.405643  0.390655  0.442239  0.553836  0.546829  0.486714  0.495220  0.515452  0.404271  0.555409  0.240698  0.431314  0.501547  0.569819  0.407148  0.110524  0.543164  0.171871  0.193582  0.384155  0.540395  0.488736  0.141370 0.0  0.666903  0.463470  0.256365  0.248787 
58  0.622515  0.657347  0.757988  0.754022  0.388986  0.928734  0.806912  0.749394  0.578376  0.350951  0.403899  0.422221  0.893247  0.357218  0.793135  0.601576  0.775255  0.716304  0.779178  0.678680  0.250528  0.390076  0.299986  0.423059  0.677393  0.259060  0.816005  0.353320  0.781457  0.428462  0.331863  0.281915  0.438440  0.369159  0.431876  0.349005  0.317713  0.420402  0.504392  0.438714  0.429468  0.289597  0.716199  0.365473  0.753813  0.859878  0.281927  0.433744  0.316348  0.731548  0.270181  0.734898  0.782396  0.959119  0.361098  0.296418  0.695608  0.666903 0.0  0.402939  0.618170  0.779205 
59  0.531439  0.472331  0.436834  0.569322  0.103346  0.748044  0.533367  0.721845  0.426568  0.179367  0.621555  0.642110  0.477610  0.130981  0.478451  0.414735  0.427176  0.487863  0.429798  0.510389  0.201370  0.083243  0.257606  0.083243  0.651991  0.153382  0.519499  0.518819  0.460470  0.149028  0.083243  0.214449  0.083243  0.111770  0.201251  0.193215  0.085759  0.083243  0.083243  0.157513  0.083723  0.210484  0.583152  0.123385  0.461917  0.645453  0.135064  0.083243  0.110827  0.514535  0.153277  0.560994  0.496335  0.654162  0.213794  0.221876  0.560104  0.463470  0.402939 0.0  0.530099  0.475326 
60  0.116217  0.428423  0.179363  0.426235  0.517695  0.397337  0.511043  0.552140  0.221975  0.475344  0.905265  0.834732  0.323478  0.474629  0.134152  0.517413  0.158106  0.147514  0.083243  0.092540  0.482685  0.481366  0.567006  0.516063  0.475841  0.531111  0.269147  0.810558  0.092591  0.538954  0.577536  0.400615  0.382617  0.527812  0.485961  0.441575  0.479107  0.401507  0.514146  0.487373  0.463982  0.535125  0.397497  0.433038  0.117411  0.226384  0.576013  0.473400  0.436477  0.200944  0.616471  0.130131  0.083243  0.219193  0.566459  0.612780  0.210279  0.256365  0.618170  0.530099 0.0  0.083243 
61  0.119039  0.600024  0.106797  0.390581  0.609875  0.443920  0.535092  0.431246  0.191884  0.366705  0.832305  0.818580  0.229938  0.462232  0.124213  0.546852  0.083243  0.083243  0.083243  0.083243  0.530275  0.419167  0.543135  0.430631  0.467089  0.526493  0.220790  0.819477  0.133230  0.482875  0.507281  0.545634  0.382211  0.509911  0.415449  0.531162  0.583905  0.526064  0.462953  0.509273  0.559479  0.637092  0.533709  0.511328  0.085566  0.264987  0.489759  0.500579  0.438704  0.216259  0.541138  0.126294  0.157602  0.199009  0.563217  0.485524  0.243637  0.248787  0.779205  0.475326  0.083243 0.0 
