62
0 0.0  0.431514  0.144208  0.333855  0.491297  0.422468  0.452586  0.455642  0.245808  0.343487  0.643544  0.749382  0.222855  0.389515  0.124131  0.360214  0.089105  0.096563  0.105205  0.110829  0.449370  0.385933  0.451553  0.360572  0.483683  0.390448  0.214026  0.638190  0.179361  0.383995  0.420765  0.371987  0.330044  0.346831  0.442984  0.371127  0.386796  0.387581  0.356912  0.379127  0.400942  0.391339  0.426948  0.491601  0.183048  0.214583  0.403185  0.360634  0.409670  0.198067  0.452985  0.119607  0.132409  0.193208  0.350810  0.438437  0.233782  0.224483  0.580609  0.333284  0.104525  0.094178 
1  0.431514 0.0  0.381216  0.206444  0.538358  0.276961  0.257438  0.239754  0.227724  0.413843  0.508814  0.495176  0.599027  0.278424  0.385498  0.136401  0.430304  0.456378  0.366045  0.406509  0.491581  0.402653  0.474075  0.463481  0.127441  0.407361  0.554552  0.389149  0.328366  0.394008  0.410965  0.454785  0.420658  0.422926  0.410348  0.422608  0.400956  0.405721  0.368398  0.397369  0.400712  0.479333  0.123722  0.429768  0.384514  0.543700  0.480188  0.479229  0.466382  0.326083  0.428172  0.433788  0.417616  0.424647  0.432880  0.383670  0.269481  0.316039  0.434286  0.408856  0.332271  0.385349 
2  0.144208  0.381216 0.0  0.298382  0.468516  0.350957  0.350067  0.430443  0.187849  0.338475  0.782483  0.688726  0.276025  0.382114  0.103613  0.318833  0.147395  0.133042  0.124602  0.138069  0.452750  0.411097  0.462264  0.406091  0.344347  0.396030  0.257163  0.632061  0.118254  0.424272  0.377430  0.384685  0.339058  0.384585  0.349673  0.405571  0.420088  0.399758  0.360425  0.367547  0.387567  0.471503  0.361426  0.418774  0.139130  0.266976  0.455262  0.460846  0.337473  0.143852  0.497963  0.126520  0.104031  0.234744  0.449166  0.434531  0.184255  0.141650  0.671810  0.380428  0.131105  0.154732 
3  0.333855  0.206444  0.298382 0.0  0.539851  0.157060  0.165463  0.213086  0.205802  0.488526  0.596891  0.584434  0.571197  0.498660  0.332422  0.209474  0.355689  0.384793  0.307907  0.315223  0.557058  0.575964  0.596668  0.478425  0.197687  0.527512  0.505071  0.478676  0.259363  0.410564  0.525502  0.487254  0.509624  0.501146  0.496384  0.444245  0.493573  0.480311  0.436138  0.474506  0.493068  0.561071  0.216299  0.464948  0.271713  0.493996  0.587543  0.498125  0.447921  0.238648  0.581824  0.342910  0.280056  0.393582  0.500024  0.498591  0.212079  0.246245  0.683519  0.527197  0.315913  0.374031 
4  0.491297  0.538358  0.468516  0.539851 0.0  0.609514  0.603282  0.569699  0.382875  0.201570  0.386893  0.439375  0.571301  0.155874  0.434300  0.442659  0.408775  0.363506  0.474601  0.445897  0.091701  0.134047  0.123240  0.141132  0.468640  0.133103  0.415037  0.435778  0.379567  0.166459  0.114602  0.160377  0.162058  0.142864  0.153820  0.145884  0.138551  0.166092  0.151453  0.150051  0.127767  0.090502  0.504936  0.125529  0.528376  0.520753  0.101888  0.100259  0.141794  0.461042  0.094476  0.460749  0.480702  0.614102  0.106843  0.120462  0.454376  0.454963  0.277169  0.153738  0.511598  0.505880 
5  0.422468  0.276961  0.350957  0.157060  0.609514 0.0  0.137717  0.179618  0.248458  0.518260  0.758889  0.773266  0.453677  0.501973  0.312958  0.321882  0.374907  0.347402  0.426241  0.440498  0.548940  0.606484  0.561613  0.494083  0.280587  0.516896  0.538295  0.622441  0.334700  0.576694  0.622600  0.550192  0.590353  0.600366  0.595650  0.490437  0.548958  0.466755  0.624133  0.585306  0.600120  0.565079  0.232123  0.580192  0.300699  0.494233  0.685444  0.586231  0.645891  0.303828  0.634262  0.332296  0.347204  0.439220  0.567040  0.678456  0.264985  0.248416  0.540456  0.470563  0.414092  0.413319 
6  0.452586  0.257438  0.350067  0.165463  0.603282  0.137717 0.0  0.151658  0.304639  0.524521  0.703110  0.650203  0.602252  0.517372  0.397763  0.285244  0.442143  0.393468  0.353931  0.394697  0.686155  0.554615  0.616498  0.550792  0.225370  0.641232  0.587704  0.586995  0.337657  0.552456  0.630443  0.631244  0.531165  0.475131  0.519798  0.572805  0.524968  0.581465  0.580406  0.617454  0.582033  0.722819  0.225657  0.579960  0.384996  0.586957  0.550079  0.572179  0.574685  0.318483  0.578887  0.441014  0.472443  0.413800  0.588318  0.600970  0.256013  0.309722  0.692673  0.518955  0.433249  0.383944 
7  0.455642  0.239754  0.430443  0.213086  0.569699  0.179618  0.151658 0.0  0.276158  0.492737  0.593882  0.639146  0.651303  0.534726  0.405429  0.234172  0.501121  0.419195  0.531876  0.413660  0.549959  0.471801  0.690167  0.506877  0.180669  0.608086  0.539344  0.493974  0.413576  0.530962  0.501917  0.510485  0.536899  0.521294  0.562622  0.511714  0.523745  0.497902  0.515836  0.597413  0.575266  0.677423  0.177367  0.650207  0.428800  0.577580  0.694057  0.599747  0.588484  0.356564  0.591307  0.408892  0.464144  0.484747  0.589479  0.506004  0.347228  0.367869  0.600468  0.573258  0.440546  0.481713 
8  0.245808  0.227724  0.187849  0.205802  0.382875  0.248458  0.304639  0.276158 0.0  0.300935  0.590412  0.580830  0.399219  0.335752  0.204960  0.210878  0.270917  0.272030  0.238983  0.246098  0.453436  0.367523  0.451681  0.411483  0.303617  0.394694  0.394014  0.488337  0.157578  0.385740  0.444478  0.393094  0.316026  0.424953  0.293736  0.343791  0.400817  0.303669  0.400477  0.392532  0.396729  0.438299  0.242800  0.354034  0.215510  0.328787  0.442025  0.396954  0.404968  0.210728  0.386772  0.234485  0.227517  0.331977  0.452260  0.389860  0.120464  0.143439  0.561239  0.382782  0.210444  0.223736 
9  0.343487  0.413843  0.338475  0.488526  0.201570  0.518260  0.524521  0.492737  0.300935 0.0  0.491955  0.530870  0.414649  0.145141  0.374742  0.359001  0.334450  0.317300  0.315453  0.256630  0.204119  0.145412  0.227049  0.158552  0.466628  0.133001  0.360813  0.437081  0.333526  0.134523  0.170081  0.129853  0.136949  0.142209  0.131326  0.127988  0.143878  0.139026  0.140979  0.136506  0.161397  0.240522  0.391120  0.200986  0.341450  0.467489  0.222931  0.199904  0.140507  0.356860  0.229600  0.392550  0.354611  0.485987  0.175078  0.172701  0.360150  0.336671  0.403679  0.145056  0.349628  0.330378 
10  0.643544  0.508814  0.782483  0.596891  0.386893  0.758889  0.703110  0.593882  0.590412  0.491955 0.0  0.106219  0.833128  0.404064  0.665936  0.532938  0.714311  0.716681  0.613569  0.688077  0.437910  0.476496  0.400594  0.456195  0.579481  0.457596  0.698215  0.185270  0.547423  0.469455  0.471142  0.479914  0.468020  0.461731  0.507532  0.518756  0.347170  0.464672  0.460295  0.512103  0.510696  0.431657  0.539843  0.437896  0.741488  0.748049  0.403402  0.508233  0.461452  0.706776  0.425548  0.782400  0.728859  0.768624  0.446989  0.406780  0.681053  0.737121  0.254627  0.435856  0.872898  0.814402 
11  0.749382  0.495176  0.688726  0.584434  0.439375  0.773266  0.650203  0.639146  0.580830  0.530870  0.106219 0.0  0.886255  0.450491  0.760021  0.481437  0.591266  0.679412  0.751195  0.696612  0.416900  0.474211  0.428591  0.435361  0.389951  0.498824  0.644113  0.185363  0.789374  0.542965  0.503038  0.427961  0.549311  0.465658  0.521777  0.515007  0.504178  0.495472  0.400749  0.523214  0.421709  0.414371  0.538863  0.432483  0.680431  1.000000  0.424722  0.458655  0.500164  0.805771  0.406917  0.714759  0.722830  0.753423  0.441838  0.456393  0.596395  0.684768  0.294091  0.477855  0.709015  0.682085 
12  0.222855  0.599027  0.276025  0.571197  0.571301  0.453677  0.602252  0.651303  0.399219  0.414649  0.833128  0.886255 0.0  0.513241  0.251147  0.476745  0.200519  0.235459  0.218072  0.244363  0.497129  0.429036  0.559581  0.395833  0.590516  0.428686  0.099385  0.714715  0.305703  0.507999  0.418622  0.428596  0.371530  0.434218  0.447771  0.382904  0.429933  0.459702  0.471233  0.480814  0.512823  0.503216  0.604520  0.571288  0.276487  0.132507  0.446673  0.477544  0.427158  0.360197  0.470474  0.228663  0.216812  0.260571  0.490725  0.387062  0.370732  0.394974  0.727068  0.503074  0.261337  0.219535 
13  0.389515  0.278424  0.382114  0.498660  0.155874  0.501973  0.517372  0.534726  0.335752  0.145141  0.404064  0.450491  0.513241 0.0  0.334503  0.349451  0.391524  0.399977  0.416456  0.329850  0.148261  0.125033  0.185501  0.107775  0.473299  0.129449  0.441506  0.392657  0.372331  0.127139  0.144795  0.104437  0.135159  0.112571  0.125935  0.119129  0.117958  0.115390  0.108206  0.125520  0.119167  0.161951  0.446508  0.129058  0.465201  0.499493  0.154736  0.150493  0.117036  0.468950  0.171389  0.416930  0.438392  0.523001  0.147818  0.128048  0.409418  0.380461  0.331648  0.114066  0.329911  0.398757 
14  0.124131  0.385498  0.103613  0.332422  0.434300  0.312958  0.397763  0.405429  0.204960  0.374742  0.665936  0.760021  0.251147  0.334503 0.0  0.349061  0.134245  0.107645  0.101334  0.115676  0.387029  0.381722  0.463463  0.389649  0.387676  0.388881  0.242851  0.662500  0.150806  0.372629  0.418836  0.366764  0.358893  0.424246  0.366890  0.338218  0.426556  0.419328  0.426105  0.369091  0.448950  0.502762  0.336972  0.413068  0.142772  0.228334  0.494890  0.429825  0.386484  0.150278  0.462831  0.102741  0.090538  0.212628  0.435708  0.419819  0.179360  0.160291  0.551990  0.405137  0.096164  0.111609 
15  0.360214  0.136401  0.318833  0.209474  0.442659  0.321882  0.285244  0.234172  0.210878  0.359001  0.532938  0.481437  0.476745  0.349451  0.349061 0.0  0.363395  0.337117  0.342565  0.310278  0.410355  0.403718  0.436865  0.388848  0.162018  0.380495  0.478746  0.432959  0.257999  0.383637  0.429743  0.374569  0.429747  0.424672  0.394491  0.371968  0.359990  0.356735  0.403340  0.410819  0.393472  0.467976  0.180047  0.418626  0.332551  0.530670  0.410775  0.497750  0.355112  0.318417  0.479306  0.318857  0.342138  0.403257  0.427669  0.366447  0.218854  0.259033  0.445307  0.347056  0.352455  0.336971 
16  0.089105  0.430304  0.147395  0.355689  0.408775  0.374907  0.442143  0.501121  0.270917  0.334450  0.714311  0.591266  0.200519  0.391524  0.134245  0.363395 0.0  0.099989  0.111437  0.113281  0.362522  0.391329  0.487469  0.368419  0.475756  0.379486  0.188603  0.603990  0.187222  0.387032  0.352545  0.364632  0.324885  0.393514  0.375260  0.424793  0.391513  0.389200  0.383195  0.381372  0.352710  0.456729  0.457353  0.438651  0.188674  0.220173  0.505795  0.440608  0.403092  0.202932  0.473527  0.123920  0.141035  0.196465  0.407393  0.469070  0.217094  0.207536  0.590254  0.431541  0.113459  0.099390 
17  0.096563  0.456378  0.133042  0.384793  0.363506  0.347402  0.393468  0.419195  0.272030  0.317300  0.716681  0.679412  0.235459  0.399977  0.107645  0.337117  0.099989 0.0  0.093841  0.097462  0.468211  0.420687  0.438748  0.411684  0.466760  0.378253  0.221010  0.678058  0.149930  0.358975  0.394374  0.346475  0.408113  0.392247  0.379040  0.358817  0.404579  0.355303  0.421061  0.407817  0.405116  0.465611  0.396085  0.459463  0.163681  0.214313  0.442447  0.392027  0.355529  0.202740  0.443551  0.107892  0.120205  0.206220  0.431115  0.411711  0.212088  0.203533  0.514948  0.379327  0.109191  0.095612 
18  0.105205  0.366045  0.124602  0.307907  0.474601  0.426241  0.353931  0.531876  0.238983  0.315453  0.613569  0.751195  0.218072  0.416456  0.101334  0.342565  0.111437  0.093841 0.0  0.104071  0.424110  0.321376  0.498741  0.394286  0.464866  0.410729  0.217551  0.726345  0.160680  0.345296  0.460988  0.392755  0.364190  0.469066  0.326569  0.403540  0.370789  0.365623  0.412652  0.408781  0.428820  0.437060  0.389830  0.398743  0.160698  0.236348  0.369768  0.401030  0.375101  0.180222  0.455622  0.095184  0.110048  0.187030  0.462423  0.398583  0.205225  0.196514  0.564529  0.392119  0.088694  0.093540 
19  0.110829  0.406509  0.138069  0.315223  0.445897  0.440498  0.394697  0.413660  0.246098  0.256630  0.688077  0.696612  0.244363  0.329850  0.115676  0.310278  0.113281  0.097462  0.104071 0.0  0.397739  0.374179  0.451739  0.380973  0.307244  0.386481  0.235121  0.540359  0.165861  0.358797  0.369390  0.401700  0.397137  0.378471  0.337207  0.313429  0.392645  0.401067  0.394731  0.375143  0.400258  0.425195  0.415182  0.455228  0.177016  0.218622  0.418273  0.379708  0.407841  0.209220  0.426384  0.120929  0.120152  0.213201  0.414915  0.427829  0.204416  0.170002  0.695240  0.401896  0.107301  0.105573 
20  0.449370  0.491581  0.452750  0.557058  0.091701  0.548940  0.686155  0.549959  0.453436  0.204119  0.437910  0.416900  0.497129  0.148261  0.387029  0.410355  0.362522  0.468211  0.424110  0.397739 0.0  0.139773  0.143015  0.145883  0.483861  0.147642  0.493495  0.380585  0.460023  0.147574  0.118655  0.155164  0.160526  0.158396  0.161998  0.166423  0.135146  0.154560  0.138313  0.155817  0.129762  0.098651  0.458807  0.132059  0.504413  0.517490  0.115804  0.098649  0.149795  0.530994  0.095257  0.542478  0.404869  0.587749  0.103940  0.121927  0.456491  0.470688  0.335359  0.150537  0.414535  0.434666 
21  0.385933  0.402653  0.411097  0.575964  0.134047  0.606484  0.554615  0.471801  0.367523  0.145412  0.476496  0.474211  0.429036  0.125033  0.381722  0.403718  0.391329  0.420687  0.321376  0.374179  0.139773 0.0  0.159532  0.101696  0.462396  0.086372  0.469807  0.410877  0.380407  0.106173  0.103079  0.103998  0.113341  0.092081  0.111410  0.111229  0.093750  0.103505  0.096671  0.089124  0.091853  0.137101  0.476483  0.118715  0.416116  0.525699  0.130422  0.112609  0.092467  0.541646  0.149248  0.418798  0.382715  0.510541  0.113070  0.107393  0.437860  0.386742  0.341847  0.092233  0.418021  0.434988 
22  0.451553  0.474075  0.462264  0.596668  0.123240  0.561613  0.616498  0.690167  0.451681  0.227049  0.400594  0.428591  0.559581  0.185501  0.463463  0.436865  0.487469  0.438748  0.498741  0.451739  0.143015  0.159532 0.0  0.177928  0.514525  0.178189  0.486746  0.422806  0.473370  0.206638  0.156799  0.188308  0.195684  0.175401  0.177549  0.189940  0.167024  0.199697  0.163364  0.183684  0.153587  0.126229  0.497985  0.134861  0.562083  0.591198  0.111825  0.147581  0.170113  0.533454  0.122058  0.466243  0.438823  0.597135  0.142947  0.140212  0.555673  0.477711  0.218291  0.146843  0.513170  0.473496 
23  0.360572  0.463481  0.406091  0.478425  0.141132  0.494083  0.550792  0.506877  0.411483  0.158552  0.456195  0.435361  0.395833  0.107775  0.389649  0.388848  0.368419  0.411684  0.394286  0.380973  0.145883  0.101696  0.177928 0.0  0.499283  0.104006  0.449278  0.368571  0.411664  0.116616  0.115740  0.096231  0.124782  0.089447  0.114146  0.106429  0.096079  0.100971  0.086489  0.101440  0.094329  0.145279  0.487824  0.114864  0.441834  0.459028  0.143926  0.130770  0.095252  0.428920  0.148902  0.457836  0.389853  0.494416  0.125804  0.106825  0.390057  0.363114  0.296610  0.094131  0.410981  0.393574 
24  0.483683  0.127441  0.344347  0.197687  0.468640  0.280587  0.225370  0.180669  0.303617  0.466628  0.579481  0.389951  0.590516  0.473299  0.387676  0.162018  0.475756  0.466760  0.464866  0.307244  0.483861  0.462396  0.514525  0.499283 0.0  0.498638  0.481891  0.372831  0.322381  0.467372  0.453624  0.445093  0.407407  0.468561  0.539491  0.382305  0.374718  0.514376  0.478462  0.423211  0.411973  0.594248  0.084952  0.468831  0.347421  0.499413  0.493707  0.494783  0.491801  0.366871  0.515002  0.381909  0.386460  0.515039  0.438977  0.542903  0.299398  0.301329  0.500709  0.498256  0.349604  0.419238 
25  0.390448  0.407361  0.396030  0.527512  0.133103  0.516896  0.641232  0.608086  0.394694  0.133001  0.457596  0.498824  0.428686  0.129449  0.388881  0.380495  0.379486  0.378253  0.410729  0.386481  0.147642  0.086372  0.178189  0.104006  0.498638 0.0  0.526665  0.482235  0.387042  0.099460  0.106194  0.102749  0.111900  0.096720  0.105872  0.107145  0.089469  0.096102  0.096607  0.084964  0.093519  0.153110  0.443237  0.126533  0.418431  0.456666  0.141650  0.123005  0.091794  0.449353  0.151803  0.414611  0.364485  0.425370  0.110711  0.113053  0.409343  0.347754  0.328821  0.091232  0.405250  0.408843 
26  0.214026  0.554552  0.257163  0.505071  0.415037  0.538295  0.587704  0.539344  0.394014  0.360813  0.698215  0.644113  0.099385  0.441506  0.242851  0.478746  0.188603  0.221010  0.217551  0.235121  0.493495  0.469807  0.486746  0.449278  0.481891  0.526665 0.0  0.721318  0.330594  0.424802  0.446204  0.408824  0.414981  0.531978  0.412287  0.384284  0.406743  0.450715  0.451637  0.416285  0.475510  0.497430  0.569774  0.514797  0.272190  0.143841  0.454240  0.448795  0.475163  0.288424  0.469330  0.216623  0.248974  0.246223  0.441466  0.456618  0.377616  0.351608  0.687870  0.392121  0.210530  0.204386 
27  0.638190  0.389149  0.632061  0.478676  0.435778  0.622441  0.586995  0.493974  0.488337  0.437081  0.185270  0.185363  0.714715  0.392657  0.662500  0.432959  0.603990  0.678058  0.726345  0.540359  0.380585  0.410877  0.422806  0.368571  0.372831  0.482235  0.721318 0.0  0.557836  0.455580  0.489554  0.398049  0.423295  0.466668  0.431679  0.431890  0.451928  0.424292  0.420423  0.459239  0.433851  0.379400  0.371855  0.390808  0.644731  0.699229  0.472288  0.486951  0.410209  0.575735  0.467341  0.617574  0.717800  0.765514  0.456399  0.435964  0.553423  0.602621  0.326436  0.466286  0.631284  0.666396 
28  0.179361  0.328366  0.118254  0.259363  0.379567  0.334700  0.337657  0.413576  0.157578  0.333526  0.547423  0.789374  0.305703  0.372331  0.150806  0.257999  0.187222  0.149930  0.160680  0.165861  0.460023  0.380407  0.473370  0.411664  0.322381  0.387042  0.330594  0.557836 0.0  0.413343  0.490181  0.329519  0.396354  0.386840  0.380168  0.401385  0.376351  0.309544  0.352266  0.338182  0.372799  0.402295  0.339168  0.423825  0.161192  0.276844  0.455682  0.456011  0.353535  0.139503  0.451997  0.161840  0.127873  0.254038  0.412781  0.423595  0.129358  0.111110  0.623039  0.460596  0.168348  0.163372 
29  0.383995  0.394008  0.424272  0.410564  0.166459  0.576694  0.552456  0.530962  0.385740  0.134523  0.469455  0.542965  0.507999  0.127139  0.372629  0.383637  0.387032  0.358975  0.345296  0.358797  0.147574  0.106173  0.206638  0.116616  0.467372  0.099460  0.424802  0.455580  0.413343 0.0  0.124392  0.104230  0.093168  0.113426  0.091566  0.098713  0.099902  0.096333  0.114514  0.099328  0.113353  0.182492  0.402477  0.141415  0.423678  0.424201  0.149651  0.135589  0.099607  0.520709  0.164652  0.350242  0.459122  0.475243  0.139522  0.123533  0.395289  0.427716  0.308530  0.101036  0.302537  0.404809 
30  0.420765  0.410965  0.377430  0.525502  0.114602  0.622600  0.630443  0.501917  0.444478  0.170081  0.471142  0.503038  0.418622  0.144795  0.418836  0.429743  0.352545  0.394374  0.460988  0.369390  0.118655  0.103079  0.156799  0.115740  0.453624  0.106194  0.446204  0.489554  0.490181  0.124392 0.0  0.125617  0.127112  0.114867  0.117175  0.127390  0.109582  0.118961  0.113793  0.109597  0.099027  0.122762  0.509636  0.110762  0.503445  0.545581  0.120824  0.095454  0.106884  0.448553  0.129036  0.447226  0.490187  0.534002  0.090426  0.095681  0.481030  0.416567  0.273146  0.103300  0.453609  0.382572 
31  0.371987  0.454785  0.384685  0.487254  0.160377  0.550192  0.631244  0.510485  0.393094  0.129853  0.479914  0.427961  0.428596  0.104437  0.366764  0.374569  0.364632  0.346475  0.392755  0.401700  0.155164  0.103998  0.188308  0.096231  0.445093  0.102749  0.408824  0.398049  0.329519  0.104230  0.125617 0.0  0.118376  0.098092  0.099281  0.091824  0.094505  0.090925  0.095749  0.097747  0.103870  0.155963  0.465091  0.143434  0.433948  0.490880  0.157478  0.137660  0.093716  0.466379  0.177762  0.397790  0.375871  0.488557  0.125535  0.124647  0.392321  0.347065  0.316325  0.095074  0.349666  0.426050 
32  0.330044  0.420658  0.339058  0.509624  0.162058  0.590353  0.531165  0.536899  0.316026  0.136949  0.468020  0.549311  0.371530  0.135159  0.358893  0.429747  0.324885  0.408113  0.364190  0.397137  0.160526  0.113341  0.195684  0.124782  0.407407  0.111900  0.414981  0.423295  0.396354  0.093168  0.127112  0.118376 0.0  0.125268  0.099468  0.107580  0.110498  0.106002  0.120366  0.111848  0.121071  0.167187  0.474627  0.148425  0.420242  0.473644  0.178700  0.135227  0.114886  0.412288  0.172140  0.358130  0.350139  0.468554  0.131197  0.130863  0.441515  0.328040  0.380802  0.111342  0.361886  0.370310 
33  0.346831  0.422926  0.384585  0.501146  0.142864  0.600366  0.475131  0.521294  0.424953  0.142209  0.461731  0.465658  0.434218  0.112571  0.424246  0.424672  0.393514  0.392247  0.469066  0.378471  0.158396  0.092081  0.175401  0.089447  0.468561  0.096720  0.531978  0.466668  0.386840  0.113426  0.114867  0.098092  0.125268 0.0  0.109725  0.104811  0.090358  0.098490  0.086127  0.094625  0.090275  0.146608  0.462441  0.124269  0.508822  0.538291  0.128280  0.115162  0.088096  0.502254  0.153860  0.413054  0.444819  0.524596  0.113443  0.103216  0.404724  0.405706  0.300469  0.089010  0.335408  0.374874 
34  0.442984  0.410348  0.349673  0.496384  0.153820  0.595650  0.519798  0.562622  0.293736  0.131326  0.507532  0.521777  0.447771  0.125935  0.366890  0.394491  0.375260  0.379040  0.326569  0.337207  0.161998  0.111410  0.177549  0.114146  0.539491  0.105872  0.412287  0.431679  0.380168  0.091566  0.117175  0.099281  0.099468  0.109725 0.0  0.088107  0.100054  0.090621  0.108378  0.100108  0.112550  0.169879  0.513137  0.155151  0.413704  0.475057  0.153676  0.138538  0.102122  0.410370  0.177135  0.399554  0.351388  0.471155  0.146342  0.135913  0.382995  0.399515  0.339025  0.098260  0.346662  0.396260 
35  0.371127  0.422608  0.405571  0.444245  0.145884  0.490437  0.572805  0.511714  0.343791  0.127988  0.518756  0.515007  0.382904  0.119129  0.338218  0.371968  0.424793  0.358817  0.403540  0.313429  0.166423  0.111229  0.189940  0.106429  0.382305  0.107145  0.384284  0.431890  0.401385  0.098713  0.127390  0.091824  0.107580  0.104811  0.088107 0.0  0.100386  0.087582  0.106936  0.103104  0.114950  0.168039  0.472662  0.134684  0.473361  0.523190  0.159789  0.150299  0.102043  0.385274  0.180030  0.342026  0.396529  0.453038  0.141629  0.131401  0.329277  0.375553  0.330553  0.099695  0.350240  0.414819 
36  0.386796  0.400956  0.420088  0.493573  0.138551  0.548958  0.524968  0.523745  0.400817  0.143878  0.347170  0.504178  0.429933  0.117958  0.426556  0.359990  0.391513  0.404579  0.370789  0.392645  0.135146  0.093750  0.167024  0.096079  0.374718  0.089469  0.406743  0.451928  0.376351  0.099902  0.109582  0.094505  0.110498  0.090358  0.100054  0.100386 0.0  0.092344  0.092433  0.086830  0.097045  0.158981  0.443735  0.123960  0.436863  0.478224  0.150708  0.120387  0.083653  0.484182  0.153083  0.426286  0.449019  0.531100  0.114523  0.107834  0.385517  0.390308  0.370717  0.083333  0.382260  0.379935 
37  0.387581  0.405721  0.399758  0.480311  0.166092  0.466755  0.581465  0.497902  0.303669  0.139026  0.464672  0.495472  0.459702  0.115390  0.419328  0.356735  0.389200  0.355303  0.365623  0.401067  0.154560  0.103505  0.199697  0.100971  0.514376  0.096102  0.450715  0.424292  0.309544  0.096333  0.118961  0.090925  0.106002  0.098490  0.090621  0.087582  0.092344 0.0  0.100102  0.095827  0.106640  0.162945  0.478407  0.141423  0.419406  0.465845  0.155329  0.129949  0.092589  0.391177  0.169772  0.389629  0.438995  0.532625  0.135510  0.124733  0.420582  0.365396  0.318871  0.090620  0.392184  0.362167 
38  0.356912  0.368398  0.360425  0.436138  0.151453  0.624133  0.580406  0.515836  0.400477  0.140979  0.460295  0.400749  0.471233  0.108206  0.426105  0.403340  0.383195  0.421061  0.412652  0.394731  0.138313  0.096671  0.163364  0.086489  0.478462  0.096607  0.451637  0.420423  0.352266  0.114514  0.113793  0.095749  0.120366  0.086127  0.108378  0.106936  0.092433  0.100102 0.0  0.095232  0.093933  0.151928  0.490668  0.115694  0.426623  0.501033  0.137593  0.130172  0.089526  0.494938  0.151391  0.486370  0.361506  0.510550  0.132119  0.105581  0.369932  0.400652  0.292537  0.090391  0.394246  0.370931 
39  0.379127  0.397369  0.367547  0.474506  0.150051  0.585306  0.617454  0.597413  0.392532  0.136506  0.512103  0.523214  0.480814  0.125520  0.369091  0.410819  0.381372  0.407817  0.408781  0.375143  0.155817  0.089124  0.183684  0.101440  0.423211  0.084964  0.416285  0.459239  0.338182  0.099328  0.109597  0.097747  0.111848  0.094625  0.100108  0.103104  0.086830  0.095827  0.095232 0.0  0.095454  0.145078  0.551837  0.128731  0.402097  0.439630  0.142757  0.123087  0.087913  0.338303  0.150709  0.373686  0.359350  0.521248  0.122600  0.104267  0.386000  0.375412  0.321337  0.087405  0.394140  0.345258 
40  0.400942  0.400712  0.387567  0.493068  0.127767  0.600120  0.582033  0.575266  0.396729  0.161397  0.510696  0.421709  0.512823  0.119167  0.448950  0.393472  0.352710  0.405116  0.428820  0.400258  0.129762  0.091853  0.153587  0.094329  0.411973  0.093519  0.475510  0.433851  0.372799  0.113353  0.099027  0.103870  0.121071  0.090275  0.112550  0.114950  0.097045  0.106640  0.093933  0.095454 0.0  0.136859  0.443888  0.113954  0.478435  0.528627  0.131905  0.113400  0.096092  0.415172  0.144455  0.398191  0.427021  0.554896  0.110449  0.096533  0.367510  0.428557  0.305374  0.095592  0.382476  0.439706 
41  0.391339  0.479333  0.471503  0.561071  0.090502  0.565079  0.722819  0.677423  0.438299  0.240522  0.431657  0.414371  0.503216  0.161951  0.502762  0.467976  0.456729  0.465611  0.437060  0.425195  0.098651  0.137101  0.126229  0.145279  0.594248  0.153110  0.497430  0.379400  0.402295  0.182492  0.122762  0.155963  0.167187  0.146608  0.169879  0.168039  0.158981  0.162945  0.151928  0.145078  0.136859 0.0  0.533894  0.122512  0.481160  0.560747  0.101119  0.107356  0.145933  0.575651  0.089890  0.478637  0.437200  0.640598  0.116361  0.113889  0.462518  0.448270  0.272526  0.145737  0.457892  0.465174 
42  0.426948  0.123722  0.361426  0.216299  0.504936  0.232123  0.225657  0.177367  0.242800  0.391120  0.539843  0.538863  0.604520  0.446508  0.336972  0.180047  0.457353  0.396085  0.389830  0.415182  0.458807  0.476483  0.497985  0.487824  0.084952  0.443237  0.569774  0.371855  0.339168  0.402477  0.509636  0.465091  0.474627  0.462441  0.513137  0.472662  0.443735  0.478407  0.490668  0.551837  0.443888  0.533894 0.0  0.471888  0.404782  0.552669  0.574391  0.469464  0.443793  0.366038  0.589523  0.399464  0.434176  0.517848  0.468323  0.445863  0.305536  0.295036  0.544549  0.475021  0.425625  0.474206 
43  0.491601  0.429768  0.418774  0.464948  0.125529  0.580192  0.579960  0.650207  0.354034  0.200986  0.437896  0.432483  0.571288  0.129058  0.413068  0.418626  0.438651  0.459463  0.398743  0.455228  0.132059  0.118715  0.134861  0.114864  0.468831  0.126533  0.514797  0.390808  0.423825  0.141415  0.110762  0.143434  0.148425  0.124269  0.155151  0.134684  0.123960  0.141423  0.115694  0.128731  0.113954  0.122512  0.471888 0.0  0.490301  0.451454  0.105574  0.115810  0.124956  0.488365  0.133581  0.420725  0.468263  0.633337  0.111995  0.101754  0.489202  0.435667  0.264710  0.126289  0.406519  0.469049 
44  0.183048  0.384514  0.139130  0.271713  0.528376  0.300699  0.384996  0.428800  0.215510  0.341450  0.741488  0.680431  0.276487  0.465201  0.142772  0.332551  0.188674  0.163681  0.160698  0.177016  0.504413  0.416116  0.562083  0.441834  0.347421  0.418431  0.272190  0.644731  0.161192  0.423678  0.503445  0.433948  0.420242  0.508822  0.413704  0.473361  0.436863  0.419406  0.426623  0.402097  0.478435  0.481160  0.404782  0.490301 0.0  0.256539  0.515460  0.515145  0.525905  0.120869  0.475496  0.136338  0.125962  0.163551  0.448781  0.503319  0.174756  0.151606  0.695909  0.410710  0.158664  0.154195 
45  0.214583  0.543700  0.266976  0.493996  0.520753  0.494233  0.586957  0.577580  0.328787  0.467489  0.748049  1.000000  0.132507  0.499493  0.228334  0.530670  0.220173  0.214313  0.236348  0.218622  0.517490  0.525699  0.591198  0.459028  0.499413  0.456666  0.143841  0.699229  0.276844  0.424201  0.545581  0.490880  0.473644  0.538291  0.475057  0.523190  0.478224  0.465845  0.501033  0.439630  0.528627  0.560747  0.552669  0.451454  0.256539 0.0  0.573894  0.611953  0.506596  0.296150  0.482356  0.179771  0.241913  0.178427  0.453900  0.473457  0.350339  0.273662  0.676786  0.477724  0.226430  0.230714 
46  0.403185  0.480188  0.455262  0.587543  0.101888  0.685444  0.550079  0.694057  0.442025  0.222931  0.403402  0.424722  0.446673  0.154736  0.494890  0.410775  0.505795  0.442447  0.369768  0.418273  0.115804  0.130422  0.111825  0.143926  0.493707  0.141650  0.454240  0.472288  0.455682  0.149651  0.120824  0.157478  0.178700  0.128280  0.153676  0.159789  0.150708  0.155329  0.137593  0.142757  0.131905  0.101119  0.574391  0.105574  0.515460  0.573894 0.0  0.104095  0.137775  0.537044  0.109643  0.449233  0.530427  0.574290  0.110503  0.112192  0.414293  0.476118  0.259120  0.136985  0.515879  0.450487 
47  0.360634  0.479229  0.460846  0.498125  0.100259  0.586231  0.572179  0.599747  0.396954  0.199904  0.508233  0.458655  0.477544  0.150493  0.429825  0.497750  0.440608  0.392027  0.401030  0.379708  0.098649  0.112609  0.147581  0.130770  0.494783  0.123005  0.448795  0.486951  0.456011  0.135589  0.095454  0.137660  0.135227  0.115162  0.138538  0.150299  0.120387  0.129949  0.130172  0.123087  0.113400  0.107356  0.469464  0.115810  0.515145  0.611953  0.104095 0.0  0.122964  0.466267  0.114178  0.501235  0.481851  0.489705  0.086477  0.105631  0.480440  0.521165  0.308669  0.116756  0.408124  0.460938 
48  0.409670  0.466382  0.337473  0.447921  0.141794  0.645891  0.574685  0.588484  0.404968  0.140507  0.461452  0.500164  0.427158  0.117036  0.386484  0.355112  0.403092  0.355529  0.375101  0.407841  0.149795  0.092467  0.170113  0.095252  0.491801  0.091794  0.475163  0.410209  0.353535  0.099607  0.106884  0.093716  0.114886  0.088096  0.102122  0.102043  0.083653  0.092589  0.089526  0.087913  0.096092  0.145933  0.443793  0.124956  0.525905  0.506596  0.137775  0.122964 0.0  0.498007  0.150306  0.427343  0.404492  0.482066  0.118635  0.107737  0.364795  0.469850  0.304511  0.082265  0.416477  0.379696 
49  0.198067  0.326083  0.143852  0.238648  0.461042  0.303828  0.318483  0.356564  0.210728  0.356860  0.706776  0.805771  0.360197  0.468950  0.150278  0.318417  0.202932  0.202740  0.180222  0.209220  0.530994  0.541646  0.533454  0.428920  0.366871  0.449353  0.288424  0.575735  0.139503  0.520709  0.448553  0.466379  0.412288  0.502254  0.410370  0.385274  0.484182  0.391177  0.494938  0.338303  0.415172  0.575651  0.366038  0.488365  0.120869  0.296150  0.537044  0.466267  0.498007 0.0  0.491177  0.157343  0.160248  0.213002  0.422995  0.448036  0.164785  0.138441  0.587918  0.443877  0.174044  0.183979 
50  0.452985  0.428172  0.497963  0.581824  0.094476  0.634262  0.578887  0.591307  0.386772  0.229600  0.425548  0.406917  0.470474  0.171389  0.462831  0.479306  0.473527  0.443551  0.455622  0.426384  0.095257  0.149248  0.122058  0.148902  0.515002  0.151803  0.469330  0.467341  0.451997  0.164652  0.129036  0.177762  0.172140  0.153860  0.177135  0.180030  0.153083  0.169772  0.151391  0.150709  0.144455  0.089890  0.589523  0.133581  0.475496  0.482356  0.109643  0.114178  0.150306  0.491177 0.0  0.476967  0.550671  0.633033  0.115884  0.126462  0.487031  0.449634  0.338698  0.149325  0.506319  0.451544 
51  0.119607  0.433788  0.126520  0.342910  0.460749  0.332296  0.441014  0.408892  0.234485  0.392550  0.782400  0.714759  0.228663  0.416930  0.102741  0.318857  0.123920  0.107892  0.095184  0.120929  0.542478  0.418798  0.466243  0.457836  0.381909  0.414611  0.216623  0.617574  0.161840  0.350242  0.447226  0.397790  0.358130  0.413054  0.399554  0.342026  0.426286  0.389629  0.486370  0.373686  0.398191  0.478637  0.399464  0.420725  0.136338  0.179771  0.449233  0.501235  0.427343  0.157343  0.476967 0.0  0.105966  0.186952  0.574696  0.423112  0.201837  0.190300  0.694274  0.387651  0.091664  0.102381 
52  0.132409  0.417616  0.104031  0.280056  0.480702  0.347204  0.472443  0.464144  0.227517  0.354611  0.728859  0.722830  0.216812  0.438392  0.090538  0.342138  0.141035  0.120205  0.110048  0.120152  0.404869  0.382715  0.438823  0.389853  0.386460  0.364485  0.248974  0.717800  0.127873  0.459122  0.490187  0.375871  0.350139  0.444819  0.351388  0.396529  0.449019  0.438995  0.361506  0.359350  0.427021  0.437200  0.434176  0.468263  0.125962  0.241913  0.530427  0.481851  0.404492  0.160248  0.550671  0.105966 0.0  0.191892  0.427611  0.459690  0.181131  0.172577  0.645145  0.392357  0.104233  0.119528 
53  0.193208  0.424647  0.234744  0.393582  0.614102  0.439220  0.413800  0.484747  0.331977  0.485987  0.768624  0.753423  0.260571  0.523001  0.212628  0.403257  0.196465  0.206220  0.187030  0.213201  0.587749  0.510541  0.597135  0.494416  0.515039  0.425370  0.246223  0.765514  0.254038  0.475243  0.534002  0.488557  0.468554  0.524596  0.471155  0.453038  0.531100  0.532625  0.510550  0.521248  0.554896  0.640598  0.517848  0.633337  0.163551  0.178427  0.574290  0.489705  0.482066  0.213002  0.633033  0.186952  0.191892 0.0  0.536827  0.471798  0.277687  0.272530  0.726543  0.449757  0.201076  0.163673 
54  0.350810  0.432880  0.449166  0.500024  0.106843  0.567040  0.588318  0.589479  0.452260  0.175078  0.446989  0.441838  0.490725  0.147818  0.435708  0.427669  0.407393  0.431115  0.462423  0.414915  0.103940  0.113070  0.142947  0.125804  0.438977  0.110711  0.441466  0.456399  0.412781  0.139522  0.090426  0.125535  0.131197  0.113443  0.146342  0.141629  0.114523  0.135510  0.132119  0.122600  0.110449  0.116361  0.468323  0.111995  0.448781  0.453900  0.110503  0.086477  0.118635  0.422995  0.115884  0.574696  0.427611  0.536827 0.0  0.099778  0.407005  0.415407  0.278171  0.126897  0.399381  0.400947 
55  0.438437  0.383670  0.434531  0.498591  0.120462  0.678456  0.600970  0.506004  0.389860  0.172701  0.406780  0.456393  0.387062  0.128048  0.419819  0.366447  0.469070  0.411711  0.398583  0.427829  0.121927  0.107393  0.140212  0.106825  0.542903  0.113053  0.456618  0.435964  0.423595  0.123533  0.095681  0.124647  0.130863  0.103216  0.135913  0.131401  0.107834  0.124733  0.105581  0.104267  0.096533  0.113889  0.445863  0.101754  0.503319  0.473457  0.112192  0.105631  0.107737  0.448036  0.126462  0.423112  0.459690  0.471798  0.099778 0.0  0.421210  0.430460  0.282420  0.110592  0.405984  0.460295 
56  0.233782  0.269481  0.184255  0.212079  0.454376  0.264985  0.256013  0.347228  0.120464  0.360150  0.681053  0.596395  0.370732  0.409418  0.179360  0.218854  0.217094  0.212088  0.205225  0.204416  0.456491  0.437860  0.555673  0.390057  0.299398  0.409343  0.377616  0.553423  0.129358  0.395289  0.481030  0.392321  0.441515  0.404724  0.382995  0.329277  0.385517  0.420582  0.369932  0.386000  0.367510  0.462518  0.305536  0.489202  0.174756  0.350339  0.414293  0.480440  0.364795  0.164785  0.487031  0.201837  0.181131  0.277687  0.407005  0.421210 0.0  0.112038  0.578622  0.356883  0.201880  0.225742 
57  0.224483  0.316039  0.141650  0.246245  0.454963  0.248416  0.309722  0.367869  0.143439  0.336671  0.737121  0.684768  0.394974  0.380461  0.160291  0.259033  0.207536  0.203533  0.196514  0.170002  0.470688  0.386742  0.477711  0.363114  0.301329  0.347754  0.351608  0.602621  0.111110  0.427716  0.416567  0.347065  0.328040  0.405706  0.399515  0.375553  0.390308  0.365396  0.400652  0.375412  0.428557  0.448270  0.295036  0.435667  0.151606  0.273662  0.476118  0.521165  0.469850  0.138441  0.449634  0.190300  0.172577  0.272530  0.415407  0.430460  0.112038 0.0  0.628253  0.390626  0.186143  0.182670 
58  0.580609  0.434286  0.671810  0.683519  0.277169  0.540456  0.692673  0.600468  0.561239  0.403679  0.254627  0.294091  0.727068  0.331648  0.551990  0.445307  0.590254  0.514948  0.564529  0.695240  0.335359  0.341847  0.218291  0.296610  0.500709  0.328821  0.687870  0.326436  0.623039  0.308530  0.273146  0.316325  0.380802  0.300469  0.339025  0.330553  0.370717  0.318871  0.292537  0.321337  0.305374  0.272526  0.544549  0.264710  0.695909  0.676786  0.259120  0.308669  0.304511  0.587918  0.338698  0.694274  0.645145  0.726543  0.278171  0.282420  0.578622  0.628253 0.0  0.322461  0.684476  0.642054 
59  0.333284  0.408856  0.380428  0.527197  0.153738  0.470563  0.518955  0.573258  0.382782  0.145056  0.435856  0.477855  0.503074  0.114066  0.405137  0.347056  0.431541  0.379327  0.392119  0.401896  0.150537  0.092233  0.146843  0.094131  0.498256  0.091232  0.392121  0.466286  0.460596  0.101036  0.103300  0.095074  0.111342  0.089010  0.098260  0.099695  0.083333  0.090620  0.090391  0.087405  0.095592  0.145737  0.475021  0.126289  0.410710  0.477724  0.136985  0.116756  0.082265  0.443877  0.149325  0.387651  0.392357  0.449757  0.126897  0.110592  0.356883  0.390626  0.322461 0.0  0.383570  0.395837 
60  0.104525  0.332271  0.131105  0.315913  0.511598  0.414092  0.433249  0.440546  0.210444  0.349628  0.872898  0.709015  0.261337  0.329911  0.096164  0.352455  0.113459  0.109191  0.088694  0.107301  0.414535  0.418021  0.513170  0.410981  0.349604  0.405250  0.210530  0.631284  0.168348  0.302537  0.453609  0.349666  0.361886  0.335408  0.346662  0.350240  0.382260  0.392184  0.394246  0.394140  0.382476  0.457892  0.425625  0.406519  0.158664  0.226430  0.515879  0.408124  0.416477  0.174044  0.506319  0.091664  0.104233  0.201076  0.399381  0.405984  0.201880  0.186143  0.684476  0.383570 0.0  0.095934 
61  0.094178  0.385349  0.154732  0.374031  0.505880  0.413319  0.383944  0.481713  0.223736  0.330378  0.814402  0.682085  0.219535  0.398757  0.111609  0.336971  0.099390  0.095612  0.093540  0.105573  0.434666  0.434988  0.473496  0.393574  0.419238  0.408843  0.204386  0.666396  0.163372  0.404809  0.382572  0.426050  0.370310  0.374874  0.396260  0.414819  0.379935  0.362167  0.370931  0.345258  0.439706  0.465174  0.474206  0.469049  0.154195  0.230714  0.450487  0.460938  0.379696  0.183979  0.451544  0.102381  0.119528  0.163673  0.400947  0.460295  0.225742  0.182670  0.642054  0.395837  0.095934 0.0 
