62
0 0.0  0.500857  0.171623  0.425956  0.540043  0.466608  0.584690  0.521371  0.223437  0.453394  0.852018  0.832485  0.351630  0.443630  0.215829  0.437637  0.176131  0.186132  0.166179  0.082957  0.574621  0.536349  0.619305  0.418195  0.524735  0.363262  0.119831  0.794058  0.166738  0.546534  0.453771  0.478639  0.413654  0.398084  0.478832  0.405211  0.441797  0.438391  0.419851  0.339582  0.556822  0.508072  0.412547  0.568310  0.218820  0.267951  0.478599  0.475623  0.482952  0.133217  0.579311  0.167111  0.082957  0.218807  0.370318  0.552901  0.292362  0.222598  0.584455  0.301205  0.082957  0.082957 
1  0.500857 0.0  0.491765  0.255657  0.454888  0.297614  0.162502  0.310364  0.282648  0.405507  0.546590  0.514476  0.628709  0.486516  0.430414  0.155868  0.473396  0.375114  0.390112  0.507092  0.638308  0.512721  0.592952  0.475761  0.221486  0.540076  0.683768  0.377756  0.512353  0.434095  0.499119  0.526174  0.463279  0.464323  0.350726  0.337247  0.573874  0.411262  0.457899  0.528252  0.479220  0.639762  0.205200  0.566688  0.386098  0.601199  0.513031  0.560280  0.546951  0.500198  0.558507  0.571751  0.356862  0.586922  0.619854  0.598121  0.322156  0.420528  0.494878  0.507526  0.516518  0.384208 
2  0.171623  0.491765 0.0  0.376276  0.611378  0.397937  0.493889  0.201794  0.247893  0.438010  0.831537  0.868053  0.311113  0.500085  0.084249  0.413017  0.105931  0.140805  0.098030  0.128042  0.623405  0.604419  0.622859  0.496069  0.406172  0.374902  0.276631  0.785458  0.209425  0.380702  0.560827  0.486066  0.346554  0.384118  0.432110  0.355059  0.425371  0.488434  0.464710  0.543702  0.487426  0.555877  0.377073  0.467431  0.369707  0.301876  0.563539  0.587990  0.372225  0.190944  0.622758  0.096520  0.111575  0.145285  0.543737  0.556671  0.177539  0.286739  0.748887  0.470408  0.082957  0.202604 
3  0.425956  0.255657  0.376276 0.0  0.706245  0.234638  0.158886  0.183909  0.196021  0.510303  0.737697  0.810684  0.560904  0.458871  0.437972  0.269685  0.554072  0.559382  0.314823  0.506922  0.711311  0.522213  0.713966  0.588363  0.227788  0.655294  0.555567  0.635853  0.271010  0.647895  0.609772  0.535551  0.631405  0.588534  0.591431  0.556187  0.616818  0.557215  0.638261  0.463966  0.571104  0.714897  0.212328  0.668504  0.294125  0.537582  0.735173  0.561807  0.577290  0.265966  0.577132  0.477470  0.430357  0.505667  0.465930  0.485632  0.211715  0.265089  0.626858  0.537116  0.345745  0.387385 
4  0.540043  0.454888  0.611378  0.706245 0.0  0.698094  0.707533  0.680031  0.511827  0.302771  0.575822  0.521840  0.536368  0.112052  0.521913  0.551599  0.575670  0.496210  0.491599  0.547673  0.082957  0.119888  0.147170  0.164589  0.534975  0.082957  0.524232  0.554338  0.514097  0.279635  0.139408  0.220624  0.082957  0.099761  0.120679  0.111085  0.172970  0.097496  0.115368  0.257265  0.167125  0.118276  0.665976  0.205605  0.581228  0.612012  0.271374  0.082957  0.245409  0.686769  0.116865  0.578954  0.578959  0.719311  0.082957  0.158836  0.554831  0.581651  0.268387  0.082957  0.536162  0.490119 
5  0.466608  0.297614  0.397937  0.234638  0.698094 0.0  0.147187  0.235267  0.310439  0.588740  0.838429  0.815252  0.639161  0.682470  0.364044  0.343719  0.342237  0.515868  0.458519  0.371673  0.781220  0.680394  0.818421  0.632612  0.350142  0.641138  0.638289  0.687057  0.400629  0.741217  0.689177  0.675226  0.655479  0.744151  0.524361  0.689654  0.638259  0.585747  0.551458  0.610626  0.723687  0.746040  0.270948  0.584141  0.372274  0.640896  0.738337  0.747741  0.642834  0.290307  0.745034  0.559460  0.429416  0.484036  0.693795  0.705915  0.250900  0.437651  0.878768  0.678799  0.429053  0.370419 
6  0.584690  0.162502  0.493889  0.158886  0.707533  0.147187 0.0  0.246884  0.379800  0.682422  0.799498  0.753661  0.532715  0.619798  0.422940  0.278956  0.509429  0.541027  0.552555  0.455484  0.694906  0.690212  0.800585  0.642671  0.237077  0.666362  0.689137  0.689210  0.390062  0.696274  0.751262  0.663264  0.605274  0.704146  0.616879  0.667945  0.617946  0.611259  0.715932  0.634260  0.673817  0.685898  0.174206  0.679284  0.443408  0.660657  0.629374  0.731953  0.609347  0.343500  0.808674  0.413318  0.499869  0.548836  0.662399  0.654324  0.283424  0.416579  0.835353  0.597892  0.492089  0.364264 
7  0.521371  0.310364  0.201794  0.183909  0.680031  0.235267  0.246884 0.0  0.384861  0.632319  0.751141  0.767701  0.661517  0.591032  0.518074  0.212057  0.574153  0.541843  0.434501  0.554109  0.750299  0.677249  0.729919  0.702233  0.321337  0.737957  0.630390  0.569185  0.528760  0.708044  0.733682  0.721322  0.631425  0.592187  0.606777  0.693218  0.590022  0.601465  0.683581  0.588117  0.626952  0.746563  0.200282  0.692006  0.575206  0.734900  0.645201  0.629378  0.625761  0.357715  0.696927  0.560823  0.509820  0.502617  0.693239  0.771988  0.235701  0.488815  0.799599  0.625024  0.549613  0.510429 
8  0.223437  0.282648  0.247893  0.196021  0.511827  0.310439  0.379800  0.384861 0.0  0.326347  0.822091  0.814438  0.463418  0.326452  0.246573  0.377911  0.292934  0.306430  0.301298  0.253155  0.604347  0.471753  0.632451  0.450898  0.279406  0.325085  0.444782  0.710331  0.129353  0.435586  0.360399  0.303167  0.428383  0.562657  0.332226  0.466137  0.473267  0.365713  0.422563  0.517666  0.456563  0.469423  0.183836  0.430058  0.260683  0.460078  0.539935  0.453093  0.453063  0.191965  0.597474  0.310139  0.346579  0.426009  0.478367  0.420036  0.082957  0.155182  0.697427  0.429023  0.206078  0.311678 
9  0.453394  0.405507  0.438010  0.510303  0.302771  0.588740  0.682422  0.632319  0.326347 0.0  0.591101  0.546336  0.431877  0.125923  0.330473  0.434399  0.368307  0.292296  0.353919  0.280228  0.283879  0.182871  0.247260  0.233823  0.614009  0.177562  0.463887  0.590776  0.436796  0.136099  0.127153  0.160947  0.205625  0.199669  0.193486  0.177767  0.175021  0.187150  0.279221  0.273472  0.200058  0.159982  0.378232  0.239293  0.428016  0.586077  0.226168  0.210842  0.232222  0.399503  0.348213  0.520056  0.445909  0.486935  0.244026  0.247725  0.351449  0.419149  0.453698  0.222873  0.343229  0.431478 
10  0.852018  0.546590  0.831537  0.737697  0.575822  0.838429  0.799498  0.751141  0.822091  0.591101 0.0  0.191113  0.934800  0.495135  0.828786  0.723569  0.937865  0.874290  0.776237  0.836734  0.594635  0.574290  0.454650  0.534291  0.610903  0.488922  0.966234  0.179979  0.768730  0.524325  0.508498  0.555569  0.501316  0.501745  0.595374  0.559884  0.521773  0.640107  0.446101  0.575396  0.526900  0.520421  0.561837  0.590991  0.894498  0.968789  0.440950  0.511035  0.551397  1.000000  0.447219  0.985455  0.798833  0.968000  0.556079  0.451891  0.745026  0.740029  0.338245  0.558204  0.806836  0.880174 
11  0.832485  0.514476  0.868053  0.810684  0.521840  0.815252  0.753661  0.767701  0.814438  0.546336  0.191113 0.0  0.933278  0.594727  0.849712  0.631984  0.909362  0.887831  0.810803  0.725390  0.615028  0.446565  0.420278  0.675567  0.616905  0.692191  0.911607  0.141669  0.875008  0.603041  0.560657  0.596525  0.662754  0.445665  0.539127  0.591318  0.558965  0.590252  0.554344  0.528214  0.605372  0.449836  0.586757  0.499417  0.813763  0.937476  0.548455  0.548026  0.515787  0.830413  0.535977  0.766764  0.808686  0.887343  0.520960  0.557532  0.785812  0.786242  0.197669  0.591647  0.822387  0.915052 
12  0.351630  0.628709  0.311113  0.560904  0.536368  0.639161  0.532715  0.661517  0.463418  0.431877  0.934800  0.933278 0.0  0.543360  0.223655  0.540880  0.374734  0.398093  0.317137  0.294329  0.548550  0.474190  0.724852  0.508051  0.715016  0.592492  0.157534  0.840703  0.358328  0.379540  0.592923  0.516158  0.399890  0.558642  0.480599  0.527853  0.496100  0.604502  0.582111  0.521636  0.603590  0.526062  0.682265  0.511933  0.305120  0.176138  0.673651  0.508886  0.411174  0.433209  0.589486  0.440869  0.340141  0.308777  0.513525  0.461461  0.513533  0.480562  0.787248  0.527028  0.215746  0.262405 
13  0.443630  0.486516  0.500085  0.458871  0.112052  0.682470  0.619798  0.591032  0.326452  0.125923  0.495135  0.594727  0.543360 0.0  0.491665  0.371742  0.378090  0.446363  0.489893  0.381894  0.167107  0.082957  0.181672  0.149381  0.444606  0.160691  0.473554  0.550216  0.427244  0.085237  0.159470  0.082957  0.122740  0.082957  0.082957  0.136132  0.212349  0.180361  0.166050  0.082957  0.127070  0.211270  0.483369  0.087634  0.451747  0.530294  0.258215  0.116405  0.132904  0.509053  0.124323  0.483858  0.443608  0.626557  0.124896  0.123684  0.487425  0.480626  0.449356  0.148144  0.548887  0.547746 
14  0.215829  0.430414  0.084249  0.437972  0.521913  0.364044  0.422940  0.518074  0.246573  0.330473  0.828786  0.849712  0.223655  0.491665 0.0  0.370947  0.101762  0.154852  0.082957  0.174658  0.443298  0.572112  0.520645  0.471890  0.441535  0.495164  0.326578  0.662521  0.164742  0.430748  0.510804  0.520146  0.407149  0.556786  0.499098  0.533906  0.554681  0.485150  0.513082  0.524136  0.495514  0.557679  0.405414  0.434820  0.201526  0.125346  0.560331  0.481244  0.505681  0.223204  0.557583  0.082957  0.082957  0.234139  0.473855  0.545878  0.135162  0.190793  0.631542  0.459621  0.086953  0.191205 
15  0.437637  0.155868  0.413017  0.269685  0.551599  0.343719  0.278956  0.212057  0.377911  0.434399  0.723569  0.631984  0.540880  0.371742  0.370947 0.0  0.392504  0.412541  0.437850  0.374761  0.535881  0.393084  0.507859  0.481996  0.173593  0.498662  0.549158  0.333943  0.284133  0.510726  0.391255  0.421398  0.290218  0.477660  0.403253  0.433113  0.488998  0.457999  0.415244  0.516939  0.463986  0.475702  0.112721  0.436279  0.400260  0.508711  0.491271  0.434731  0.514176  0.396264  0.463324  0.332383  0.422160  0.465597  0.459859  0.438755  0.204950  0.401756  0.468898  0.415150  0.402233  0.503931 
16  0.176131  0.473396  0.105931  0.554072  0.575670  0.342237  0.509429  0.574153  0.292934  0.368307  0.937865  0.909362  0.374734  0.378090  0.101762  0.392504 0.0  0.117566  0.082957  0.096684  0.476690  0.328831  0.630914  0.411019  0.662365  0.532567  0.181182  0.808552  0.287479  0.452667  0.474442  0.422441  0.347761  0.444281  0.367368  0.480232  0.543533  0.471724  0.501822  0.478665  0.515431  0.475461  0.542442  0.449910  0.301899  0.239695  0.502947  0.531581  0.485659  0.258299  0.557013  0.111744  0.209940  0.185439  0.556656  0.495471  0.174795  0.187362  0.779734  0.316700  0.082957  0.146690 
17  0.186132  0.375114  0.140805  0.559382  0.496210  0.515868  0.541027  0.541843  0.306430  0.292296  0.874290  0.887831  0.398093  0.446363  0.154852  0.412541  0.117566 0.0  0.102312  0.179546  0.543721  0.530954  0.539871  0.338011  0.514858  0.409868  0.291281  0.780904  0.228596  0.474743  0.521572  0.420013  0.339614  0.392040  0.439393  0.405601  0.484532  0.523176  0.510056  0.399717  0.516291  0.632733  0.445534  0.525865  0.233828  0.171037  0.481144  0.479772  0.453712  0.237554  0.622948  0.132376  0.131248  0.191828  0.516290  0.476212  0.306797  0.248593  0.806475  0.543556  0.169132  0.082957 
18  0.166179  0.390112  0.098030  0.314823  0.491599  0.458519  0.552555  0.434501  0.301298  0.353919  0.776237  0.810803  0.317137  0.489893  0.082957  0.437850  0.082957  0.102312 0.0  0.130851  0.498212  0.484973  0.484438  0.463356  0.508343  0.624816  0.300137  0.730982  0.194884  0.419750  0.559405  0.493295  0.414404  0.514944  0.440321  0.573483  0.451679  0.571831  0.472005  0.418654  0.432517  0.633827  0.467112  0.581693  0.330296  0.318510  0.573959  0.442122  0.366741  0.188575  0.537654  0.138567  0.105816  0.313050  0.554996  0.468691  0.298090  0.230708  0.730571  0.469470  0.089095  0.082957 
19  0.082957  0.507092  0.128042  0.506922  0.547673  0.371673  0.455484  0.554109  0.253155  0.280228  0.836734  0.725390  0.294329  0.381894  0.174658  0.374761  0.096684  0.179546  0.130851 0.0  0.481370  0.449551  0.628416  0.410398  0.391954  0.369590  0.166127  0.651111  0.321444  0.415423  0.458640  0.307816  0.470725  0.439735  0.532558  0.438916  0.446940  0.322062  0.550911  0.473760  0.367307  0.556625  0.463114  0.496450  0.082957  0.164665  0.462445  0.576864  0.432664  0.082957  0.543129  0.150148  0.214829  0.203107  0.574539  0.460250  0.219736  0.132409  0.607653  0.389181  0.121331  0.099586 
20  0.574621  0.638308  0.623405  0.711311  0.082957  0.781220  0.694906  0.750299  0.604347  0.283879  0.594635  0.615028  0.548550  0.167107  0.443298  0.535881  0.476690  0.543721  0.498212  0.481370 0.0  0.082957  0.126038  0.123755  0.491779  0.082957  0.547096  0.518558  0.490640  0.233798  0.187367  0.159336  0.143853  0.159427  0.190586  0.110813  0.252544  0.082957  0.082957  0.176333  0.270574  0.169568  0.588208  0.082957  0.530200  0.770071  0.089217  0.082957  0.165494  0.550214  0.106222  0.549245  0.591146  0.727496  0.082957  0.158628  0.478090  0.535828  0.379743  0.319099  0.471028  0.553701 
21  0.536349  0.512721  0.604419  0.522213  0.119888  0.680394  0.690212  0.677249  0.471753  0.182871  0.574290  0.446565  0.474190  0.082957  0.572112  0.393084  0.328831  0.530954  0.484973  0.449551  0.082957 0.0  0.212768  0.110820  0.561985  0.093749  0.589199  0.504693  0.400567  0.139983  0.140224  0.082957  0.120641  0.131569  0.139015  0.150996  0.100575  0.082957  0.136746  0.082957  0.082957  0.125976  0.577138  0.124564  0.513198  0.524455  0.160678  0.219788  0.129709  0.478061  0.232316  0.392863  0.547243  0.530031  0.219855  0.212493  0.547363  0.495291  0.356411  0.187093  0.490690  0.458607 
22  0.619305  0.592952  0.622859  0.713966  0.147170  0.818421  0.800585  0.729919  0.632451  0.247260  0.454650  0.420278  0.724852  0.181672  0.520645  0.507859  0.630914  0.539871  0.484438  0.628416  0.126038  0.212768 0.0  0.082957  0.603427  0.155668  0.726988  0.465532  0.576535  0.264989  0.110049  0.121048  0.171784  0.200891  0.139582  0.286445  0.088870  0.266895  0.230166  0.149258  0.311710  0.082957  0.580672  0.088765  0.531044  0.645230  0.097108  0.207513  0.233972  0.659728  0.276011  0.540403  0.622080  0.703278  0.148548  0.123785  0.612624  0.556863  0.116180  0.275848  0.510381  0.608603 
23  0.418195  0.475761  0.496069  0.588363  0.164589  0.632612  0.642671  0.702233  0.450898  0.233823  0.534291  0.675567  0.508051  0.149381  0.471890  0.481996  0.411019  0.338011  0.463356  0.410398  0.123755  0.110820  0.082957 0.0  0.648276  0.113349  0.472015  0.527172  0.503709  0.098367  0.099855  0.111189  0.157116  0.163357  0.147048  0.196369  0.100461  0.142957  0.082957  0.082957  0.082957  0.104972  0.524158  0.082957  0.549725  0.470846  0.139432  0.086068  0.082957  0.554475  0.192996  0.326202  0.465178  0.693376  0.163630  0.141682  0.523002  0.503036  0.368275  0.082957  0.348403  0.478324 
24  0.524735  0.221486  0.406172  0.227788  0.534975  0.350142  0.237077  0.321337  0.279406  0.614009  0.610903  0.616905  0.715016  0.444606  0.441535  0.173593  0.662365  0.514858  0.508343  0.391954  0.491779  0.561985  0.603427  0.648276 0.0  0.528443  0.689754  0.410606  0.321539  0.569335  0.528662  0.542674  0.638447  0.561180  0.595595  0.508286  0.535987  0.523539  0.612825  0.512527  0.660043  0.644806  0.115406  0.492149  0.437134  0.569939  0.571053  0.669365  0.626872  0.467969  0.593559  0.430403  0.501696  0.537062  0.555053  0.536779  0.295192  0.431203  0.763595  0.606809  0.506798  0.496724 
25  0.363262  0.540076  0.374902  0.655294  0.082957  0.641138  0.666362  0.737957  0.325085  0.177562  0.488922  0.692191  0.592492  0.160691  0.495164  0.498662  0.532567  0.409868  0.624816  0.369590  0.082957  0.093749  0.155668  0.113349  0.528443 0.0  0.464136  0.595599  0.436979  0.136898  0.237685  0.082957  0.093745  0.153652  0.217409  0.111286  0.191781  0.084280  0.082957  0.082957  0.082957  0.235485  0.558155  0.148941  0.625953  0.531959  0.180817  0.174109  0.082957  0.468328  0.125955  0.534153  0.487874  0.736105  0.082957  0.082957  0.470192  0.469716  0.324964  0.082957  0.468346  0.530238 
26  0.119831  0.683768  0.276631  0.555567  0.524232  0.638289  0.689137  0.630390  0.444782  0.463887  0.966234  0.911607  0.157534  0.473554  0.326578  0.549158  0.181182  0.291281  0.300137  0.166127  0.547096  0.589199  0.726988  0.472015  0.689754  0.464136 0.0  0.863092  0.403032  0.442435  0.471452  0.524737  0.465246  0.613998  0.377893  0.496483  0.446303  0.488732  0.497293  0.462197  0.519640  0.633723  0.760430  0.530727  0.360620  0.146602  0.708345  0.454672  0.491945  0.403022  0.466757  0.178819  0.279936  0.270286  0.509368  0.491663  0.503442  0.323228  0.764447  0.537994  0.254485  0.374763 
27  0.794058  0.377756  0.785458  0.635853  0.554338  0.687057  0.689210  0.569185  0.710331  0.590776  0.179979  0.141669  0.840703  0.550216  0.662521  0.333943  0.808552  0.780904  0.730982  0.651111  0.518558  0.504693  0.465532  0.527172  0.410606  0.595599  0.863092 0.0  0.620185  0.564982  0.448478  0.512162  0.440744  0.523612  0.542461  0.386323  0.517845  0.641386  0.495615  0.588322  0.579856  0.572826  0.463627  0.488726  0.875806  0.962481  0.465376  0.518938  0.506262  0.772308  0.629691  0.712699  0.730273  0.940570  0.648509  0.466114  0.669080  0.735938  0.352139  0.498514  0.708797  0.874214 
28  0.166738  0.512353  0.209425  0.271010  0.514097  0.400629  0.390062  0.528760  0.129353  0.436796  0.768730  0.875008  0.358328  0.427244  0.164742  0.284133  0.287479  0.228596  0.194884  0.321444  0.490640  0.400567  0.576535  0.503709  0.321539  0.436979  0.403032  0.620185 0.0  0.486784  0.574585  0.376507  0.427980  0.499818  0.406824  0.354189  0.424917  0.472806  0.409109  0.527104  0.538548  0.509720  0.515694  0.484580  0.160723  0.404926  0.520895  0.492669  0.396803  0.175176  0.479121  0.242904  0.181446  0.199178  0.522081  0.460356  0.122716  0.105505  0.648924  0.362468  0.176291  0.216571 
29  0.546534  0.434095  0.380702  0.647895  0.279635  0.741217  0.696274  0.708044  0.435586  0.136099  0.524325  0.603041  0.379540  0.085237  0.430748  0.510726  0.452667  0.474743  0.419750  0.415423  0.233798  0.139983  0.264989  0.098367  0.569335  0.136898  0.442435  0.564982  0.486784 0.0  0.082957  0.101529  0.165633  0.101663  0.126788  0.082957  0.082957  0.082957  0.117008  0.082957  0.098894  0.133985  0.623791  0.138718  0.506854  0.514433  0.221051  0.164168  0.082957  0.574168  0.236816  0.440323  0.529697  0.458505  0.189860  0.167712  0.473660  0.332686  0.444080  0.082957  0.642461  0.460675 
30  0.453771  0.499119  0.560827  0.609772  0.139408  0.689177  0.751262  0.733682  0.360399  0.127153  0.508498  0.560657  0.592923  0.159470  0.510804  0.391255  0.474442  0.521572  0.559405  0.458640  0.187367  0.140224  0.110049  0.099855  0.528662  0.237685  0.471452  0.448478  0.574585  0.082957 0.0  0.082957  0.097422  0.192738  0.249436  0.148965  0.158743  0.082957  0.112969  0.082957  0.173783  0.097139  0.523225  0.181454  0.548095  0.575311  0.082957  0.198171  0.094501  0.680183  0.210577  0.621683  0.323696  0.656875  0.082957  0.082957  0.547180  0.523194  0.287621  0.154418  0.509301  0.512152 
31  0.478639  0.526174  0.486066  0.535551  0.220624  0.675226  0.663264  0.721322  0.303167  0.160947  0.555569  0.596525  0.516158  0.082957  0.520146  0.421398  0.422441  0.420013  0.493295  0.307816  0.159336  0.082957  0.121048  0.111189  0.542674  0.082957  0.524737  0.512162  0.376507  0.101529  0.082957 0.0  0.197104  0.152953  0.082957  0.191168  0.089293  0.087108  0.115346  0.111552  0.082957  0.118528  0.543472  0.156494  0.454899  0.470243  0.082957  0.136682  0.082957  0.478543  0.245835  0.438047  0.481538  0.641109  0.090806  0.107980  0.509796  0.243642  0.482230  0.082957  0.504196  0.520923 
32  0.413654  0.463279  0.346554  0.631405  0.082957  0.655479  0.605274  0.631425  0.428383  0.205625  0.501316  0.662754  0.399890  0.122740  0.407149  0.290218  0.347761  0.339614  0.414404  0.470725  0.143853  0.120641  0.171784  0.157116  0.638447  0.093745  0.465246  0.440744  0.427980  0.165633  0.097422  0.197104 0.0  0.095386  0.156220  0.090432  0.082957  0.171889  0.092861  0.082957  0.141656  0.149880  0.623512  0.176965  0.584971  0.630356  0.297674  0.217514  0.134102  0.605362  0.082957  0.489765  0.403089  0.617039  0.127437  0.124861  0.503120  0.480356  0.407340  0.132042  0.391372  0.438536 
33  0.398084  0.464323  0.384118  0.588534  0.099761  0.744151  0.704146  0.592187  0.562657  0.199669  0.501745  0.445665  0.558642  0.082957  0.556786  0.477660  0.444281  0.392040  0.514944  0.439735  0.159427  0.131569  0.200891  0.163357  0.561180  0.153652  0.613998  0.523612  0.499818  0.101663  0.192738  0.152953  0.095386 0.0  0.147114  0.164075  0.095403  0.148293  0.146244  0.145275  0.084966  0.178448  0.568017  0.082957  0.591366  0.599221  0.082957  0.236516  0.082957  0.630014  0.201381  0.442779  0.426826  0.563654  0.154120  0.082957  0.493603  0.573977  0.316650  0.129530  0.503791  0.502709 
34  0.478832  0.350726  0.432110  0.591431  0.120679  0.524361  0.616879  0.606777  0.332226  0.193486  0.595374  0.539127  0.480599  0.082957  0.499098  0.403253  0.367368  0.439393  0.440321  0.532558  0.190586  0.139015  0.139582  0.147048  0.595595  0.217409  0.377893  0.542461  0.406824  0.126788  0.249436  0.082957  0.156220  0.147114 0.0  0.082957  0.082957  0.082957  0.152869  0.082957  0.116903  0.160931  0.516183  0.186093  0.583537  0.573665  0.214431  0.196068  0.082957  0.542189  0.098297  0.387378  0.474750  0.525912  0.179823  0.116574  0.479636  0.456567  0.437150  0.082957  0.460199  0.487394 
35  0.405211  0.337247  0.355059  0.556187  0.111085  0.689654  0.667945  0.693218  0.466137  0.177767  0.559884  0.591318  0.527853  0.136132  0.533906  0.433113  0.480232  0.405601  0.573483  0.438916  0.110813  0.150996  0.286445  0.196369  0.508286  0.111286  0.496483  0.386323  0.354189  0.082957  0.148965  0.191168  0.090432  0.164075  0.082957 0.0  0.093098  0.082957  0.095992  0.112296  0.163433  0.295596  0.465147  0.127349  0.531764  0.418109  0.210844  0.159801  0.136965  0.499420  0.157500  0.412404  0.498273  0.691703  0.082957  0.082957  0.549205  0.382674  0.457487  0.082957  0.411717  0.465692 
36  0.441797  0.573874  0.425371  0.616818  0.172970  0.638259  0.617946  0.590022  0.473267  0.175021  0.521773  0.558965  0.496100  0.212349  0.554681  0.488998  0.543533  0.484532  0.451679  0.446940  0.252544  0.100575  0.088870  0.100461  0.535987  0.191781  0.446303  0.517845  0.424917  0.082957  0.158743  0.089293  0.082957  0.095403  0.082957  0.093098 0.0  0.110970  0.143264  0.103324  0.088816  0.203770  0.526933  0.088824  0.607175  0.729200  0.159338  0.082957  0.116023  0.571626  0.200399  0.321340  0.494264  0.524787  0.222636  0.082957  0.474108  0.538986  0.338103  0.082957  0.341918  0.483031 
37  0.438391  0.411262  0.488434  0.557215  0.097496  0.585747  0.611259  0.601465  0.365713  0.187150  0.640107  0.590252  0.604502  0.180361  0.485150  0.457999  0.471724  0.523176  0.571831  0.322062  0.082957  0.082957  0.266895  0.142957  0.523539  0.084280  0.488732  0.641386  0.472806  0.082957  0.082957  0.087108  0.171889  0.148293  0.082957  0.082957  0.110970 0.0  0.082957  0.082957  0.082957  0.203721  0.589647  0.082957  0.449991  0.649613  0.171749  0.205216  0.102514  0.518034  0.265109  0.573347  0.490473  0.637896  0.165518  0.143354  0.427788  0.421019  0.395371  0.082957  0.367600  0.403310 
38  0.419851  0.457899  0.464710  0.638261  0.115368  0.551458  0.715932  0.683581  0.422563  0.279221  0.446101  0.554344  0.582111  0.166050  0.513082  0.415244  0.501822  0.510056  0.472005  0.550911  0.082957  0.136746  0.230166  0.082957  0.612825  0.082957  0.497293  0.495615  0.409109  0.117008  0.112969  0.115346  0.092861  0.146244  0.152869  0.095992  0.143264  0.082957 0.0  0.200451  0.082957  0.116975  0.457737  0.161353  0.580301  0.583468  0.082957  0.158961  0.177055  0.555305  0.244258  0.524821  0.513765  0.477252  0.240282  0.179257  0.411827  0.475836  0.350756  0.082957  0.554896  0.443980 
39  0.339582  0.528252  0.543702  0.463966  0.257265  0.610626  0.634260  0.588117  0.517666  0.273472  0.575396  0.528214  0.521636  0.082957  0.524136  0.516939  0.478665  0.399717  0.418654  0.473760  0.176333  0.082957  0.149258  0.082957  0.512527  0.082957  0.462197  0.588322  0.527104  0.082957  0.082957  0.111552  0.082957  0.145275  0.082957  0.112296  0.103324  0.082957  0.200451 0.0  0.120330  0.163641  0.504031  0.108919  0.521933  0.477910  0.107003  0.141832  0.082957  0.590990  0.152795  0.342810  0.418498  0.763752  0.082957  0.113921  0.422863  0.563393  0.337178  0.091745  0.346920  0.474720 
40  0.556822  0.479220  0.487426  0.571104  0.167125  0.723687  0.673817  0.626952  0.456563  0.200058  0.526900  0.605372  0.603590  0.127070  0.495514  0.463986  0.515431  0.516291  0.432517  0.367307  0.270574  0.082957  0.311710  0.082957  0.660043  0.082957  0.519640  0.579856  0.538548  0.098894  0.173783  0.082957  0.141656  0.084966  0.116903  0.163433  0.088816  0.082957  0.082957  0.120330 0.0  0.120571  0.606172  0.143515  0.538189  0.590285  0.082957  0.095044  0.158650  0.647064  0.183400  0.419492  0.462436  0.580475  0.116223  0.082957  0.518240  0.464832  0.322267  0.129095  0.486601  0.507755 
41  0.508072  0.639762  0.555877  0.714897  0.118276  0.746040  0.685898  0.746563  0.469423  0.159982  0.520421  0.449836  0.526062  0.211270  0.557679  0.475702  0.475461  0.632733  0.633827  0.556625  0.169568  0.125976  0.082957  0.104972  0.644806  0.235485  0.633723  0.572826  0.509720  0.133985  0.097139  0.118528  0.149880  0.178448  0.160931  0.295596  0.203770  0.203721  0.116975  0.163641  0.120571 0.0  0.612584  0.198088  0.582447  0.578064  0.082957  0.082957  0.139691  0.608790  0.117077  0.546651  0.580307  0.558952  0.202961  0.082957  0.591764  0.567645  0.292834  0.233909  0.467686  0.557358 
42  0.412547  0.205200  0.377073  0.212328  0.665976  0.270948  0.174206  0.200282  0.183836  0.378232  0.561837  0.586757  0.682265  0.483369  0.405414  0.112721  0.542442  0.445534  0.467112  0.463114  0.588208  0.577138  0.580672  0.524158  0.115406  0.558155  0.760430  0.463627  0.515694  0.623791  0.523225  0.543472  0.623512  0.568017  0.516183  0.465147  0.526933  0.589647  0.457737  0.504031  0.606172  0.612584 0.0  0.689591  0.444515  0.664778  0.551081  0.579132  0.621085  0.350844  0.655969  0.503447  0.496250  0.550156  0.528176  0.540948  0.317032  0.352104  0.628564  0.562467  0.575017  0.438271 
43  0.568310  0.566688  0.467431  0.668504  0.205605  0.584141  0.679284  0.692006  0.430058  0.239293  0.590991  0.499417  0.511933  0.087634  0.434820  0.436279  0.449910  0.525865  0.581693  0.496450  0.082957  0.124564  0.088765  0.082957  0.492149  0.148941  0.530727  0.488726  0.484580  0.138718  0.181454  0.156494  0.176965  0.082957  0.186093  0.127349  0.088824  0.082957  0.161353  0.108919  0.143515  0.198088  0.689591 0.0  0.612609  0.670814  0.082957  0.082957  0.082957  0.550978  0.153781  0.517389  0.562223  0.528162  0.135995  0.082957  0.480566  0.577261  0.392174  0.212710  0.654800  0.581127 
44  0.218820  0.386098  0.369707  0.294125  0.581228  0.372274  0.443408  0.575206  0.260683  0.428016  0.894498  0.813763  0.305120  0.451747  0.201526  0.400260  0.301899  0.233828  0.330296  0.082957  0.530200  0.513198  0.531044  0.549725  0.437134  0.625953  0.360620  0.875806  0.160723  0.506854  0.548095  0.454899  0.584971  0.591366  0.583537  0.531764  0.607175  0.449991  0.580301  0.521933  0.538189  0.582447  0.444515  0.612609 0.0  0.336611  0.615066  0.559510  0.504594  0.113894  0.515917  0.165827  0.082957  0.237222  0.575130  0.583496  0.187380  0.241402  0.877848  0.461902  0.171408  0.219154 
45  0.267951  0.601199  0.301876  0.537582  0.612012  0.640896  0.660657  0.734900  0.460078  0.586077  0.968789  0.937476  0.176138  0.530294  0.125346  0.508711  0.239695  0.171037  0.318510  0.164665  0.770071  0.524455  0.645230  0.470846  0.569939  0.531959  0.146602  0.962481  0.404926  0.514433  0.575311  0.470243  0.630356  0.599221  0.573665  0.418109  0.729200  0.649613  0.583468  0.477910  0.590285  0.578064  0.664778  0.670814  0.336611 0.0  0.584564  0.619050  0.556308  0.424178  0.594434  0.301462  0.318912  0.131176  0.618101  0.668872  0.417089  0.367756  0.829080  0.600689  0.279859  0.263145 
46  0.478599  0.513031  0.563539  0.735173  0.271374  0.738337  0.629374  0.645201  0.539935  0.226168  0.440950  0.548455  0.673651  0.258215  0.560331  0.491271  0.502947  0.481144  0.573959  0.462445  0.089217  0.160678  0.097108  0.139432  0.571053  0.180817  0.708345  0.465376  0.520895  0.221051  0.082957  0.082957  0.297674  0.082957  0.214431  0.210844  0.159338  0.171749  0.082957  0.107003  0.082957  0.082957  0.551081  0.082957  0.615066  0.584564 0.0  0.082957  0.117211  0.571231  0.111856  0.578657  0.623137  0.592074  0.108427  0.232636  0.455906  0.447753  0.388521  0.143442  0.596837  0.482094 
47  0.475623  0.560280  0.587990  0.561807  0.082957  0.747741  0.731953  0.629378  0.453093  0.210842  0.511035  0.548026  0.508886  0.116405  0.481244  0.434731  0.531581  0.479772  0.442122  0.576864  0.082957  0.219788  0.207513  0.086068  0.669365  0.174109  0.454672  0.518938  0.492669  0.164168  0.198171  0.136682  0.217514  0.236516  0.196068  0.159801  0.082957  0.205216  0.158961  0.141832  0.095044  0.082957  0.579132  0.082957  0.559510  0.619050  0.082957 0.0  0.082957  0.581601  0.103935  0.517238  0.594241  0.708850  0.127753  0.096413  0.507446  0.555107  0.490736  0.157046  0.574686  0.469270 
48  0.482952  0.546951  0.372225  0.577290  0.245409  0.642834  0.609347  0.625761  0.453063  0.232222  0.551397  0.515787  0.411174  0.132904  0.505681  0.514176  0.485659  0.453712  0.366741  0.432664  0.165494  0.129709  0.233972  0.082957  0.626872  0.082957  0.491945  0.506262  0.396803  0.082957  0.094501  0.082957  0.134102  0.082957  0.082957  0.136965  0.116023  0.102514  0.177055  0.082957  0.158650  0.139691  0.621085  0.082957  0.504594  0.556308  0.117211  0.082957 0.0  0.580739  0.104919  0.480480  0.462764  0.620767  0.108387  0.086181  0.531398  0.521737  0.443368  0.130940  0.491004  0.541459 
49  0.133217  0.500198  0.190944  0.265966  0.686769  0.290307  0.343500  0.357715  0.191965  0.399503  1.000000  0.830413  0.433209  0.509053  0.223204  0.396264  0.258299  0.237554  0.188575  0.082957  0.550214  0.478061  0.659728  0.554475  0.467969  0.468328  0.403022  0.772308  0.175176  0.574168  0.680183  0.478543  0.605362  0.630014  0.542189  0.499420  0.571626  0.518034  0.555305  0.590990  0.647064  0.608790  0.350844  0.550978  0.113894  0.424178  0.571231  0.581601  0.580739 0.0  0.474603  0.106846  0.128609  0.373998  0.492960  0.624692  0.121440  0.166825  0.748748  0.523807  0.247326  0.203577 
50  0.579311  0.558507  0.622758  0.577132  0.116865  0.745034  0.808674  0.696927  0.597474  0.348213  0.447219  0.535977  0.589486  0.124323  0.557583  0.463324  0.557013  0.622948  0.537654  0.543129  0.106222  0.232316  0.276011  0.192996  0.593559  0.125955  0.466757  0.629691  0.479121  0.236816  0.210577  0.245835  0.082957  0.201381  0.098297  0.157500  0.200399  0.265109  0.244258  0.152795  0.183400  0.117077  0.655969  0.153781  0.515917  0.594434  0.111856  0.103935  0.104919  0.474603 0.0  0.505133  0.517374  0.645166  0.223428  0.218144  0.615735  0.453242  0.290035  0.235538  0.549245  0.504128 
51  0.167111  0.571751  0.096520  0.477470  0.578954  0.559460  0.413318  0.560823  0.310139  0.520056  0.985455  0.766764  0.440869  0.483858  0.082957  0.332383  0.111744  0.132376  0.138567  0.150148  0.549245  0.392863  0.540403  0.326202  0.430403  0.534153  0.178819  0.712699  0.242904  0.440323  0.621683  0.438047  0.489765  0.442779  0.387378  0.412404  0.321340  0.573347  0.524821  0.342810  0.419492  0.546651  0.503447  0.517389  0.165827  0.301462  0.578657  0.517238  0.480480  0.106846  0.505133 0.0  0.082957  0.181305  0.502600  0.447342  0.098135  0.102597  0.764430  0.519694  0.104350  0.175159 
52  0.082957  0.356862  0.111575  0.430357  0.578959  0.429416  0.499869  0.509820  0.346579  0.445909  0.798833  0.808686  0.340141  0.443608  0.082957  0.422160  0.209940  0.131248  0.105816  0.214829  0.591146  0.547243  0.622080  0.465178  0.501696  0.487874  0.279936  0.730273  0.181446  0.529697  0.323696  0.481538  0.403089  0.426826  0.474750  0.498273  0.494264  0.490473  0.513765  0.418498  0.462436  0.580307  0.496250  0.562223  0.082957  0.318912  0.623137  0.594241  0.462764  0.128609  0.517374  0.082957 0.0  0.263211  0.445262  0.486191  0.227399  0.201469  0.848580  0.451192  0.108340  0.185958 
53  0.218807  0.586922  0.145285  0.505667  0.719311  0.484036  0.548836  0.502617  0.426009  0.486935  0.968000  0.887343  0.308777  0.626557  0.234139  0.465597  0.185439  0.191828  0.313050  0.203107  0.727496  0.530031  0.703278  0.693376  0.537062  0.736105  0.270286  0.940570  0.199178  0.458505  0.656875  0.641109  0.617039  0.563654  0.525912  0.691703  0.524787  0.637896  0.477252  0.763752  0.580475  0.558952  0.550156  0.528162  0.237222  0.131176  0.592074  0.708850  0.620767  0.373998  0.645166  0.181305  0.263211 0.0  0.530185  0.720079  0.386429  0.316592  0.824421  0.629809  0.119926  0.183720 
54  0.370318  0.619854  0.543737  0.465930  0.082957  0.693795  0.662399  0.693239  0.478367  0.244026  0.556079  0.520960  0.513525  0.124896  0.473855  0.459859  0.556656  0.516290  0.554996  0.574539  0.082957  0.219855  0.148548  0.163630  0.555053  0.082957  0.509368  0.648509  0.522081  0.189860  0.082957  0.090806  0.127437  0.154120  0.179823  0.082957  0.222636  0.165518  0.240282  0.082957  0.116223  0.202961  0.528176  0.135995  0.575130  0.618101  0.108427  0.127753  0.108387  0.492960  0.223428  0.502600  0.445262  0.530185 0.0  0.093109  0.582571  0.536084  0.305844  0.232141  0.557168  0.501999 
55  0.552901  0.598121  0.556671  0.485632  0.158836  0.705915  0.654324  0.771988  0.420036  0.247725  0.451891  0.557532  0.461461  0.123684  0.545878  0.438755  0.495471  0.476212  0.468691  0.460250  0.158628  0.212493  0.123785  0.141682  0.536779  0.082957  0.491663  0.466114  0.460356  0.167712  0.082957  0.107980  0.124861  0.082957  0.116574  0.082957  0.082957  0.143354  0.179257  0.113921  0.082957  0.082957  0.540948  0.082957  0.583496  0.668872  0.232636  0.096413  0.086181  0.624692  0.218144  0.447342  0.486191  0.720079  0.093109 0.0  0.635918  0.536578  0.265529  0.240577  0.504897  0.472241 
56  0.292362  0.322156  0.177539  0.211715  0.554831  0.250900  0.283424  0.235701  0.082957  0.351449  0.745026  0.785812  0.513533  0.487425  0.135162  0.204950  0.174795  0.306797  0.298090  0.219736  0.478090  0.547363  0.612624  0.523002  0.295192  0.470192  0.503442  0.669080  0.122716  0.473660  0.547180  0.509796  0.503120  0.493603  0.479636  0.549205  0.474108  0.427788  0.411827  0.422863  0.518240  0.591764  0.317032  0.480566  0.187380  0.417089  0.455906  0.507446  0.531398  0.121440  0.615735  0.098135  0.227399  0.386429  0.582571  0.635918 0.0  0.082957  0.770742  0.438194  0.288413  0.304541 
57  0.222598  0.420528  0.286739  0.265089  0.581651  0.437651  0.416579  0.488815  0.155182  0.419149  0.740029  0.786242  0.480562  0.480626  0.190793  0.401756  0.187362  0.248593  0.230708  0.132409  0.535828  0.495291  0.556863  0.503036  0.431203  0.469716  0.323228  0.735938  0.105505  0.332686  0.523194  0.243642  0.480356  0.573977  0.456567  0.382674  0.538986  0.421019  0.475836  0.563393  0.464832  0.567645  0.352104  0.577261  0.241402  0.367756  0.447753  0.555107  0.521737  0.166825  0.453242  0.102597  0.201469  0.316592  0.536084  0.536578  0.082957 0.0  0.691615  0.453001  0.200677  0.297715 
58  0.584455  0.494878  0.748887  0.626858  0.268387  0.878768  0.835353  0.799599  0.697427  0.453698  0.338245  0.197669  0.787248  0.449356  0.631542  0.468898  0.779734  0.806475  0.730571  0.607653  0.379743  0.356411  0.116180  0.368275  0.763595  0.324964  0.764447  0.352139  0.648924  0.444080  0.287621  0.482230  0.407340  0.316650  0.437150  0.457487  0.338103  0.395371  0.350756  0.337178  0.322267  0.292834  0.628564  0.392174  0.877848  0.829080  0.388521  0.490736  0.443368  0.748748  0.290035  0.764430  0.848580  0.824421  0.305844  0.265529  0.770742  0.691615 0.0  0.316026  0.794782  0.771568 
59  0.301205  0.507526  0.470408  0.537116  0.082957  0.678799  0.597892  0.625024  0.429023  0.222873  0.558204  0.591647  0.527028  0.148144  0.459621  0.415150  0.316700  0.543556  0.469470  0.389181  0.319099  0.187093  0.275848  0.082957  0.606809  0.082957  0.537994  0.498514  0.362468  0.082957  0.154418  0.082957  0.132042  0.129530  0.082957  0.082957  0.082957  0.082957  0.082957  0.091745  0.129095  0.233909  0.562467  0.212710  0.461902  0.600689  0.143442  0.157046  0.130940  0.523807  0.235538  0.519694  0.451192  0.629809  0.232141  0.240577  0.438194  0.453001  0.316026 0.0  0.385419  0.410852 
60  0.082957  0.516518  0.082957  0.345745  0.536162  0.429053  0.492089  0.549613  0.206078  0.343229  0.806836  0.822387  0.215746  0.548887  0.086953  0.402233  0.082957  0.169132  0.089095  0.121331  0.471028  0.490690  0.510381  0.348403  0.506798  0.468346  0.254485  0.708797  0.176291  0.642461  0.509301  0.504196  0.391372  0.503791  0.460199  0.411717  0.341918  0.367600  0.554896  0.346920  0.486601  0.467686  0.575017  0.654800  0.171408  0.279859  0.596837  0.574686  0.491004  0.247326  0.549245  0.104350  0.108340  0.119926  0.557168  0.504897  0.288413  0.200677  0.794782  0.385419 0.0  0.155873 
61  0.082957  0.384208  0.202604  0.387385  0.490119  0.370419  0.364264  0.510429  0.311678  0.431478  0.880174  0.915052  0.262405  0.547746  0.191205  0.503931  0.146690  0.082957  0.082957  0.099586  0.553701  0.458607  0.608603  0.478324  0.496724  0.530238  0.374763  0.874214  0.216571  0.460675  0.512152  0.520923  0.438536  0.502709  0.487394  0.465692  0.483031  0.403310  0.443980  0.474720  0.507755  0.557358  0.438271  0.581127  0.219154  0.263145  0.482094  0.469270  0.541459  0.203577  0.504128  0.175159  0.185958  0.183720  0.501999  0.472241  0.304541  0.297715  0.771568  0.410852  0.155873 0.0 
