62
0 0.0  0.507477  0.162037  0.382291  0.447176  0.380712  0.446086  0.540386  0.243630  0.382884  0.769618  0.805265  0.231124  0.405085  0.130710  0.384535  0.098547  0.107141  0.115358  0.120457  0.406194  0.421334  0.561298  0.450835  0.456075  0.451259  0.208043  0.656073  0.190845  0.367486  0.427899  0.388144  0.296439  0.454509  0.391432  0.393903  0.428269  0.360726  0.472538  0.402208  0.443691  0.464103  0.507074  0.458184  0.192773  0.223821  0.434923  0.418586  0.394219  0.215167  0.484687  0.120774  0.145440  0.196590  0.458816  0.450211  0.248771  0.213322  0.651939  0.371246  0.120109  0.104844 
1  0.507477 0.0  0.410726  0.264094  0.471585  0.329288  0.307042  0.228679  0.271340  0.340008  0.564779  0.573634  0.669530  0.394295  0.426301  0.143321  0.455523  0.408394  0.431198  0.456041  0.517457  0.432735  0.489519  0.394475  0.138209  0.464108  0.512497  0.393188  0.367772  0.404022  0.447145  0.364483  0.427868  0.346962  0.442119  0.401522  0.455049  0.412993  0.452077  0.364225  0.435757  0.530557  0.145077  0.398499  0.394877  0.537209  0.481843  0.524363  0.447970  0.348358  0.487777  0.441969  0.429312  0.480527  0.492924  0.427610  0.258737  0.317786  0.460576  0.430091  0.393971  0.475649 
2  0.162037  0.410726 0.0  0.293834  0.493429  0.377025  0.375032  0.400094  0.217832  0.356476  0.590362  0.760517  0.259879  0.482964  0.113926  0.335754  0.162234  0.141996  0.130843  0.146843  0.460324  0.436479  0.437446  0.405620  0.372701  0.441940  0.285891  0.572991  0.130200  0.419055  0.448050  0.353136  0.377719  0.404304  0.351199  0.410605  0.428401  0.402609  0.377809  0.444017  0.505693  0.456764  0.327082  0.427649  0.149823  0.290503  0.450582  0.465643  0.403950  0.153709  0.534139  0.132919  0.110287  0.205360  0.427637  0.469729  0.175674  0.153966  0.614591  0.392528  0.142801  0.152128 
3  0.382291  0.264094  0.293834 0.0  0.551443  0.167075  0.168762  0.205284  0.195346  0.453296  0.791612  0.613318  0.544492  0.526430  0.353734  0.225919  0.365025  0.355970  0.374594  0.355778  0.618132  0.508189  0.598343  0.437149  0.216316  0.480621  0.530280  0.539348  0.285287  0.488559  0.525793  0.483183  0.489649  0.467316  0.513155  0.532872  0.444650  0.524901  0.538706  0.498857  0.453113  0.604160  0.210430  0.557357  0.308382  0.493266  0.597504  0.524648  0.543510  0.282450  0.521609  0.339418  0.290456  0.420824  0.592949  0.568374  0.212444  0.244223  0.628352  0.511271  0.353042  0.352627 
4  0.447176  0.471585  0.493429  0.551443 0.0  0.682895  0.693076  0.663240  0.519010  0.214489  0.510186  0.456379  0.466968  0.179855  0.485208  0.438843  0.460046  0.408974  0.447530  0.414839  0.103948  0.149239  0.137174  0.162025  0.576036  0.153454  0.499082  0.472530  0.492436  0.165157  0.123739  0.162242  0.168435  0.142645  0.170250  0.179985  0.167252  0.177562  0.144968  0.159851  0.138200  0.100943  0.581801  0.131306  0.509545  0.557236  0.112712  0.114842  0.143354  0.542303  0.104223  0.485764  0.515899  0.537659  0.114601  0.127597  0.502206  0.479007  0.305418  0.154527  0.473035  0.511873 
5  0.380712  0.329288  0.377025  0.167075  0.682895 0.0  0.139013  0.212952  0.300411  0.455962  0.666469  0.754959  0.659388  0.544662  0.425286  0.312464  0.395756  0.391977  0.461748  0.384853  0.650038  0.588749  0.655871  0.589050  0.273465  0.699246  0.543498  0.644149  0.334134  0.657478  0.611241  0.524056  0.607631  0.600362  0.613560  0.478272  0.634767  0.508240  0.665143  0.626330  0.657187  0.640638  0.262576  0.612714  0.342350  0.555240  0.664303  0.629181  0.614085  0.284523  0.632971  0.404032  0.309738  0.438103  0.629029  0.620295  0.249407  0.314022  0.699513  0.573123  0.366892  0.415152 
6  0.446086  0.307042  0.375032  0.168762  0.693076  0.139013 0.0  0.154116  0.301812  0.485939  0.616811  0.667310  0.599988  0.588591  0.392330  0.288924  0.448596  0.403439  0.399602  0.447461  0.639280  0.543126  0.695954  0.575280  0.233974  0.547619  0.507400  0.602647  0.318093  0.480721  0.543462  0.514053  0.622971  0.554681  0.584696  0.536353  0.548408  0.581300  0.550558  0.598754  0.608625  0.739697  0.245536  0.609833  0.331004  0.587053  0.642173  0.551694  0.597731  0.334071  0.553731  0.418404  0.383706  0.379115  0.678727  0.559878  0.342506  0.375558  0.663324  0.681764  0.404444  0.484276 
7  0.540386  0.228679  0.400094  0.205284  0.663240  0.212952  0.154116 0.0  0.319629  0.492267  0.542958  0.577928  0.606278  0.597733  0.472232  0.246444  0.460701  0.495676  0.445819  0.424105  0.778270  0.623929  0.665461  0.524575  0.204573  0.479091  0.582962  0.470445  0.351170  0.667915  0.566930  0.510193  0.536474  0.631981  0.575546  0.599299  0.478530  0.523254  0.539656  0.513507  0.661339  0.712890  0.193050  0.538748  0.406387  0.615111  0.679626  0.637945  0.630729  0.369729  0.577551  0.401130  0.437490  0.460019  0.589822  0.689912  0.320045  0.341850  0.731672  0.576972  0.428403  0.437819 
8  0.243630  0.271340  0.217832  0.195346  0.519010  0.300411  0.301812  0.319629 0.0  0.302202  0.563632  0.623196  0.417904  0.358493  0.210088  0.215661  0.277972  0.254991  0.267494  0.236771  0.436082  0.336202  0.493638  0.400200  0.265812  0.445126  0.414727  0.576790  0.166262  0.378842  0.401901  0.347048  0.358194  0.420758  0.433873  0.360256  0.351858  0.373604  0.398921  0.404189  0.427003  0.516709  0.307446  0.464916  0.229430  0.373748  0.418769  0.432967  0.372694  0.215309  0.469745  0.266668  0.220259  0.290215  0.391240  0.451975  0.131488  0.148526  0.542533  0.492653  0.231457  0.255839 
9  0.382884  0.340008  0.356476  0.453296  0.214489  0.455962  0.485939  0.492267  0.302202 0.0  0.574782  0.553037  0.396621  0.143528  0.332137  0.358275  0.345998  0.375812  0.341879  0.382731  0.225413  0.157142  0.227332  0.160642  0.413955  0.152523  0.392146  0.486679  0.320364  0.148381  0.177372  0.143347  0.150540  0.161353  0.150185  0.137310  0.153589  0.147423  0.144590  0.157441  0.163813  0.234424  0.432146  0.189503  0.358835  0.492594  0.216723  0.195957  0.159491  0.367397  0.229656  0.353524  0.344365  0.502168  0.187237  0.182143  0.357306  0.369634  0.364253  0.153371  0.315761  0.326912 
10  0.769618  0.564779  0.590362  0.791612  0.510186  0.666469  0.616811  0.542958  0.563632  0.574782 0.0  0.117567  0.888342  0.525021  0.668736  0.478198  0.773692  0.754260  0.681509  0.844936  0.451403  0.442705  0.402107  0.544065  0.601972  0.525380  0.905720  0.221589  0.697837  0.454418  0.477433  0.528122  0.498987  0.417905  0.422090  0.481093  0.586150  0.443443  0.518451  0.554203  0.526027  0.451765  0.509093  0.510514  0.784878  1.000000  0.439186  0.493179  0.420661  0.750366  0.509315  0.686613  0.785384  0.963800  0.421685  0.448771  0.631463  0.688097  0.251687  0.475815  0.757919  0.773558 
11  0.805265  0.573634  0.760517  0.613318  0.456379  0.754959  0.667310  0.577928  0.623196  0.553037  0.117567 0.0  0.776690  0.443321  0.568509  0.519891  0.728374  0.707016  0.721431  0.828504  0.498152  0.462040  0.434937  0.467623  0.580855  0.413665  0.785039  0.197759  0.666247  0.551066  0.452593  0.446246  0.512382  0.418572  0.452825  0.513718  0.445434  0.485271  0.500883  0.479035  0.455525  0.431367  0.504935  0.436115  0.565722  0.838649  0.431693  0.486900  0.459107  0.760840  0.508514  0.799447  0.683573  0.884048  0.410294  0.470075  0.632152  0.654479  0.288509  0.421560  0.821739  0.739263 
12  0.231124  0.669530  0.259879  0.544492  0.466968  0.659388  0.599988  0.606278  0.417904  0.396621  0.888342  0.776690 0.0  0.459920  0.260213  0.485596  0.232233  0.241403  0.261822  0.234253  0.500307  0.490624  0.511523  0.422552  0.595095  0.537443  0.106478  0.782931  0.320706  0.433178  0.489287  0.429885  0.457882  0.393496  0.473819  0.469675  0.481264  0.534205  0.484694  0.463784  0.409863  0.479075  0.527849  0.470637  0.270789  0.150004  0.519332  0.496375  0.504697  0.360488  0.536467  0.214432  0.248239  0.255538  0.544862  0.485279  0.362443  0.333716  0.671727  0.494745  0.276088  0.284838 
13  0.405085  0.394295  0.482964  0.526430  0.179855  0.544662  0.588591  0.597733  0.358493  0.143528  0.525021  0.443321  0.459920 0.0  0.362513  0.395362  0.374424  0.361589  0.454794  0.423220  0.165199  0.133789  0.205644  0.114244  0.447648  0.130345  0.429910  0.459830  0.425902  0.143782  0.139428  0.119428  0.149771  0.119019  0.130805  0.123775  0.127789  0.124403  0.122924  0.131365  0.130149  0.179307  0.473687  0.140949  0.466635  0.512461  0.171360  0.164166  0.127744  0.528154  0.180593  0.411824  0.424429  0.495589  0.160290  0.142663  0.384609  0.401835  0.310172  0.125032  0.431696  0.410246 
14  0.130710  0.426301  0.113926  0.353734  0.485208  0.425286  0.392330  0.472232  0.210088  0.332137  0.668736  0.568509  0.260213  0.362513 0.0  0.335989  0.134460  0.127355  0.114119  0.118728  0.499844  0.442843  0.529271  0.451123  0.476798  0.388815  0.281803  0.740532  0.150160  0.399881  0.532975  0.403818  0.354768  0.419209  0.456614  0.377509  0.426800  0.435497  0.370726  0.409439  0.498521  0.470896  0.416334  0.481010  0.144699  0.242072  0.474666  0.428479  0.447618  0.162203  0.487045  0.116425  0.100225  0.211664  0.485904  0.406000  0.206429  0.172367  0.639809  0.339777  0.105345  0.125116 
15  0.384535  0.143321  0.335754  0.225919  0.438843  0.312464  0.288924  0.246444  0.215661  0.358275  0.478198  0.519891  0.485596  0.395362  0.335989 0.0  0.413715  0.417046  0.308340  0.318755  0.493409  0.397224  0.457233  0.451156  0.167741  0.419271  0.594678  0.443833  0.294941  0.382318  0.397898  0.371098  0.348000  0.358633  0.441530  0.386036  0.421659  0.424950  0.367117  0.427147  0.432050  0.532263  0.171005  0.410494  0.345087  0.511506  0.429118  0.474928  0.358110  0.322908  0.420574  0.331700  0.329770  0.418604  0.448152  0.413585  0.231008  0.277425  0.517024  0.398790  0.347270  0.386030 
16  0.098547  0.455523  0.162234  0.365025  0.460046  0.395756  0.448596  0.460701  0.277972  0.345998  0.773692  0.728374  0.232233  0.374424  0.134460  0.413715 0.0  0.112522  0.120870  0.120756  0.398543  0.398204  0.543710  0.453374  0.424048  0.381907  0.204187  0.676903  0.225605  0.421555  0.435628  0.415614  0.349726  0.397293  0.416455  0.334023  0.424669  0.382792  0.423769  0.407466  0.410203  0.427692  0.465786  0.443775  0.186447  0.207198  0.536023  0.401956  0.430626  0.224698  0.466895  0.128883  0.145483  0.212936  0.427393  0.450673  0.256906  0.232064  0.630707  0.388650  0.127751  0.113565 
17  0.107141  0.408394  0.141996  0.355970  0.408974  0.391977  0.403439  0.495676  0.254991  0.375812  0.754260  0.707016  0.241403  0.361589  0.127355  0.417046  0.112522 0.0  0.106577  0.104125  0.442750  0.481583  0.501832  0.384390  0.448288  0.394827  0.230313  0.533145  0.168269  0.354757  0.416607  0.418009  0.361012  0.450339  0.408456  0.398648  0.326068  0.356205  0.412670  0.397841  0.451010  0.457240  0.474862  0.446231  0.169784  0.222396  0.424763  0.438898  0.370034  0.201030  0.500343  0.118723  0.128157  0.196247  0.396627  0.472456  0.212088  0.208497  0.640781  0.365123  0.113540  0.108947 
18  0.115358  0.431198  0.130843  0.374594  0.447530  0.461748  0.399602  0.445819  0.267494  0.341879  0.681509  0.721431  0.261822  0.454794  0.114119  0.308340  0.120870  0.106577 0.0  0.111706  0.462984  0.441062  0.519361  0.397428  0.426081  0.382861  0.253042  0.681995  0.180548  0.378532  0.449331  0.423934  0.354266  0.326774  0.420804  0.427389  0.412613  0.392445  0.403740  0.426639  0.379450  0.510337  0.437659  0.494587  0.162652  0.236279  0.523788  0.461651  0.436750  0.184874  0.465681  0.111687  0.121974  0.201981  0.419323  0.399235  0.230656  0.197914  0.703815  0.404702  0.096385  0.102027 
19  0.120457  0.456041  0.146843  0.355778  0.414839  0.384853  0.447461  0.424105  0.236771  0.382731  0.844936  0.828504  0.234253  0.423220  0.118728  0.318755  0.120756  0.104125  0.111706 0.0  0.441987  0.400807  0.432170  0.406146  0.431181  0.394150  0.259718  0.593766  0.170630  0.400776  0.468158  0.346931  0.381000  0.400582  0.384649  0.414435  0.424971  0.405045  0.390439  0.393771  0.447024  0.420125  0.482750  0.435129  0.169635  0.228625  0.423177  0.370804  0.366335  0.202918  0.435934  0.119017  0.131824  0.239112  0.376259  0.410227  0.196773  0.195876  0.628309  0.396609  0.117122  0.114851 
20  0.406194  0.517457  0.460324  0.618132  0.103948  0.650038  0.639280  0.778270  0.436082  0.225413  0.451403  0.498152  0.500307  0.165199  0.499844  0.493409  0.398543  0.442750  0.462984  0.441987 0.0  0.133805  0.157083  0.161424  0.515037  0.149346  0.473574  0.494856  0.502327  0.169145  0.134760  0.158660  0.176158  0.158412  0.166659  0.177147  0.154159  0.157321  0.155603  0.156870  0.136192  0.108015  0.632999  0.137708  0.466903  0.585306  0.121625  0.110885  0.159958  0.550822  0.103448  0.458400  0.551051  0.540662  0.113862  0.129005  0.492974  0.418368  0.327323  0.153049  0.409924  0.491613 
21  0.421334  0.432735  0.436479  0.508189  0.149239  0.588749  0.543126  0.623929  0.336202  0.157142  0.442705  0.462040  0.490624  0.133789  0.442843  0.397224  0.398204  0.481583  0.441062  0.400807  0.133805 0.0  0.182680  0.114358  0.470003  0.095960  0.403810  0.480641  0.427613  0.112595  0.115057  0.113458  0.128147  0.103081  0.119581  0.119354  0.102675  0.113213  0.104949  0.098987  0.102156  0.172301  0.529249  0.131031  0.403978  0.447548  0.146507  0.125799  0.103465  0.434049  0.161924  0.456807  0.436390  0.541011  0.122606  0.112657  0.430576  0.418840  0.350092  0.103253  0.447167  0.373439 
22  0.561298  0.489519  0.437446  0.598343  0.137174  0.655871  0.695954  0.665461  0.493638  0.227332  0.402107  0.434937  0.511523  0.205644  0.529271  0.457233  0.543710  0.501832  0.519361  0.432170  0.157083  0.182680 0.0  0.181860  0.504014  0.202306  0.600933  0.411826  0.500444  0.210389  0.162286  0.195457  0.209159  0.182411  0.202524  0.210296  0.192377  0.200368  0.170502  0.188203  0.170944  0.128594  0.538891  0.134892  0.592996  0.548399  0.128656  0.156055  0.193259  0.632005  0.137414  0.468901  0.557967  0.593490  0.148858  0.158638  0.608158  0.494238  0.243889  0.196526  0.590559  0.517790 
23  0.450835  0.394475  0.405620  0.437149  0.162025  0.589050  0.575280  0.524575  0.400200  0.160642  0.544065  0.467623  0.422552  0.114244  0.451123  0.451156  0.453374  0.384390  0.397428  0.406146  0.161424  0.114358  0.181860 0.0  0.405352  0.115058  0.440947  0.446753  0.427191  0.126557  0.127008  0.106941  0.143068  0.098434  0.111495  0.117791  0.103548  0.114481  0.096108  0.107418  0.102954  0.169107  0.540749  0.128922  0.503587  0.555566  0.158757  0.133377  0.103578  0.539269  0.187322  0.485872  0.455936  0.547230  0.135076  0.119624  0.464288  0.426316  0.332255  0.106227  0.412074  0.457798 
24  0.456075  0.138209  0.372701  0.216316  0.576036  0.273465  0.233974  0.204573  0.265812  0.413955  0.601972  0.580855  0.595095  0.447648  0.476798  0.167741  0.424048  0.448288  0.426081  0.431181  0.515037  0.470003  0.504014  0.405352 0.0  0.513213  0.568943  0.373953  0.312568  0.439309  0.470286  0.419409  0.462926  0.430048  0.455216  0.465628  0.524889  0.509182  0.402792  0.492802  0.495637  0.543885  0.095395  0.480183  0.394809  0.579826  0.535344  0.464651  0.495341  0.343724  0.539386  0.414809  0.429560  0.460219  0.515955  0.489664  0.318147  0.331231  0.656015  0.515266  0.410899  0.417627 
25  0.451259  0.464108  0.441940  0.480621  0.153454  0.699246  0.547619  0.479091  0.445126  0.152523  0.525380  0.413665  0.537443  0.130345  0.388815  0.419271  0.381907  0.394827  0.382861  0.394150  0.149346  0.095960  0.202306  0.115058  0.513213 0.0  0.425607  0.461770  0.400793  0.109959  0.119116  0.111905  0.121653  0.104670  0.117260  0.116644  0.099315  0.107189  0.103995  0.093611  0.102850  0.148053  0.444077  0.140566  0.478664  0.496287  0.148977  0.127441  0.101934  0.435007  0.167076  0.405309  0.438648  0.449736  0.125578  0.121757  0.385582  0.459029  0.365684  0.100271  0.452524  0.390845 
26  0.208043  0.512497  0.285891  0.530280  0.499082  0.543498  0.507400  0.582962  0.414727  0.392146  0.905720  0.785039  0.106478  0.429910  0.281803  0.594678  0.204187  0.230313  0.253042  0.259718  0.473574  0.403810  0.600933  0.440947  0.568943  0.425607 0.0  0.723488  0.309815  0.432487  0.445160  0.431274  0.404477  0.450368  0.352573  0.394387  0.455818  0.436409  0.451114  0.459223  0.468264  0.492248  0.492866  0.495733  0.275818  0.158266  0.483320  0.470939  0.409804  0.286789  0.458392  0.250871  0.283194  0.253881  0.348472  0.465759  0.336355  0.335131  0.708914  0.452598  0.230181  0.257654 
27  0.656073  0.393188  0.572991  0.539348  0.472530  0.644149  0.602647  0.470445  0.576790  0.486679  0.221589  0.197759  0.782931  0.459830  0.740532  0.443833  0.676903  0.533145  0.681995  0.593766  0.494856  0.480641  0.411826  0.446753  0.373953  0.461770  0.723488 0.0  0.565085  0.413676  0.381892  0.489873  0.497141  0.459409  0.480134  0.442225  0.470044  0.477326  0.461643  0.450290  0.428135  0.554686  0.470922  0.440980  0.702511  0.730373  0.390853  0.458711  0.435653  0.669011  0.503981  0.694730  0.562069  0.738393  0.431750  0.447326  0.538184  0.591785  0.354887  0.499530  0.710138  0.668249 
28  0.190845  0.367772  0.130200  0.285287  0.492436  0.334134  0.318093  0.351170  0.166262  0.320364  0.697837  0.666247  0.320706  0.425902  0.150160  0.294941  0.225605  0.168269  0.180548  0.170630  0.502327  0.427613  0.500444  0.427191  0.312568  0.400793  0.309815  0.565085 0.0  0.433214  0.467417  0.406520  0.408028  0.430150  0.375764  0.430466  0.373627  0.427716  0.340634  0.406772  0.453938  0.541308  0.319813  0.414388  0.180985  0.288677  0.484971  0.457214  0.405571  0.149719  0.481081  0.187427  0.150715  0.278701  0.389519  0.453684  0.144537  0.119436  0.670563  0.397007  0.167913  0.179055 
29  0.367486  0.404022  0.419055  0.488559  0.165157  0.657478  0.480721  0.667915  0.378842  0.148381  0.454418  0.551066  0.433178  0.143782  0.399881  0.382318  0.421555  0.354757  0.378532  0.400776  0.169145  0.112595  0.210389  0.126557  0.439309  0.109959  0.432487  0.413676  0.433214 0.0  0.130966  0.113447  0.101984  0.120121  0.103531  0.110479  0.110177  0.105574  0.119543  0.108729  0.127931  0.182861  0.478803  0.161607  0.467625  0.457023  0.169066  0.144479  0.112905  0.434790  0.178485  0.379784  0.433153  0.557297  0.141968  0.136948  0.437079  0.364468  0.353015  0.111586  0.400274  0.415978 
30  0.427899  0.447145  0.448050  0.525793  0.123739  0.611241  0.543462  0.566930  0.401901  0.177372  0.477433  0.452593  0.489287  0.139428  0.532975  0.397898  0.435628  0.416607  0.449331  0.468158  0.134760  0.115057  0.162286  0.127008  0.470286  0.119116  0.445160  0.381892  0.467417  0.130966 0.0  0.141249  0.137412  0.121185  0.134298  0.132209  0.126699  0.128627  0.123077  0.118252  0.109214  0.135121  0.461788  0.122143  0.413811  0.486820  0.121665  0.104760  0.123474  0.556307  0.133235  0.471522  0.438167  0.538252  0.100052  0.104685  0.434985  0.525711  0.367483  0.122959  0.444127  0.433978 
31  0.388144  0.364483  0.353136  0.483183  0.162242  0.524056  0.514053  0.510193  0.347048  0.143347  0.528122  0.446246  0.429885  0.119428  0.403818  0.371098  0.415614  0.418009  0.423934  0.346931  0.158660  0.113458  0.195457  0.106941  0.419409  0.111905  0.431274  0.489873  0.406520  0.113447  0.141249 0.0  0.125154  0.108145  0.110478  0.102419  0.102863  0.101889  0.107654  0.106666  0.118293  0.167217  0.476280  0.140579  0.390784  0.507050  0.170979  0.156476  0.103426  0.530123  0.170335  0.406863  0.404846  0.510154  0.149673  0.143827  0.413527  0.406529  0.332523  0.104045  0.429809  0.451909 
32  0.296439  0.427868  0.377719  0.489649  0.168435  0.607631  0.622971  0.536474  0.358194  0.150540  0.498987  0.512382  0.457882  0.149771  0.354768  0.348000  0.349726  0.361012  0.354266  0.381000  0.176158  0.128147  0.209159  0.143068  0.462926  0.121653  0.404477  0.497141  0.408028  0.101984  0.137412  0.125154 0.0  0.129203  0.107794  0.118908  0.116520  0.111783  0.136583  0.114976  0.136641  0.180873  0.520921  0.171919  0.459221  0.493736  0.168705  0.142067  0.116912  0.489477  0.168727  0.376395  0.376807  0.462551  0.146912  0.144089  0.375174  0.378034  0.371082  0.122850  0.347611  0.410542 
33  0.454509  0.346962  0.404304  0.467316  0.142645  0.600362  0.554681  0.631981  0.420758  0.161353  0.417905  0.418572  0.393496  0.119019  0.419209  0.358633  0.397293  0.450339  0.326774  0.400582  0.158412  0.103081  0.182411  0.098434  0.430048  0.104670  0.450368  0.459409  0.430150  0.120121  0.121185  0.108145  0.129203 0.0  0.115700  0.118006  0.098427  0.111035  0.093964  0.103001  0.099322  0.169106  0.514936  0.126788  0.464720  0.477914  0.159711  0.127654  0.099042  0.514073  0.155212  0.412781  0.383445  0.572119  0.121022  0.116213  0.425579  0.443303  0.288727  0.100632  0.409944  0.479570 
34  0.391432  0.442119  0.351199  0.513155  0.170250  0.613560  0.584696  0.575546  0.433873  0.150185  0.422090  0.452825  0.473819  0.130805  0.456614  0.441530  0.416455  0.408456  0.420804  0.384649  0.166659  0.119581  0.202524  0.111495  0.455216  0.117260  0.352573  0.480134  0.375764  0.103531  0.134298  0.110478  0.107794  0.115700 0.0  0.097391  0.108671  0.100223  0.121307  0.111805  0.132236  0.169995  0.399931  0.149659  0.442361  0.510548  0.182791  0.149583  0.115148  0.415014  0.190858  0.374332  0.425093  0.512530  0.142903  0.142503  0.404455  0.383563  0.341144  0.112955  0.368514  0.367680 
35  0.393903  0.401522  0.410605  0.532872  0.179985  0.478272  0.536353  0.599299  0.360256  0.137310  0.481093  0.513718  0.469675  0.123775  0.377509  0.386036  0.334023  0.398648  0.427389  0.414435  0.177147  0.119354  0.210296  0.117791  0.465628  0.116644  0.394387  0.442225  0.430466  0.110479  0.132209  0.102419  0.118908  0.118006  0.097391 0.0  0.108376  0.098384  0.115479  0.113181  0.124403  0.192458  0.397142  0.138555  0.444038  0.456299  0.181723  0.154151  0.107824  0.492504  0.193575  0.371676  0.398933  0.461345  0.151033  0.139615  0.413768  0.400006  0.395558  0.107127  0.379184  0.358799 
36  0.428269  0.455049  0.428401  0.444650  0.167252  0.634767  0.548408  0.478530  0.351858  0.153589  0.586150  0.445434  0.481264  0.127789  0.426800  0.421659  0.424669  0.326068  0.412613  0.424971  0.154159  0.102675  0.192377  0.103548  0.524889  0.099315  0.455818  0.470044  0.373627  0.110177  0.126699  0.102863  0.116520  0.098427  0.108671  0.108376 0.0  0.101684  0.102088  0.096282  0.108402  0.169549  0.497181  0.136830  0.459207  0.456371  0.159097  0.134728  0.093680  0.501996  0.172564  0.446538  0.434806  0.588894  0.129269  0.123381  0.454378  0.399041  0.314204  0.093024  0.405010  0.501229 
37  0.360726  0.412993  0.402609  0.524901  0.177562  0.508240  0.581300  0.523254  0.373604  0.147423  0.443443  0.485271  0.534205  0.124403  0.435497  0.424950  0.382792  0.356205  0.392445  0.405045  0.157321  0.113213  0.200368  0.114481  0.509182  0.107189  0.436409  0.477326  0.427716  0.105574  0.128627  0.101889  0.111783  0.111035  0.100223  0.098384  0.101684 0.0  0.110107  0.102586  0.114877  0.179621  0.474985  0.141841  0.460293  0.517417  0.165319  0.137873  0.100752  0.466462  0.182604  0.403038  0.426235  0.460017  0.144204  0.125850  0.454983  0.401236  0.334481  0.102020  0.342728  0.428516 
38  0.472538  0.452077  0.377809  0.538706  0.144968  0.665143  0.550558  0.539656  0.398921  0.144590  0.518451  0.500883  0.484694  0.122924  0.370726  0.367117  0.423769  0.412670  0.403740  0.390439  0.155603  0.104949  0.170502  0.096108  0.402792  0.103995  0.451114  0.461643  0.340634  0.119543  0.123077  0.107654  0.136583  0.093964  0.121307  0.115479  0.102088  0.110107 0.0  0.104332  0.100951  0.166330  0.445420  0.124899  0.506399  0.455310  0.151719  0.134758  0.098493  0.518452  0.168667  0.440469  0.481658  0.568362  0.134715  0.121781  0.435761  0.464836  0.316709  0.100858  0.460267  0.362532 
39  0.402208  0.364225  0.444017  0.498857  0.159851  0.626330  0.598754  0.513507  0.404189  0.157441  0.554203  0.479035  0.463784  0.131365  0.409439  0.427147  0.407466  0.397841  0.426639  0.393771  0.156870  0.098987  0.188203  0.107418  0.492802  0.093611  0.459223  0.450290  0.406772  0.108729  0.118252  0.106666  0.114976  0.103001  0.111805  0.113181  0.096282  0.102586  0.104332 0.0  0.103065  0.168614  0.512738  0.136411  0.486342  0.499525  0.153537  0.137826  0.099017  0.492689  0.169650  0.423579  0.411063  0.438439  0.122628  0.122183  0.388285  0.443634  0.318250  0.097559  0.468473  0.396001 
40  0.443691  0.435757  0.505693  0.453113  0.138200  0.657187  0.608625  0.661339  0.427003  0.163813  0.526027  0.455525  0.409863  0.130149  0.498521  0.432050  0.410203  0.451010  0.379450  0.447024  0.136192  0.102156  0.170944  0.102954  0.495637  0.102850  0.468264  0.428135  0.453938  0.127931  0.109214  0.118293  0.136641  0.099322  0.132236  0.124403  0.108402  0.114877  0.100951  0.103065 0.0  0.150550  0.423536  0.120661  0.536749  0.474188  0.138396  0.119146  0.106568  0.520947  0.155558  0.380959  0.451295  0.579469  0.110430  0.107914  0.434685  0.454718  0.285396  0.106880  0.397693  0.439338 
41  0.464103  0.530557  0.456764  0.604160  0.100943  0.640638  0.739697  0.712890  0.516709  0.234424  0.451765  0.431367  0.479075  0.179307  0.470896  0.532263  0.427692  0.457240  0.510337  0.420125  0.108015  0.172301  0.128594  0.169107  0.543885  0.148053  0.492248  0.554686  0.541308  0.182861  0.135121  0.167217  0.180873  0.169106  0.169995  0.192458  0.169549  0.179621  0.166330  0.168614  0.150550 0.0  0.504981  0.131201  0.478051  0.516979  0.113802  0.118409  0.163132  0.461925  0.097702  0.507193  0.501338  0.598273  0.120217  0.138754  0.428289  0.468636  0.287332  0.157432  0.498736  0.498056 
42  0.507074  0.145077  0.327082  0.210430  0.581801  0.262576  0.245536  0.193050  0.307446  0.432146  0.509093  0.504935  0.527849  0.473687  0.416334  0.171005  0.465786  0.474862  0.437659  0.482750  0.632999  0.529249  0.538891  0.540749  0.095395  0.444077  0.492866  0.470922  0.319813  0.478803  0.461788  0.476280  0.520921  0.514936  0.399931  0.397142  0.497181  0.474985  0.445420  0.512738  0.423536  0.504981 0.0  0.532981  0.418594  0.482969  0.486631  0.545223  0.439142  0.346195  0.601892  0.381817  0.381271  0.535951  0.413562  0.534491  0.324545  0.323970  0.598482  0.541656  0.478962  0.455701 
43  0.458184  0.398499  0.427649  0.557357  0.131306  0.612714  0.609833  0.538748  0.464916  0.189503  0.510514  0.436115  0.470637  0.140949  0.481010  0.410494  0.443775  0.446231  0.494587  0.435129  0.137708  0.131031  0.134892  0.128922  0.480183  0.140566  0.495733  0.440980  0.414388  0.161607  0.122143  0.140579  0.171919  0.126788  0.149659  0.138555  0.136830  0.141841  0.124899  0.136411  0.120661  0.131201  0.532981 0.0  0.479847  0.607233  0.116113  0.130672  0.134678  0.570012  0.147629  0.505107  0.416630  0.579154  0.120008  0.111028  0.494632  0.474420  0.305736  0.133664  0.424123  0.447267 
44  0.192773  0.394877  0.149823  0.308382  0.509545  0.342350  0.331004  0.406387  0.229430  0.358835  0.784878  0.565722  0.270789  0.466635  0.144699  0.345087  0.186447  0.169784  0.162652  0.169635  0.466903  0.403978  0.592996  0.503587  0.394809  0.478664  0.275818  0.702511  0.180985  0.467625  0.413811  0.390784  0.459221  0.464720  0.442361  0.444038  0.459207  0.460293  0.506399  0.486342  0.536749  0.478051  0.418594  0.479847 0.0  0.262473  0.539988  0.431138  0.490036  0.128542  0.569801  0.149901  0.137664  0.191893  0.533497  0.446245  0.204536  0.178809  0.760274  0.412456  0.151825  0.163674 
45  0.223821  0.537209  0.290503  0.493266  0.557236  0.555240  0.587053  0.615111  0.373748  0.492594  1.000000  0.838649  0.150004  0.512461  0.242072  0.511506  0.207198  0.222396  0.236279  0.228625  0.585306  0.447548  0.548399  0.555566  0.579826  0.496287  0.158266  0.730373  0.288677  0.457023  0.486820  0.507050  0.493736  0.477914  0.510548  0.456299  0.456371  0.517417  0.455310  0.499525  0.474188  0.516979  0.482969  0.607233  0.262473 0.0  0.491792  0.493106  0.545770  0.319858  0.544018  0.213279  0.262866  0.201341  0.528523  0.469609  0.355192  0.361982  0.664805  0.488681  0.248865  0.235343 
46  0.434923  0.481843  0.450582  0.597504  0.112712  0.664303  0.642173  0.679626  0.418769  0.216723  0.439186  0.431693  0.519332  0.171360  0.474666  0.429118  0.536023  0.424763  0.523788  0.423177  0.121625  0.146507  0.128656  0.158757  0.535344  0.148977  0.483320  0.390853  0.484971  0.169066  0.121665  0.170979  0.168705  0.159711  0.182791  0.181723  0.159097  0.165319  0.151719  0.153537  0.138396  0.113802  0.486631  0.116113  0.539988  0.491792 0.0  0.123202  0.145930  0.502740  0.117120  0.494658  0.508877  0.531672  0.130629  0.121019  0.464140  0.467040  0.290707  0.156646  0.436849  0.488128 
47  0.418586  0.524363  0.465643  0.524648  0.114842  0.629181  0.551694  0.637945  0.432967  0.195957  0.493179  0.486900  0.496375  0.164166  0.428479  0.474928  0.401956  0.438898  0.461651  0.370804  0.110885  0.125799  0.156055  0.133377  0.464651  0.127441  0.470939  0.458711  0.457214  0.144479  0.104760  0.156476  0.142067  0.127654  0.149583  0.154151  0.134728  0.137873  0.134758  0.137826  0.119146  0.118409  0.545223  0.130672  0.431138  0.493106  0.123202 0.0  0.142681  0.547166  0.118863  0.419893  0.492592  0.541354  0.096098  0.108593  0.427675  0.452091  0.309990  0.135306  0.433370  0.469652 
48  0.394219  0.447970  0.403950  0.543510  0.143354  0.614085  0.597731  0.630729  0.372694  0.159491  0.420661  0.459107  0.504697  0.127744  0.447618  0.358110  0.430626  0.370034  0.436750  0.366335  0.159958  0.103465  0.193259  0.103578  0.495341  0.101934  0.409804  0.435653  0.405571  0.112905  0.123474  0.103426  0.116912  0.099042  0.115148  0.107824  0.093680  0.100752  0.098493  0.099017  0.106568  0.163132  0.439142  0.134678  0.490036  0.545770  0.145930  0.142681 0.0  0.459339  0.156236  0.395693  0.369957  0.608261  0.132339  0.119948  0.429570  0.382098  0.362925  0.091621  0.416765  0.419091 
49  0.215167  0.348358  0.153709  0.282450  0.542303  0.284523  0.334071  0.369729  0.215309  0.367397  0.750366  0.760840  0.360488  0.528154  0.162203  0.322908  0.224698  0.201030  0.184874  0.202918  0.550822  0.434049  0.632005  0.539269  0.343724  0.435007  0.286789  0.669011  0.149719  0.434790  0.556307  0.530123  0.489477  0.514073  0.415014  0.492504  0.501996  0.466462  0.518452  0.492689  0.520947  0.461925  0.346195  0.570012  0.128542  0.319858  0.502740  0.547166  0.459339 0.0  0.586960  0.170325  0.158132  0.208432  0.610136  0.570523  0.172791  0.147191  0.598597  0.456663  0.194775  0.175955 
50  0.484687  0.487777  0.534139  0.521609  0.104223  0.632971  0.553731  0.577551  0.469745  0.229656  0.509315  0.508514  0.536467  0.180593  0.487045  0.420574  0.466895  0.500343  0.465681  0.435934  0.103448  0.161924  0.137414  0.187322  0.539386  0.167076  0.458392  0.503981  0.481081  0.178485  0.133235  0.170335  0.168727  0.155212  0.190858  0.193575  0.172564  0.182604  0.168667  0.169650  0.155558  0.097702  0.601892  0.147629  0.569801  0.544018  0.117120  0.118863  0.156236  0.586960 0.0  0.501778  0.512104  0.569217  0.118481  0.142848  0.501821  0.500328  0.267516  0.162764  0.430292  0.453859 
51  0.120774  0.441969  0.132919  0.339418  0.485764  0.404032  0.418404  0.401130  0.266668  0.353524  0.686613  0.799447  0.214432  0.411824  0.116425  0.331700  0.128883  0.118723  0.111687  0.119017  0.458400  0.456807  0.468901  0.485872  0.414809  0.405309  0.250871  0.694730  0.187427  0.379784  0.471522  0.406863  0.376395  0.412781  0.374332  0.371676  0.446538  0.403038  0.440469  0.423579  0.380959  0.507193  0.381817  0.505107  0.149901  0.213279  0.494658  0.419893  0.395693  0.170325  0.501778 0.0  0.115215  0.193677  0.470340  0.478397  0.206586  0.193280  0.701546  0.437154  0.102044  0.110949 
52  0.145440  0.429312  0.110287  0.290456  0.515899  0.309738  0.383706  0.437490  0.220259  0.344365  0.785384  0.683573  0.248239  0.424429  0.100225  0.329770  0.145483  0.128157  0.121974  0.131824  0.551051  0.436390  0.557967  0.455936  0.429560  0.438648  0.283194  0.562069  0.150715  0.433153  0.438167  0.404846  0.376807  0.383445  0.425093  0.398933  0.434806  0.426235  0.481658  0.411063  0.451295  0.501338  0.381271  0.416630  0.137664  0.262866  0.508877  0.492592  0.369957  0.158132  0.512104  0.115215 0.0  0.211886  0.462693  0.473296  0.190892  0.176938  0.636514  0.421718  0.116401  0.129003 
53  0.196590  0.480527  0.205360  0.420824  0.537659  0.438103  0.379115  0.460019  0.290215  0.502168  0.963800  0.884048  0.255538  0.495589  0.211664  0.418604  0.212936  0.196247  0.201981  0.239112  0.540662  0.541011  0.593490  0.547230  0.460219  0.449736  0.253881  0.738393  0.278701  0.557297  0.538252  0.510154  0.462551  0.572119  0.512530  0.461345  0.588894  0.460017  0.568362  0.438439  0.579469  0.598273  0.535951  0.579154  0.191893  0.201341  0.531672  0.541354  0.608261  0.208432  0.569217  0.193677  0.211886 0.0  0.668667  0.519840  0.284666  0.270790  0.811575  0.558470  0.210698  0.173510 
54  0.458816  0.492924  0.427637  0.592949  0.114601  0.629029  0.678727  0.589822  0.391240  0.187237  0.421685  0.410294  0.544862  0.160290  0.485904  0.448152  0.427393  0.396627  0.419323  0.376259  0.113862  0.122606  0.148858  0.135076  0.515955  0.125578  0.348472  0.431750  0.389519  0.141968  0.100052  0.149673  0.146912  0.121022  0.142903  0.151033  0.129269  0.144204  0.134715  0.122628  0.110430  0.120217  0.413562  0.120008  0.533497  0.528523  0.130629  0.096098  0.132339  0.610136  0.118481  0.470340  0.462693  0.668667 0.0  0.110496  0.536626  0.396767  0.324236  0.132526  0.420154  0.438921 
55  0.450211  0.427610  0.469729  0.568374  0.127597  0.620295  0.559878  0.689912  0.451975  0.182143  0.448771  0.470075  0.485279  0.142663  0.406000  0.413585  0.450673  0.472456  0.399235  0.410227  0.129005  0.112657  0.158638  0.119624  0.489664  0.121757  0.465759  0.447326  0.453684  0.136948  0.104685  0.143827  0.144089  0.116213  0.142503  0.139615  0.123381  0.125850  0.121781  0.122183  0.107914  0.138754  0.534491  0.111028  0.446245  0.469609  0.121019  0.108593  0.119948  0.570523  0.142848  0.478397  0.473296  0.519840  0.110496 0.0  0.459078  0.475635  0.277291  0.127595  0.479827  0.455732 
56  0.248771  0.258737  0.175674  0.212444  0.502206  0.249407  0.342506  0.320045  0.131488  0.357306  0.631463  0.632152  0.362443  0.384609  0.206429  0.231008  0.256906  0.212088  0.230656  0.196773  0.492974  0.430576  0.608158  0.464288  0.318147  0.385582  0.336355  0.538184  0.144537  0.437079  0.434985  0.413527  0.375174  0.425579  0.404455  0.413768  0.454378  0.454983  0.435761  0.388285  0.434685  0.428289  0.324545  0.494632  0.204536  0.355192  0.464140  0.427675  0.429570  0.172791  0.501821  0.206586  0.190892  0.284666  0.536626  0.459078 0.0  0.112867  0.573933  0.476871  0.215024  0.266657 
57  0.213322  0.317786  0.153966  0.244223  0.479007  0.314022  0.375558  0.341850  0.148526  0.369634  0.688097  0.654479  0.333716  0.401835  0.172367  0.277425  0.232064  0.208497  0.197914  0.195876  0.418368  0.418840  0.494238  0.426316  0.331231  0.459029  0.335131  0.591785  0.119436  0.364468  0.525711  0.406529  0.378034  0.443303  0.383563  0.400006  0.399041  0.401236  0.464836  0.443634  0.454718  0.468636  0.323970  0.474420  0.178809  0.361982  0.467040  0.452091  0.382098  0.147191  0.500328  0.193280  0.176938  0.270790  0.396767  0.475635  0.112867 0.0  0.620317  0.390522  0.201731  0.200965 
58  0.651939  0.460576  0.614591  0.628352  0.305418  0.699513  0.663324  0.731672  0.542533  0.364253  0.251687  0.288509  0.671727  0.310172  0.639809  0.517024  0.630707  0.640781  0.703815  0.628309  0.327323  0.350092  0.243889  0.332255  0.656015  0.365684  0.708914  0.354887  0.670563  0.353015  0.367483  0.332523  0.371082  0.288727  0.341144  0.395558  0.314204  0.334481  0.316709  0.318250  0.285396  0.287332  0.598482  0.305736  0.760274  0.664805  0.290707  0.309990  0.362925  0.598597  0.267516  0.701546  0.636514  0.811575  0.324236  0.277291  0.573933  0.620317 0.0  0.281834  0.658937  0.657253 
59  0.371246  0.430091  0.392528  0.511271  0.154527  0.573123  0.681764  0.576972  0.492653  0.153371  0.475815  0.421560  0.494745  0.125032  0.339777  0.398790  0.388650  0.365123  0.404702  0.396609  0.153049  0.103253  0.196526  0.106227  0.515266  0.100271  0.452598  0.499530  0.397007  0.111586  0.122959  0.104045  0.122850  0.100632  0.112955  0.107127  0.093024  0.102020  0.100858  0.097559  0.106880  0.157432  0.541656  0.133664  0.412456  0.488681  0.156646  0.135306  0.091621  0.456663  0.162764  0.437154  0.421718  0.558470  0.132526  0.127595  0.476871  0.390522  0.281834 0.0  0.437146  0.431132 
60  0.120109  0.393971  0.142801  0.353042  0.473035  0.366892  0.404444  0.428403  0.231457  0.315761  0.757919  0.821739  0.276088  0.431696  0.105345  0.347270  0.127751  0.113540  0.096385  0.117122  0.409924  0.447167  0.590559  0.412074  0.410899  0.452524  0.230181  0.710138  0.167913  0.400274  0.444127  0.429809  0.347611  0.409944  0.368514  0.379184  0.405010  0.342728  0.460267  0.468473  0.397693  0.498736  0.478962  0.424123  0.151825  0.248865  0.436849  0.433370  0.416765  0.194775  0.430292  0.102044  0.116401  0.210698  0.420154  0.479827  0.215024  0.201731  0.658937  0.437146 0.0  0.105002 
61  0.104844  0.475649  0.152128  0.352627  0.511873  0.415152  0.484276  0.437819  0.255839  0.326912  0.773558  0.739263  0.284838  0.410246  0.125116  0.386030  0.113565  0.108947  0.102027  0.114851  0.491613  0.373439  0.517790  0.457798  0.417627  0.390845  0.257654  0.668249  0.179055  0.415978  0.433978  0.451909  0.410542  0.479570  0.367680  0.358799  0.501229  0.428516  0.362532  0.396001  0.439338  0.498056  0.455701  0.447267  0.163674  0.235343  0.488128  0.469652  0.419091  0.175955  0.453859  0.110949  0.129003  0.173510  0.438921  0.455732  0.266657  0.200965  0.657253  0.431132  0.105002 0.0 
