62
0 0.0  0.466514  0.224015  0.334516  0.541731  0.385537  0.541732  0.505063  0.238694  0.424957  0.718576  0.800526  0.242201  0.404548  0.163134  0.402310  0.172520  0.146634  0.082501  0.155622  0.521546  0.442133  0.585276  0.359408  0.447505  0.367472  0.118901  0.711690  0.177634  0.482743  0.478024  0.492477  0.428677  0.510555  0.426562  0.408422  0.412733  0.502536  0.447693  0.401042  0.364209  0.409140  0.564876  0.392419  0.223356  0.321631  0.525533  0.450634  0.431839  0.150238  0.460319  0.129385  0.101465  0.200715  0.456583  0.505659  0.235656  0.187579  0.622450  0.365886  0.082501  0.095818 
1  0.466514 0.0  0.306978  0.203506  0.528819  0.335465  0.323725  0.191128  0.300497  0.395551  0.527818  0.542309  0.642623  0.384825  0.488026  0.235502  0.483400  0.450820  0.528687  0.429674  0.493355  0.478606  0.444976  0.340391  0.082501  0.434731  0.515254  0.364219  0.398418  0.434823  0.511363  0.505327  0.422965  0.512827  0.427676  0.407369  0.512019  0.521375  0.391453  0.476947  0.527283  0.466586  0.158956  0.467677  0.440910  0.586376  0.481751  0.554779  0.403304  0.413862  0.492529  0.525193  0.421238  0.497504  0.414431  0.516675  0.357107  0.302734  0.471468  0.317831  0.360401  0.409189 
2  0.224015  0.306978 0.0  0.301754  0.425775  0.347410  0.351773  0.481978  0.162037  0.365720  0.689652  0.697687  0.354337  0.396168  0.150529  0.298778  0.200310  0.211271  0.088506  0.192255  0.538071  0.443863  0.512537  0.364531  0.409732  0.385089  0.260527  0.660314  0.082501  0.457790  0.433390  0.379840  0.388186  0.402342  0.358001  0.422882  0.374612  0.368419  0.454841  0.399495  0.450501  0.513957  0.368920  0.592847  0.147007  0.280887  0.436674  0.436551  0.437015  0.116426  0.567255  0.155947  0.209912  0.192515  0.592834  0.431580  0.117061  0.156287  0.556818  0.465696  0.161661  0.171812 
3  0.334516  0.203506  0.301754 0.0  0.698059  0.175083  0.193242  0.177221  0.178328  0.432150  0.727204  0.630771  0.549521  0.545343  0.353953  0.220136  0.336846  0.329188  0.370092  0.411721  0.544212  0.440512  0.567419  0.445820  0.321308  0.557511  0.427242  0.604186  0.304423  0.626484  0.546097  0.461736  0.544425  0.554620  0.492390  0.537043  0.458927  0.483538  0.468515  0.505276  0.522008  0.607927  0.175576  0.611625  0.407481  0.529219  0.513079  0.561178  0.563908  0.295142  0.545879  0.353791  0.239237  0.436231  0.594116  0.429650  0.234702  0.293970  0.787725  0.480278  0.246398  0.276499 
4  0.541731  0.528819  0.425775  0.698059 0.0  0.698979  0.656845  0.732989  0.476379  0.161033  0.481974  0.461266  0.591636  0.213660  0.527740  0.441676  0.507718  0.457204  0.509840  0.515373  0.139982  0.183298  0.218735  0.223813  0.621684  0.132126  0.482485  0.484859  0.529638  0.146543  0.082501  0.176956  0.133089  0.148911  0.178494  0.113704  0.117547  0.160785  0.087916  0.140379  0.141001  0.109367  0.643122  0.086190  0.513914  0.591508  0.149597  0.082501  0.082501  0.523926  0.082501  0.497970  0.571723  0.590882  0.161428  0.110744  0.462765  0.483798  0.280128  0.141112  0.459819  0.603342 
5  0.385537  0.335465  0.347410  0.175083  0.698979 0.0  0.118196  0.270739  0.295021  0.607751  0.803728  0.692884  0.582080  0.568585  0.424335  0.306853  0.380271  0.401703  0.358733  0.418470  0.635255  0.654216  0.655189  0.570276  0.192552  0.551462  0.629780  0.665975  0.318705  0.649857  0.603144  0.655292  0.622141  0.502593  0.624506  0.670550  0.572094  0.670705  0.569077  0.625277  0.623016  0.711694  0.261085  0.762607  0.398402  0.551456  0.661509  0.645003  0.625334  0.307397  0.653713  0.442745  0.390491  0.392068  0.660925  0.658025  0.331077  0.378877  0.834704  0.631989  0.517872  0.368604 
6  0.541732  0.323725  0.351773  0.193242  0.656845  0.118196 0.0  0.206663  0.434214  0.546585  0.761010  0.710895  0.614554  0.497288  0.418719  0.328171  0.502580  0.390334  0.467428  0.507348  0.659361  0.683183  0.744205  0.550318  0.322077  0.630360  0.625095  0.680359  0.332087  0.594952  0.645623  0.517182  0.521444  0.599026  0.568306  0.581081  0.533336  0.618090  0.532011  0.600119  0.681807  0.735652  0.229610  0.698037  0.361428  0.669915  0.727632  0.770942  0.638225  0.339801  0.726499  0.376941  0.422489  0.458070  0.653942  0.651917  0.448783  0.320993  0.693707  0.743006  0.372439  0.420676 
7  0.505063  0.191128  0.481978  0.177221  0.732989  0.270739  0.206663 0.0  0.292182  0.535487  0.773432  0.599904  0.670325  0.588818  0.408580  0.253495  0.485281  0.432765  0.568651  0.525686  0.628710  0.671213  0.657019  0.521148  0.211347  0.690289  0.613422  0.534763  0.431659  0.624664  0.598055  0.599754  0.650073  0.601958  0.488936  0.528892  0.649165  0.617660  0.579990  0.566620  0.642285  0.596236  0.193120  0.626231  0.340753  0.700602  0.606266  0.668775  0.690215  0.352336  0.631850  0.390682  0.478328  0.565239  0.508928  0.610868  0.259992  0.325747  0.652921  0.562312  0.454646  0.456769 
8  0.238694  0.300497  0.162037  0.178328  0.476379  0.295021  0.434214  0.292182 0.0  0.410737  0.662095  0.666972  0.367084  0.350890  0.264135  0.154177  0.336579  0.309716  0.242532  0.212846  0.538884  0.394147  0.469674  0.377240  0.256021  0.342881  0.474776  0.653085  0.202734  0.414100  0.442606  0.414042  0.396002  0.428894  0.520555  0.426157  0.398750  0.527722  0.410899  0.441151  0.339194  0.544531  0.284640  0.583303  0.181431  0.349701  0.420337  0.426231  0.404250  0.233949  0.452617  0.287001  0.133987  0.320497  0.463852  0.515543  0.082501  0.214475  0.648879  0.364908  0.336559  0.215465 
9  0.424957  0.395551  0.365720  0.432150  0.161033  0.607751  0.546585  0.535487  0.410737 0.0  0.515661  0.511237  0.537205  0.088562  0.384407  0.335998  0.333832  0.340245  0.232446  0.341310  0.261070  0.112589  0.227785  0.157577  0.338336  0.151465  0.460418  0.484329  0.373851  0.118624  0.213037  0.153135  0.162240  0.181177  0.164044  0.082501  0.191209  0.082501  0.189940  0.089242  0.153842  0.292116  0.363981  0.271167  0.399439  0.418278  0.221548  0.238858  0.109162  0.420711  0.196292  0.399863  0.447817  0.482897  0.233087  0.082501  0.292792  0.371184  0.313986  0.208392  0.370072  0.361213 
10  0.718576  0.527818  0.689652  0.727204  0.481974  0.803728  0.761010  0.773432  0.662095  0.515661 0.0  0.170783  0.870750  0.368815  0.787213  0.537234  0.807131  0.827949  0.717705  0.757545  0.521715  0.489830  0.478742  0.465953  0.591063  0.648285  0.958835  0.253363  0.805911  0.495312  0.479736  0.439451  0.525781  0.493007  0.535394  0.542843  0.436005  0.531113  0.521135  0.453593  0.460150  0.482164  0.617377  0.522536  0.769491  1.000000  0.451823  0.430443  0.415871  0.908396  0.502088  0.837564  0.668059  0.747831  0.395047  0.430011  0.665805  0.666819  0.304991  0.575696  0.758949  0.848462 
11  0.800526  0.542309  0.697687  0.630771  0.461266  0.692884  0.710895  0.599904  0.666972  0.511237  0.170783 0.0  0.890966  0.493284  0.751666  0.615380  0.686728  0.719973  0.753388  0.724102  0.418325  0.568802  0.438015  0.488425  0.557226  0.499626  0.764369  0.236728  0.737666  0.628391  0.494107  0.447019  0.532538  0.524968  0.544839  0.557562  0.500414  0.490767  0.476319  0.588107  0.624864  0.501059  0.466914  0.418806  0.797287  0.930376  0.535758  0.443291  0.516365  0.796935  0.553204  0.806496  0.793481  0.870105  0.523042  0.535748  0.673677  0.790326  0.303423  0.487105  0.754670  0.680445 
12  0.242201  0.642623  0.354337  0.549521  0.591636  0.582080  0.614554  0.670325  0.367084  0.537205  0.870750  0.890966 0.0  0.445667  0.392147  0.498705  0.205400  0.264025  0.276843  0.278379  0.450004  0.455267  0.598871  0.564533  0.615106  0.542023  0.088228  0.906334  0.298637  0.456432  0.589977  0.491285  0.381986  0.458109  0.371861  0.435694  0.435207  0.567228  0.529661  0.566872  0.387726  0.574161  0.657099  0.569513  0.311268  0.199617  0.533752  0.450519  0.443754  0.246814  0.497434  0.381317  0.228662  0.338128  0.420880  0.477244  0.444094  0.357942  0.682486  0.500011  0.208998  0.276215 
13  0.404548  0.384825  0.396168  0.545343  0.213660  0.568585  0.497288  0.588818  0.350890  0.088562  0.368815  0.493284  0.445667 0.0  0.447460  0.334382  0.438174  0.374467  0.461887  0.427746  0.216684  0.113428  0.244874  0.116417  0.428136  0.086490  0.534680  0.415192  0.437884  0.186657  0.167199  0.148254  0.206838  0.133439  0.131443  0.087737  0.160216  0.119124  0.101038  0.171406  0.158398  0.158857  0.395808  0.082501  0.550777  0.463922  0.116551  0.191438  0.151610  0.571700  0.239480  0.471136  0.426990  0.476818  0.088627  0.280086  0.436602  0.426348  0.318439  0.148122  0.477348  0.415599 
14  0.163134  0.488026  0.150529  0.353953  0.527740  0.424335  0.418719  0.408580  0.264135  0.384407  0.787213  0.751666  0.392147  0.447460 0.0  0.365142  0.114172  0.082501  0.104051  0.125228  0.505378  0.378692  0.536515  0.598155  0.534308  0.486092  0.205865  0.667946  0.184910  0.442685  0.427438  0.366952  0.389128  0.444617  0.408187  0.396590  0.399546  0.410649  0.407956  0.426446  0.567592  0.509785  0.379119  0.519955  0.082501  0.202531  0.488605  0.426466  0.510474  0.226769  0.484169  0.169895  0.082501  0.240749  0.371882  0.494214  0.272999  0.200568  0.644844  0.447130  0.156203  0.082501 
15  0.402310  0.235502  0.298778  0.220136  0.441676  0.306853  0.328171  0.253495  0.154177  0.335998  0.537234  0.615380  0.498705  0.334382  0.365142 0.0  0.421713  0.372940  0.314637  0.358717  0.587272  0.352395  0.473315  0.354118  0.259465  0.389649  0.470783  0.491870  0.292283  0.336648  0.353997  0.263028  0.336530  0.343980  0.251897  0.370192  0.382409  0.402974  0.443325  0.449013  0.434747  0.408493  0.263962  0.291724  0.412465  0.520973  0.517092  0.488570  0.499104  0.402236  0.509184  0.352955  0.409354  0.536546  0.550279  0.407303  0.189661  0.273371  0.536124  0.406943  0.312320  0.346951 
16  0.172520  0.483400  0.200310  0.336846  0.507718  0.380271  0.502580  0.485281  0.336579  0.333832  0.807131  0.686728  0.205400  0.438174  0.114172  0.421713 0.0  0.117886  0.113624  0.198274  0.415399  0.501443  0.572246  0.453073  0.401553  0.514590  0.219998  0.704152  0.146939  0.498568  0.348263  0.487978  0.456215  0.320380  0.446373  0.431731  0.392006  0.524141  0.453586  0.411566  0.538350  0.494475  0.488076  0.494733  0.137467  0.222640  0.527341  0.302969  0.397843  0.188041  0.455130  0.082501  0.084866  0.224141  0.439239  0.404239  0.307852  0.314233  0.709125  0.405364  0.134628  0.147700 
17  0.146634  0.450820  0.211271  0.329188  0.457204  0.401703  0.390334  0.432765  0.309716  0.340245  0.827949  0.719973  0.264025  0.374467  0.082501  0.372940  0.117886 0.0  0.086606  0.101243  0.524146  0.491793  0.500055  0.447739  0.448209  0.488013  0.168444  0.837974  0.135923  0.394936  0.347364  0.424063  0.385917  0.395666  0.498957  0.371215  0.386573  0.427649  0.477318  0.415423  0.330248  0.552431  0.536578  0.483379  0.082501  0.208614  0.395190  0.437942  0.441468  0.227232  0.508199  0.082501  0.092872  0.294988  0.430567  0.427464  0.326639  0.139121  0.654809  0.474058  0.082501  0.154890 
18  0.082501  0.528687  0.088506  0.370092  0.509840  0.358733  0.467428  0.568651  0.242532  0.232446  0.717705  0.753388  0.276843  0.461887  0.104051  0.314637  0.113624  0.086606 0.0  0.166541  0.447848  0.419166  0.588845  0.395430  0.499748  0.439278  0.285268  0.644833  0.156053  0.252717  0.534093  0.407055  0.375942  0.527264  0.456808  0.437660  0.367061  0.458214  0.393555  0.533734  0.456806  0.560346  0.444603  0.465165  0.082501  0.355351  0.497426  0.443698  0.364821  0.213327  0.467145  0.126038  0.082501  0.125283  0.447208  0.522403  0.203008  0.175386  0.779686  0.345797  0.134242  0.159571 
19  0.155622  0.429674  0.192255  0.411721  0.515373  0.418470  0.507348  0.525686  0.212846  0.341310  0.757545  0.724102  0.278379  0.427746  0.125228  0.358717  0.198274  0.101243  0.166541 0.0  0.438713  0.378471  0.448577  0.350673  0.458102  0.448463  0.278355  0.797782  0.188022  0.402159  0.484819  0.403458  0.310620  0.331995  0.416659  0.452111  0.511089  0.386215  0.336434  0.386574  0.384634  0.530670  0.487019  0.478820  0.222711  0.312660  0.480450  0.373322  0.414452  0.239105  0.483035  0.167244  0.136594  0.226934  0.367926  0.333983  0.304799  0.125682  0.680564  0.384083  0.231164  0.196957 
20  0.521546  0.493355  0.538071  0.544212  0.139982  0.635255  0.659361  0.628710  0.538884  0.261070  0.521715  0.418325  0.450004  0.216684  0.505378  0.587272  0.415399  0.524146  0.447848  0.438713 0.0  0.118925  0.123277  0.082501  0.475850  0.189599  0.590681  0.603427  0.513332  0.082501  0.153138  0.178676  0.137456  0.107071  0.084464  0.150669  0.145953  0.115334  0.268012  0.125510  0.182856  0.093398  0.624886  0.199617  0.531954  0.519656  0.101605  0.158741  0.182193  0.509643  0.093450  0.472236  0.441743  0.655073  0.082501  0.144821  0.517261  0.562444  0.421857  0.162774  0.471721  0.507635 
21  0.442133  0.478606  0.443863  0.440512  0.183298  0.654216  0.683183  0.671213  0.394147  0.112589  0.489830  0.568802  0.455267  0.113428  0.378692  0.352395  0.501443  0.491793  0.419166  0.378471  0.118925 0.0  0.209118  0.105483  0.509513  0.082501  0.466405  0.442370  0.440138  0.105376  0.113460  0.088558  0.176097  0.082501  0.093631  0.085295  0.093289  0.103432  0.082501  0.085350  0.082501  0.186335  0.443866  0.134166  0.486802  0.569494  0.124910  0.082501  0.082501  0.519321  0.136634  0.391496  0.441423  0.550530  0.123077  0.165488  0.507954  0.431110  0.357008  0.082501  0.450662  0.417597 
22  0.585276  0.444976  0.512537  0.567419  0.218735  0.655189  0.744205  0.657019  0.469674  0.227785  0.478742  0.438015  0.598871  0.244874  0.536515  0.473315  0.572246  0.500055  0.588845  0.448577  0.123277  0.209118 0.0  0.232895  0.520584  0.087914  0.594621  0.451967  0.430577  0.231899  0.082501  0.177685  0.184842  0.160699  0.167790  0.169182  0.208155  0.158660  0.172080  0.239669  0.140996  0.155812  0.501595  0.082501  0.572603  0.534714  0.082501  0.133367  0.288544  0.529590  0.083096  0.538910  0.534456  0.682950  0.264864  0.140321  0.584200  0.527698  0.231997  0.262058  0.445039  0.540004 
23  0.359408  0.340391  0.364531  0.445820  0.223813  0.570276  0.550318  0.521148  0.377240  0.157577  0.465953  0.488425  0.564533  0.116417  0.598155  0.354118  0.453073  0.447739  0.395430  0.350673  0.082501  0.105483  0.232895 0.0  0.444613  0.085384  0.530673  0.389851  0.361520  0.082501  0.192719  0.104958  0.232199  0.084943  0.180367  0.138758  0.214776  0.082501  0.129165  0.082501  0.156475  0.232723  0.558782  0.178565  0.473392  0.350130  0.127419  0.139963  0.093493  0.598185  0.165918  0.493115  0.337843  0.543948  0.084203  0.082501  0.455270  0.381478  0.261888  0.082501  0.498637  0.443531 
24  0.447505  0.082501  0.409732  0.321308  0.621684  0.192552  0.322077  0.211347  0.256021  0.338336  0.591063  0.557226  0.615106  0.428136  0.534308  0.259465  0.401553  0.448209  0.499748  0.458102  0.475850  0.509513  0.520584  0.444613 0.0  0.447798  0.579821  0.458993  0.375326  0.431694  0.396522  0.434413  0.537235  0.436620  0.415962  0.412867  0.505247  0.538029  0.468767  0.524019  0.483591  0.623590  0.191229  0.562506  0.374909  0.597924  0.433744  0.539420  0.556016  0.359122  0.424379  0.469627  0.453805  0.486420  0.531246  0.496289  0.277607  0.357069  0.634364  0.430368  0.389921  0.452103 
25  0.367472  0.434731  0.385089  0.557511  0.132126  0.551462  0.630360  0.690289  0.342881  0.151465  0.648285  0.499626  0.542023  0.086490  0.486092  0.389649  0.514590  0.488013  0.439278  0.448463  0.189599  0.082501  0.087914  0.085384  0.447798 0.0  0.520490  0.410436  0.433467  0.102711  0.120121  0.085297  0.179119  0.161461  0.082501  0.082501  0.082501  0.082501  0.135705  0.082501  0.162107  0.221270  0.475118  0.082501  0.452772  0.471025  0.170155  0.106378  0.160239  0.504133  0.141370  0.435853  0.406231  0.469087  0.203996  0.121346  0.434083  0.337997  0.404257  0.082501  0.442745  0.495720 
26  0.118901  0.515254  0.260527  0.427242  0.482485  0.629780  0.625095  0.613422  0.474776  0.460418  0.958835  0.764369  0.088228  0.534680  0.205865  0.470783  0.219998  0.168444  0.285268  0.278355  0.590681  0.466405  0.594621  0.530673  0.579821  0.520490 0.0  0.837846  0.408751  0.417197  0.464315  0.395176  0.442037  0.445358  0.413944  0.492685  0.457030  0.462054  0.491017  0.569289  0.503363  0.625329  0.563138  0.589709  0.352498  0.125286  0.508987  0.418521  0.431830  0.299374  0.514462  0.253846  0.270504  0.256495  0.492780  0.519015  0.279808  0.311547  0.689194  0.625618  0.302300  0.194945 
27  0.711690  0.364219  0.660314  0.604186  0.484859  0.665975  0.680359  0.534763  0.653085  0.484329  0.253363  0.236728  0.906334  0.415192  0.667946  0.491870  0.704152  0.837974  0.644833  0.797782  0.603427  0.442370  0.451967  0.389851  0.458993  0.410436  0.837846 0.0  0.645504  0.603448  0.447170  0.403355  0.472260  0.455560  0.469060  0.525112  0.584459  0.379635  0.569354  0.415108  0.477298  0.617500  0.445947  0.470761  0.700342  0.910773  0.515501  0.476042  0.465103  0.758048  0.531620  0.803609  0.643375  0.774604  0.445294  0.415851  0.588535  0.662608  0.425746  0.500917  0.679031  0.617321 
28  0.177634  0.398418  0.082501  0.304423  0.529638  0.318705  0.332087  0.431659  0.202734  0.373851  0.805911  0.737666  0.298637  0.437884  0.184910  0.292283  0.146939  0.135923  0.156053  0.188022  0.513332  0.440138  0.430577  0.361520  0.375326  0.433467  0.408751  0.645504 0.0  0.422742  0.497990  0.485885  0.340005  0.398819  0.348778  0.365888  0.428798  0.440568  0.349427  0.481572  0.415141  0.453548  0.360205  0.438268  0.244086  0.367963  0.464118  0.521354  0.490853  0.122234  0.529966  0.142282  0.256962  0.207134  0.434411  0.462562  0.111617  0.115264  0.634821  0.473935  0.215415  0.132123 
29  0.482743  0.434823  0.457790  0.626484  0.146543  0.649857  0.594952  0.624664  0.414100  0.118624  0.495312  0.628391  0.456432  0.186657  0.442685  0.336648  0.498568  0.394936  0.252717  0.402159  0.082501  0.105376  0.231899  0.082501  0.431694  0.102711  0.417197  0.603448  0.422742 0.0  0.177590  0.082501  0.116187  0.149844  0.087578  0.179348  0.185577  0.082501  0.097769  0.082501  0.082501  0.092816  0.483927  0.146722  0.514270  0.423475  0.175784  0.082501  0.082501  0.498532  0.162200  0.449642  0.408849  0.528604  0.188885  0.198764  0.407746  0.386923  0.405510  0.162097  0.406274  0.447540 
30  0.478024  0.511363  0.433390  0.546097  0.082501  0.603144  0.645623  0.598055  0.442606  0.213037  0.479736  0.494107  0.589977  0.167199  0.427438  0.353997  0.348263  0.347364  0.534093  0.484819  0.153138  0.113460  0.082501  0.192719  0.396522  0.120121  0.464315  0.447170  0.497990  0.177590 0.0  0.106477  0.125051  0.205829  0.153795  0.150291  0.132896  0.122315  0.082501  0.141648  0.082501  0.127736  0.535126  0.096669  0.579393  0.480392  0.082501  0.103800  0.113819  0.486157  0.161197  0.471299  0.514705  0.561860  0.125971  0.139693  0.414465  0.488588  0.389203  0.105908  0.410026  0.555728 
31  0.492477  0.505327  0.379840  0.461736  0.176956  0.655292  0.517182  0.599754  0.414042  0.153135  0.439451  0.447019  0.491285  0.148254  0.366952  0.263028  0.487978  0.424063  0.407055  0.403458  0.178676  0.088558  0.177685  0.104958  0.434413  0.085297  0.395176  0.403355  0.485885  0.082501  0.106477 0.0  0.082501  0.203381  0.103274  0.103498  0.156763  0.114350  0.082501  0.082501  0.101434  0.115488  0.491043  0.162385  0.516409  0.593750  0.227060  0.222332  0.118207  0.431574  0.217214  0.348228  0.446386  0.584313  0.164068  0.082501  0.406441  0.493879  0.366141  0.108678  0.399001  0.399907 
32  0.428677  0.422965  0.388186  0.544425  0.133089  0.622141  0.521444  0.650073  0.396002  0.162240  0.525781  0.532538  0.381986  0.206838  0.389128  0.336530  0.456215  0.385917  0.375942  0.310620  0.137456  0.176097  0.184842  0.232199  0.537235  0.179119  0.442037  0.472260  0.340005  0.116187  0.125051  0.082501 0.0  0.133292  0.082501  0.082501  0.119590  0.157767  0.126766  0.129119  0.087730  0.154359  0.568166  0.132518  0.441831  0.482893  0.258879  0.179667  0.082501  0.420251  0.298334  0.402761  0.470312  0.474140  0.082501  0.191176  0.495700  0.366629  0.374220  0.125048  0.412661  0.509896 
33  0.510555  0.512827  0.402342  0.554620  0.148911  0.502593  0.599026  0.601958  0.428894  0.181177  0.493007  0.524968  0.458109  0.133439  0.444617  0.343980  0.320380  0.395666  0.527264  0.331995  0.107071  0.082501  0.160699  0.084943  0.436620  0.161461  0.445358  0.455560  0.398819  0.149844  0.205829  0.203381  0.133292 0.0  0.199682  0.149545  0.097058  0.082501  0.106250  0.160351  0.196108  0.196127  0.528725  0.087933  0.531557  0.591921  0.208746  0.142757  0.108740  0.458856  0.218247  0.519897  0.416488  0.559436  0.082501  0.089029  0.473870  0.418787  0.357602  0.108514  0.488102  0.485497 
34  0.426562  0.427676  0.358001  0.492390  0.178494  0.624506  0.568306  0.488936  0.520555  0.164044  0.535394  0.544839  0.371861  0.131443  0.408187  0.251897  0.446373  0.498957  0.456808  0.416659  0.084464  0.093631  0.167790  0.180367  0.415962  0.082501  0.413944  0.469060  0.348778  0.087578  0.153795  0.103274  0.082501  0.199682 0.0  0.082501  0.154236  0.082501  0.240066  0.113727  0.176988  0.150913  0.504051  0.133872  0.528617  0.556439  0.188164  0.090885  0.123835  0.397255  0.208963  0.472287  0.447470  0.518733  0.206524  0.208040  0.526879  0.298133  0.288402  0.082501  0.469588  0.389425 
35  0.408422  0.407369  0.422882  0.537043  0.113704  0.670550  0.581081  0.528892  0.426157  0.082501  0.542843  0.557562  0.435694  0.087737  0.396590  0.370192  0.431731  0.371215  0.437660  0.452111  0.150669  0.085295  0.169182  0.138758  0.412867  0.082501  0.492685  0.525112  0.365888  0.179348  0.150291  0.103498  0.082501  0.149545  0.082501 0.0  0.142840  0.148549  0.205466  0.082501  0.170559  0.191397  0.577927  0.153511  0.458276  0.482002  0.173840  0.140984  0.165756  0.420130  0.248441  0.533273  0.336626  0.470461  0.189082  0.179018  0.472160  0.440199  0.348867  0.095824  0.416511  0.410498 
36  0.412733  0.512019  0.374612  0.458927  0.117547  0.572094  0.533336  0.649165  0.398750  0.191209  0.436005  0.500414  0.435207  0.160216  0.399546  0.382409  0.392006  0.386573  0.367061  0.511089  0.145953  0.093289  0.208155  0.214776  0.505247  0.082501  0.457030  0.584459  0.428798  0.185577  0.132896  0.156763  0.119590  0.097058  0.154236  0.142840 0.0  0.102927  0.082501  0.082501  0.144881  0.128166  0.556888  0.232107  0.511365  0.486818  0.083349  0.102357  0.098469  0.468659  0.235166  0.426951  0.430365  0.538272  0.129696  0.160689  0.488079  0.451143  0.358417  0.097393  0.403134  0.510430 
37  0.502536  0.521375  0.368419  0.483538  0.160785  0.670705  0.618090  0.617660  0.527722  0.082501  0.531113  0.490767  0.567228  0.119124  0.410649  0.402974  0.524141  0.427649  0.458214  0.386215  0.115334  0.103432  0.158660  0.082501  0.538029  0.082501  0.462054  0.379635  0.440568  0.082501  0.122315  0.114350  0.157767  0.082501  0.082501  0.148549  0.102927 0.0  0.214509  0.112575  0.147350  0.153710  0.501506  0.095667  0.430455  0.532790  0.176334  0.150069  0.157555  0.507616  0.141222  0.477517  0.397056  0.564504  0.082501  0.124338  0.467248  0.369262  0.307759  0.082501  0.518007  0.413694 
38  0.447693  0.391453  0.454841  0.468515  0.087916  0.569077  0.532011  0.579990  0.410899  0.189940  0.521135  0.476319  0.529661  0.101038  0.407956  0.443325  0.453586  0.477318  0.393555  0.336434  0.268012  0.082501  0.172080  0.129165  0.468767  0.135705  0.491017  0.569354  0.349427  0.097769  0.082501  0.082501  0.126766  0.106250  0.240066  0.205466  0.082501  0.214509 0.0  0.199589  0.111536  0.235444  0.529682  0.109385  0.421574  0.499748  0.284736  0.082501  0.108401  0.557961  0.143583  0.466324  0.412294  0.559359  0.128025  0.118485  0.475089  0.456236  0.298435  0.082501  0.378575  0.560291 
39  0.401042  0.476947  0.399495  0.505276  0.140379  0.625277  0.600119  0.566620  0.441151  0.089242  0.453593  0.588107  0.566872  0.171406  0.426446  0.449013  0.411566  0.415423  0.533734  0.386574  0.125510  0.085350  0.239669  0.082501  0.524019  0.082501  0.569289  0.415108  0.481572  0.082501  0.141648  0.082501  0.129119  0.160351  0.113727  0.082501  0.082501  0.112575  0.199589 0.0  0.088685  0.146028  0.623090  0.132604  0.508932  0.477877  0.131536  0.167845  0.082501  0.541261  0.095427  0.529909  0.437312  0.585897  0.174285  0.124237  0.371524  0.478358  0.293399  0.082501  0.408308  0.427136 
40  0.364209  0.527283  0.450501  0.522008  0.141001  0.623016  0.681807  0.642285  0.339194  0.153842  0.460150  0.624864  0.387726  0.158398  0.567592  0.434747  0.538350  0.330248  0.456806  0.384634  0.182856  0.082501  0.140996  0.156475  0.483591  0.162107  0.503363  0.477298  0.415141  0.082501  0.082501  0.101434  0.087730  0.196108  0.176988  0.170559  0.144881  0.147350  0.111536  0.088685 0.0  0.099870  0.481560  0.082501  0.434537  0.574984  0.209320  0.116101  0.130213  0.439202  0.130715  0.467318  0.400684  0.700026  0.165700  0.082501  0.499249  0.453516  0.289921  0.104017  0.456150  0.323383 
41  0.409140  0.466586  0.513957  0.607927  0.109367  0.711694  0.735652  0.596236  0.544531  0.292116  0.482164  0.501059  0.574161  0.158857  0.509785  0.408493  0.494475  0.552431  0.560346  0.530670  0.093398  0.186335  0.155812  0.232723  0.623590  0.221270  0.625329  0.617500  0.453548  0.092816  0.127736  0.115488  0.154359  0.196127  0.150913  0.191397  0.128166  0.153710  0.235444  0.146028  0.099870 0.0  0.592274  0.176736  0.619451  0.575328  0.114291  0.165844  0.167543  0.477252  0.186967  0.467368  0.398983  0.595776  0.205727  0.114822  0.587671  0.494266  0.289973  0.167535  0.433043  0.507481 
42  0.564876  0.158956  0.368920  0.175576  0.643122  0.261085  0.229610  0.193120  0.284640  0.363981  0.617377  0.466914  0.657099  0.395808  0.379119  0.263962  0.488076  0.536578  0.444603  0.487019  0.624886  0.443866  0.501595  0.558782  0.191229  0.475118  0.563138  0.445947  0.360205  0.483927  0.535126  0.491043  0.568166  0.528725  0.504051  0.577927  0.556888  0.501506  0.529682  0.623090  0.481560  0.592274 0.0  0.527251  0.425988  0.619036  0.612305  0.573498  0.444482  0.327643  0.601217  0.411194  0.418830  0.493090  0.586053  0.524822  0.329542  0.372281  0.615915  0.568122  0.530340  0.500658 
43  0.392419  0.467677  0.592847  0.611625  0.086190  0.762607  0.698037  0.626231  0.583303  0.271167  0.522536  0.418806  0.569513  0.082501  0.519955  0.291724  0.494733  0.483379  0.465165  0.478820  0.199617  0.134166  0.082501  0.178565  0.562506  0.082501  0.589709  0.470761  0.438268  0.146722  0.096669  0.162385  0.132518  0.087933  0.133872  0.153511  0.232107  0.095667  0.109385  0.132604  0.082501  0.176736  0.527251 0.0  0.509765  0.546978  0.161497  0.119690  0.082501  0.589356  0.166026  0.544493  0.425043  0.555334  0.145848  0.082501  0.464706  0.345552  0.315525  0.179702  0.471924  0.394943 
44  0.223356  0.440910  0.147007  0.407481  0.513914  0.398402  0.361428  0.340753  0.181431  0.399439  0.769491  0.797287  0.311268  0.550777  0.082501  0.412465  0.137467  0.082501  0.082501  0.222711  0.531954  0.486802  0.572603  0.473392  0.374909  0.452772  0.352498  0.700342  0.244086  0.514270  0.579393  0.516409  0.441831  0.531557  0.528617  0.458276  0.511365  0.430455  0.421574  0.508932  0.434537  0.619451  0.425988  0.509765 0.0  0.203567  0.559419  0.535859  0.447651  0.249936  0.531893  0.132621  0.140664  0.149420  0.586356  0.528648  0.192615  0.251660  0.698333  0.585270  0.082501  0.158671 
45  0.321631  0.586376  0.280887  0.529219  0.591508  0.551456  0.669915  0.700602  0.349701  0.418278  1.000000  0.930376  0.199617  0.463922  0.202531  0.520973  0.222640  0.208614  0.355351  0.312660  0.519656  0.569494  0.534714  0.350130  0.597924  0.471025  0.125286  0.910773  0.367963  0.423475  0.480392  0.593750  0.482893  0.591921  0.556439  0.482002  0.486818  0.532790  0.499748  0.477877  0.574984  0.575328  0.619036  0.546978  0.203567 0.0  0.527356  0.620893  0.396550  0.306256  0.533047  0.259765  0.230039  0.187149  0.605886  0.503273  0.318384  0.406958  0.796796  0.579163  0.222265  0.233581 
46  0.525533  0.481751  0.436674  0.513079  0.149597  0.661509  0.727632  0.606266  0.420337  0.221548  0.451823  0.535758  0.533752  0.116551  0.488605  0.517092  0.527341  0.395190  0.497426  0.480450  0.101605  0.124910  0.082501  0.127419  0.433744  0.170155  0.508987  0.515501  0.464118  0.175784  0.082501  0.227060  0.258879  0.208746  0.188164  0.173840  0.083349  0.176334  0.284736  0.131536  0.209320  0.114291  0.612305  0.161497  0.559419  0.527356 0.0  0.082653  0.111103  0.460871  0.082501  0.555609  0.591992  0.710020  0.186493  0.096958  0.489225  0.471210  0.296222  0.168610  0.549797  0.480075 
47  0.450634  0.554779  0.436551  0.561178  0.082501  0.645003  0.770942  0.668775  0.426231  0.238858  0.430443  0.443291  0.450519  0.191438  0.426466  0.488570  0.302969  0.437942  0.443698  0.373322  0.158741  0.082501  0.133367  0.139963  0.539420  0.106378  0.418521  0.476042  0.521354  0.082501  0.103800  0.222332  0.179667  0.142757  0.090885  0.140984  0.102357  0.150069  0.082501  0.167845  0.116101  0.165844  0.573498  0.119690  0.535859  0.620893  0.082653 0.0  0.133806  0.518972  0.082501  0.501493  0.485162  0.657427  0.082501  0.123610  0.466951  0.540875  0.292054  0.130189  0.453679  0.439306 
48  0.431839  0.403304  0.437015  0.563908  0.082501  0.625334  0.638225  0.690215  0.404250  0.109162  0.415871  0.516365  0.443754  0.151610  0.510474  0.499104  0.397843  0.441468  0.364821  0.414452  0.182193  0.082501  0.288544  0.093493  0.556016  0.160239  0.431830  0.465103  0.490853  0.082501  0.113819  0.118207  0.082501  0.108740  0.123835  0.165756  0.098469  0.157555  0.108401  0.082501  0.130213  0.167543  0.444482  0.082501  0.447651  0.396550  0.111103  0.133806 0.0  0.473130  0.112079  0.478989  0.425338  0.592430  0.098936  0.162906  0.361639  0.477839  0.274126  0.082501  0.334411  0.564318 
49  0.150238  0.413862  0.116426  0.295142  0.523926  0.307397  0.339801  0.352336  0.233949  0.420711  0.908396  0.796935  0.246814  0.571700  0.226769  0.402236  0.188041  0.227232  0.213327  0.239105  0.509643  0.519321  0.529590  0.598185  0.359122  0.504133  0.299374  0.758048  0.122234  0.498532  0.486157  0.431574  0.420251  0.458856  0.397255  0.420130  0.468659  0.507616  0.557961  0.541261  0.439202  0.477252  0.327643  0.589356  0.249936  0.306256  0.460871  0.518972  0.473130 0.0  0.604712  0.139342  0.175650  0.165143  0.403307  0.591406  0.122530  0.128641  0.688769  0.513819  0.212336  0.269566 
50  0.460319  0.492529  0.567255  0.545879  0.082501  0.653713  0.726499  0.631850  0.452617  0.196292  0.502088  0.553204  0.497434  0.239480  0.484169  0.509184  0.455130  0.508199  0.467145  0.483035  0.093450  0.136634  0.083096  0.165918  0.424379  0.141370  0.514462  0.531620  0.529966  0.162200  0.161197  0.217214  0.298334  0.218247  0.208963  0.248441  0.235166  0.141222  0.143583  0.095427  0.130715  0.186967  0.601217  0.166026  0.531893  0.533047  0.082501  0.082501  0.112079  0.604712 0.0  0.569304  0.459143  0.627864  0.140453  0.183592  0.533214  0.583597  0.306332  0.165834  0.489136  0.431790 
51  0.129385  0.525193  0.155947  0.353791  0.497970  0.442745  0.376941  0.390682  0.287001  0.399863  0.837564  0.806496  0.381317  0.471136  0.169895  0.352955  0.082501  0.082501  0.126038  0.167244  0.472236  0.391496  0.538910  0.493115  0.469627  0.435853  0.253846  0.803609  0.142282  0.449642  0.471299  0.348228  0.402761  0.519897  0.472287  0.533273  0.426951  0.477517  0.466324  0.529909  0.467318  0.467368  0.411194  0.544493  0.132621  0.259765  0.555609  0.501493  0.478989  0.139342  0.569304 0.0  0.192432  0.242723  0.456700  0.379726  0.213443  0.107639  0.748542  0.341029  0.149695  0.192876 
52  0.101465  0.421238  0.209912  0.239237  0.571723  0.390491  0.422489  0.478328  0.133987  0.447817  0.668059  0.793481  0.228662  0.426990  0.082501  0.409354  0.084866  0.092872  0.082501  0.136594  0.441743  0.441423  0.534456  0.337843  0.453805  0.406231  0.270504  0.643375  0.256962  0.408849  0.514705  0.446386  0.470312  0.416488  0.447470  0.336626  0.430365  0.397056  0.412294  0.437312  0.400684  0.398983  0.418830  0.425043  0.140664  0.230039  0.591992  0.485162  0.425338  0.175650  0.459143  0.192432 0.0  0.181735  0.549226  0.416709  0.277066  0.186575  0.726715  0.418314  0.090224  0.157727 
53  0.200715  0.497504  0.192515  0.436231  0.590882  0.392068  0.458070  0.565239  0.320497  0.482897  0.747831  0.870105  0.338128  0.476818  0.240749  0.536546  0.224141  0.294988  0.125283  0.226934  0.655073  0.550530  0.682950  0.543948  0.486420  0.469087  0.256495  0.774604  0.207134  0.528604  0.561860  0.584313  0.474140  0.559436  0.518733  0.470461  0.538272  0.564504  0.559359  0.585897  0.700026  0.595776  0.493090  0.555334  0.149420  0.187149  0.710020  0.657427  0.592430  0.165143  0.627864  0.242723  0.181735 0.0  0.578641  0.585746  0.263347  0.308806  0.843828  0.575440  0.223791  0.305407 
54  0.456583  0.414431  0.592834  0.594116  0.161428  0.660925  0.653942  0.508928  0.463852  0.233087  0.395047  0.523042  0.420880  0.088627  0.371882  0.550279  0.439239  0.430567  0.447208  0.367926  0.082501  0.123077  0.264864  0.084203  0.531246  0.203996  0.492780  0.445294  0.434411  0.188885  0.125971  0.164068  0.082501  0.082501  0.206524  0.189082  0.129696  0.082501  0.128025  0.174285  0.165700  0.205727  0.586053  0.145848  0.586356  0.605886  0.186493  0.082501  0.098936  0.403307  0.140453  0.456700  0.549226  0.578641 0.0  0.082501  0.459660  0.559733  0.247191  0.171701  0.450628  0.432289 
55  0.505659  0.516675  0.431580  0.429650  0.110744  0.658025  0.651917  0.610868  0.515543  0.082501  0.430011  0.535748  0.477244  0.280086  0.494214  0.407303  0.404239  0.427464  0.522403  0.333983  0.144821  0.165488  0.140321  0.082501  0.496289  0.121346  0.519015  0.415851  0.462562  0.198764  0.139693  0.082501  0.191176  0.089029  0.208040  0.179018  0.160689  0.124338  0.118485  0.124237  0.082501  0.114822  0.524822  0.082501  0.528648  0.503273  0.096958  0.123610  0.162906  0.591406  0.183592  0.379726  0.416709  0.585746  0.082501 0.0  0.509304  0.492571  0.328136  0.100644  0.498231  0.441716 
56  0.235656  0.357107  0.117061  0.234702  0.462765  0.331077  0.448783  0.259992  0.082501  0.292792  0.665805  0.673677  0.444094  0.436602  0.272999  0.189661  0.307852  0.326639  0.203008  0.304799  0.517261  0.507954  0.584200  0.455270  0.277607  0.434083  0.279808  0.588535  0.111617  0.407746  0.414465  0.406441  0.495700  0.473870  0.526879  0.472160  0.488079  0.467248  0.475089  0.371524  0.499249  0.587671  0.329542  0.464706  0.192615  0.318384  0.489225  0.466951  0.361639  0.122530  0.533214  0.213443  0.277066  0.263347  0.459660  0.509304 0.0  0.100988  0.672343  0.515973  0.185572  0.168195 
57  0.187579  0.302734  0.156287  0.293970  0.483798  0.378877  0.320993  0.325747  0.214475  0.371184  0.666819  0.790326  0.357942  0.426348  0.200568  0.273371  0.314233  0.139121  0.175386  0.125682  0.562444  0.431110  0.527698  0.381478  0.357069  0.337997  0.311547  0.662608  0.115264  0.386923  0.488588  0.493879  0.366629  0.418787  0.298133  0.440199  0.451143  0.369262  0.456236  0.478358  0.453516  0.494266  0.372281  0.345552  0.251660  0.406958  0.471210  0.540875  0.477839  0.128641  0.583597  0.107639  0.186575  0.308806  0.559733  0.492571  0.100988 0.0  0.578964  0.447008  0.182762  0.100439 
58  0.622450  0.471468  0.556818  0.787725  0.280128  0.834704  0.693707  0.652921  0.648879  0.313986  0.304991  0.303423  0.682486  0.318439  0.644844  0.536124  0.709125  0.654809  0.779686  0.680564  0.421857  0.357008  0.231997  0.261888  0.634364  0.404257  0.689194  0.425746  0.634821  0.405510  0.389203  0.366141  0.374220  0.357602  0.288402  0.348867  0.358417  0.307759  0.298435  0.293399  0.289921  0.289973  0.615915  0.315525  0.698333  0.796796  0.296222  0.292054  0.274126  0.688769  0.306332  0.748542  0.726715  0.843828  0.247191  0.328136  0.672343  0.578964 0.0  0.218707  0.657368  0.618453 
59  0.365886  0.317831  0.465696  0.480278  0.141112  0.631989  0.743006  0.562312  0.364908  0.208392  0.575696  0.487105  0.500011  0.148122  0.447130  0.406943  0.405364  0.474058  0.345797  0.384083  0.162774  0.082501  0.262058  0.082501  0.430368  0.082501  0.625618  0.500917  0.473935  0.162097  0.105908  0.108678  0.125048  0.108514  0.082501  0.095824  0.097393  0.082501  0.082501  0.082501  0.104017  0.167535  0.568122  0.179702  0.585270  0.579163  0.168610  0.130189  0.082501  0.513819  0.165834  0.341029  0.418314  0.575440  0.171701  0.100644  0.515973  0.447008  0.218707 0.0  0.437976  0.395100 
60  0.082501  0.360401  0.161661  0.246398  0.459819  0.517872  0.372439  0.454646  0.336559  0.370072  0.758949  0.754670  0.208998  0.477348  0.156203  0.312320  0.134628  0.082501  0.134242  0.231164  0.471721  0.450662  0.445039  0.498637  0.389921  0.442745  0.302300  0.679031  0.215415  0.406274  0.410026  0.399001  0.412661  0.488102  0.469588  0.416511  0.403134  0.518007  0.378575  0.408308  0.456150  0.433043  0.530340  0.471924  0.082501  0.222265  0.549797  0.453679  0.334411  0.212336  0.489136  0.149695  0.090224  0.223791  0.450628  0.498231  0.185572  0.182762  0.657368  0.437976 0.0  0.082501 
61  0.095818  0.409189  0.171812  0.276499  0.603342  0.368604  0.420676  0.456769  0.215465  0.361213  0.848462  0.680445  0.276215  0.415599  0.082501  0.346951  0.147700  0.154890  0.159571  0.196957  0.507635  0.417597  0.540004  0.443531  0.452103  0.495720  0.194945  0.617321  0.132123  0.447540  0.555728  0.399907  0.509896  0.485497  0.389425  0.410498  0.510430  0.413694  0.560291  0.427136  0.323383  0.507481  0.500658  0.394943  0.158671  0.233581  0.480075  0.439306  0.564318  0.269566  0.431790  0.192876  0.157727  0.305407  0.432289  0.441716  0.168195  0.100439  0.618453  0.395100  0.082501 0.0 
