62
0 0.0  0.399974  0.160672  0.352416  0.538745  0.359465  0.532656  0.521771  0.282145  0.308305  0.691314  0.783973  0.204483  0.511442  0.085382  0.377359  0.091721  0.131411  0.085382  0.085382  0.511843  0.454188  0.553153  0.411685  0.459234  0.383470  0.171518  0.848831  0.205537  0.460663  0.440602  0.343540  0.504228  0.390553  0.418605  0.432347  0.522681  0.407549  0.449604  0.415877  0.403003  0.519996  0.431731  0.489080  0.085382  0.163337  0.494644  0.484213  0.555550  0.168270  0.503567  0.158442  0.232624  0.226640  0.537931  0.448519  0.207205  0.196858  0.711123  0.426846  0.188284  0.085382 
1  0.399974 0.0  0.346592  0.270049  0.407938  0.376468  0.401146  0.311170  0.261884  0.391823  0.495322  0.487916  0.576650  0.497941  0.356666  0.210763  0.406555  0.362101  0.572887  0.557429  0.564315  0.502479  0.465421  0.402923  0.110387  0.440927  0.657968  0.365545  0.372834  0.515137  0.389253  0.350205  0.335498  0.359115  0.517351  0.596987  0.485809  0.506324  0.383012  0.492580  0.490145  0.505376  0.147943  0.457366  0.368228  0.563311  0.440392  0.459610  0.436323  0.356775  0.475292  0.319634  0.446096  0.532527  0.443225  0.561264  0.298928  0.420639  0.633355  0.447360  0.458868  0.413934 
2  0.160672  0.346592 0.0  0.251654  0.375859  0.326001  0.423653  0.410945  0.205478  0.359290  0.710304  0.738530  0.299175  0.356025  0.104532  0.375437  0.089275  0.134811  0.124222  0.183038  0.391495  0.358644  0.545703  0.339565  0.449974  0.429002  0.439568  0.646461  0.085382  0.392851  0.426511  0.307648  0.407757  0.398297  0.474293  0.477299  0.359866  0.335593  0.553137  0.398243  0.411386  0.512219  0.355971  0.437478  0.236064  0.273765  0.442979  0.452603  0.425257  0.149807  0.548914  0.085382  0.155745  0.261298  0.411245  0.410582  0.270474  0.143486  0.679711  0.501512  0.135522  0.195987 
3  0.352416  0.270049  0.251654 0.0  0.534077  0.271196  0.181710  0.223542  0.219425  0.442007  0.698227  0.675976  0.561997  0.474062  0.438629  0.194523  0.375365  0.364291  0.302143  0.434397  0.602434  0.502955  0.616024  0.442319  0.209016  0.465757  0.570935  0.515471  0.280543  0.461147  0.567035  0.452104  0.468514  0.594515  0.575306  0.554941  0.574336  0.578029  0.440167  0.437524  0.478088  0.570875  0.235490  0.558570  0.214400  0.443479  0.612246  0.523581  0.461839  0.235503  0.625422  0.379234  0.341119  0.449008  0.463010  0.565510  0.261721  0.238018  0.685537  0.498767  0.371259  0.410674 
4  0.538745  0.407938  0.375859  0.534077 0.0  0.685784  0.682474  0.711270  0.480388  0.241808  0.510468  0.549038  0.474910  0.234588  0.491795  0.477833  0.481774  0.467614  0.507544  0.528604  0.154293  0.121605  0.085382  0.332989  0.636414  0.102467  0.457739  0.481102  0.550014  0.250509  0.136883  0.166813  0.085382  0.182258  0.176120  0.140097  0.138007  0.239592  0.307067  0.100683  0.085382  0.166962  0.537788  0.085382  0.543127  0.533502  0.085950  0.085382  0.217087  0.618383  0.103983  0.530069  0.504831  0.603342  0.085382  0.085382  0.491759  0.514406  0.349114  0.118984  0.545938  0.578415 
5  0.359465  0.376468  0.326001  0.271196  0.685784 0.0  0.085382  0.183762  0.298862  0.619458  0.756876  0.815311  0.629880  0.576874  0.368331  0.245564  0.479608  0.403968  0.489662  0.367168  0.670890  0.617112  0.610954  0.699455  0.236720  0.539206  0.521695  0.616408  0.327397  0.667744  0.666795  0.696973  0.559381  0.535890  0.519852  0.605615  0.556895  0.656850  0.600441  0.648879  0.575459  0.697495  0.399312  0.617691  0.293245  0.589101  0.692544  0.642090  0.666374  0.334451  0.699682  0.360638  0.394059  0.495230  0.602053  0.628550  0.359133  0.311424  0.752264  0.584006  0.493066  0.475335 
6  0.532656  0.401146  0.423653  0.181710  0.682474  0.085382 0.0  0.178647  0.378226  0.531520  0.804026  0.770332  0.698267  0.620023  0.434319  0.336705  0.491487  0.551357  0.445747  0.533371  0.579402  0.558747  0.646979  0.641173  0.329601  0.650998  0.544878  0.546762  0.353837  0.594551  0.664089  0.526577  0.654248  0.646580  0.591139  0.627378  0.533657  0.501399  0.661214  0.666823  0.661145  0.665405  0.173550  0.642515  0.408379  0.682514  0.629123  0.581648  0.688986  0.486075  0.644689  0.333933  0.264825  0.516971  0.658408  0.555937  0.369950  0.293365  0.700445  0.614421  0.423985  0.451754 
7  0.521771  0.311170  0.410945  0.223542  0.711270  0.183762  0.178647 0.0  0.272496  0.568497  0.750204  0.639151  0.688911  0.583719  0.432542  0.354040  0.453675  0.547427  0.426120  0.532094  0.675503  0.617836  0.633706  0.589272  0.272137  0.632183  0.661260  0.576544  0.466333  0.568999  0.647841  0.624854  0.531101  0.516231  0.619263  0.625382  0.581781  0.626093  0.562200  0.622668  0.627982  0.703585  0.280660  0.607590  0.369631  0.630689  0.643925  0.718367  0.525013  0.439397  0.722761  0.489891  0.391403  0.486180  0.627307  0.618576  0.343265  0.391934  0.718970  0.504299  0.394449  0.498069 
8  0.282145  0.261884  0.205478  0.219425  0.480388  0.298862  0.378226  0.272496 0.0  0.374718  0.691707  0.643584  0.517335  0.482820  0.231554  0.220955  0.255610  0.242435  0.241354  0.306099  0.458217  0.404972  0.542491  0.405858  0.268246  0.442537  0.424342  0.680309  0.215477  0.410401  0.424279  0.352689  0.372802  0.413521  0.373633  0.463943  0.455756  0.437548  0.369982  0.354676  0.550532  0.504619  0.296871  0.473994  0.291348  0.425990  0.463674  0.442279  0.397269  0.143459  0.491259  0.276153  0.254626  0.463045  0.443981  0.443913  0.085382  0.130919  0.578808  0.417076  0.313757  0.265752 
9  0.308305  0.391823  0.359290  0.442007  0.241808  0.619458  0.531520  0.568497  0.374718 0.0  0.435412  0.518927  0.537010  0.164860  0.305082  0.431438  0.375730  0.303559  0.402005  0.273046  0.215995  0.176566  0.283057  0.132261  0.405786  0.220048  0.505054  0.574808  0.305915  0.142490  0.279605  0.247516  0.161828  0.117499  0.167677  0.098475  0.131737  0.090501  0.124035  0.207779  0.226696  0.191874  0.571006  0.288903  0.506307  0.464635  0.219432  0.114202  0.109536  0.355959  0.207073  0.518794  0.384346  0.514826  0.194174  0.200203  0.263045  0.333145  0.455432  0.094486  0.327528  0.339360 
10  0.691314  0.495322  0.710304  0.698227  0.510468  0.756876  0.804026  0.750204  0.691707  0.435412 0.0  0.085382  0.872987  0.436081  0.764209  0.647005  0.740010  0.741816  0.883272  0.808888  0.437805  0.541543  0.447248  0.440144  0.505160  0.457721  0.814119  0.246701  0.715945  0.556690  0.557155  0.440849  0.501002  0.424076  0.526840  0.477365  0.425988  0.518229  0.445660  0.595377  0.459395  0.480039  0.489450  0.410008  0.785563  0.890679  0.559862  0.510323  0.594502  0.704293  0.524044  0.830012  0.708175  0.891479  0.538339  0.462539  0.654623  0.820939  0.223244  0.558400  0.780287  0.683852 
11  0.783973  0.487916  0.738530  0.675976  0.549038  0.815311  0.770332  0.639151  0.643584  0.518927  0.085382 0.0  0.850512  0.413757  0.845586  0.585909  0.807941  0.803461  0.847296  0.801676  0.506900  0.566915  0.379988  0.499510  0.577737  0.491630  0.925522  0.208649  0.741934  0.598754  0.554022  0.552055  0.613712  0.536180  0.479379  0.540761  0.629965  0.508928  0.459150  0.503086  0.517482  0.515653  0.626399  0.501294  0.812039  1.000000  0.578548  0.524294  0.525220  0.711057  0.486858  0.743819  0.871310  0.914644  0.519975  0.423528  0.652409  0.698881  0.318385  0.521059  0.825781  0.818935 
12  0.204483  0.576650  0.299175  0.561997  0.474910  0.629880  0.698267  0.688911  0.517335  0.537010  0.872987  0.850512 0.0  0.436273  0.362969  0.499386  0.324560  0.346515  0.275424  0.246742  0.492189  0.446352  0.492654  0.519747  0.599803  0.403556  0.129775  0.810641  0.305550  0.510977  0.490695  0.461410  0.516293  0.470748  0.534758  0.377279  0.529645  0.407105  0.595306  0.501486  0.534863  0.558532  0.617829  0.570289  0.259466  0.085382  0.553350  0.551960  0.574406  0.403010  0.515929  0.328237  0.269706  0.306700  0.588353  0.566103  0.456478  0.456468  0.711668  0.469241  0.246604  0.387578 
13  0.511442  0.497941  0.356025  0.474062  0.234588  0.576874  0.620023  0.583719  0.482820  0.164860  0.436081  0.413757  0.436273 0.0  0.475750  0.389917  0.487426  0.434162  0.439717  0.418899  0.304722  0.140675  0.230118  0.085382  0.460239  0.195858  0.396063  0.372033  0.430537  0.098419  0.215268  0.152144  0.182924  0.247058  0.126573  0.143233  0.093039  0.131226  0.085382  0.168285  0.115259  0.202049  0.449930  0.139534  0.448652  0.620038  0.179137  0.123184  0.172665  0.567540  0.286223  0.463327  0.404191  0.577692  0.121279  0.187010  0.444593  0.507972  0.295612  0.208521  0.454454  0.353137 
14  0.085382  0.356666  0.104532  0.438629  0.491795  0.368331  0.434319  0.432542  0.231554  0.305082  0.764209  0.845586  0.362969  0.475750 0.0  0.325540  0.238620  0.085382  0.117598  0.143246  0.466741  0.393758  0.461627  0.480346  0.492160  0.369014  0.375278  0.805269  0.186078  0.357058  0.462024  0.340855  0.509896  0.434279  0.446684  0.486899  0.443687  0.460390  0.458096  0.484765  0.457566  0.478683  0.463653  0.392556  0.235818  0.327711  0.492999  0.515950  0.464060  0.266039  0.397738  0.160975  0.147660  0.217172  0.502333  0.531126  0.085382  0.206517  0.657102  0.406345  0.146084  0.188048 
15  0.377359  0.210763  0.375437  0.194523  0.477833  0.245564  0.336705  0.354040  0.220955  0.431438  0.647005  0.585909  0.499386  0.389917  0.325540 0.0  0.396168  0.314553  0.447239  0.205594  0.573598  0.469009  0.417761  0.378820  0.120890  0.527556  0.574348  0.402969  0.266884  0.483982  0.517805  0.456237  0.430121  0.483356  0.281902  0.394106  0.432927  0.438206  0.411816  0.304734  0.509711  0.526024  0.160658  0.470172  0.367993  0.468716  0.538826  0.517309  0.433041  0.401716  0.461714  0.384450  0.301758  0.445553  0.392617  0.478143  0.219584  0.280796  0.501107  0.461651  0.385791  0.338553 
16  0.091721  0.406555  0.089275  0.375365  0.481774  0.479608  0.491487  0.453675  0.255610  0.375730  0.740010  0.807941  0.324560  0.487426  0.238620  0.396168 0.0  0.102094  0.085382  0.095751  0.439430  0.414941  0.429040  0.432322  0.514511  0.445618  0.211138  0.825137  0.244210  0.411811  0.556565  0.281629  0.343310  0.479354  0.368582  0.380869  0.340200  0.433660  0.406878  0.469634  0.440430  0.492087  0.479122  0.513388  0.238830  0.216887  0.468117  0.510722  0.340092  0.240789  0.501136  0.085382  0.091799  0.210759  0.441056  0.529560  0.330813  0.368513  0.759382  0.435203  0.129084  0.085382 
17  0.131411  0.362101  0.134811  0.364291  0.467614  0.403968  0.551357  0.547427  0.242435  0.303559  0.741816  0.803461  0.346515  0.434162  0.085382  0.314553  0.102094 0.0  0.085382  0.085382  0.508757  0.583606  0.545102  0.518886  0.498895  0.514818  0.154235  0.726032  0.229941  0.407787  0.536332  0.401959  0.354168  0.399270  0.374649  0.383312  0.387931  0.397756  0.471191  0.504117  0.415006  0.559099  0.471553  0.583592  0.335399  0.240582  0.485972  0.374541  0.466735  0.085382  0.527791  0.135828  0.085382  0.150861  0.502380  0.425535  0.255224  0.101672  0.747731  0.512183  0.087667  0.134906 
18  0.085382  0.572887  0.124222  0.302143  0.507544  0.489662  0.445747  0.426120  0.241354  0.402005  0.883272  0.847296  0.275424  0.439717  0.117598  0.447239  0.085382  0.085382 0.0  0.087690  0.471582  0.455198  0.479934  0.513661  0.442918  0.397541  0.276162  0.764193  0.085382  0.415361  0.510377  0.385026  0.515752  0.484492  0.383035  0.392312  0.405969  0.356900  0.315249  0.425734  0.438686  0.487824  0.527435  0.489025  0.205465  0.236834  0.559142  0.550821  0.496212  0.191490  0.414508  0.085382  0.143538  0.229635  0.344333  0.482931  0.329607  0.205742  0.716052  0.425390  0.095635  0.153984 
19  0.085382  0.557429  0.183038  0.434397  0.528604  0.367168  0.533371  0.532094  0.306099  0.273046  0.808888  0.801676  0.246742  0.418899  0.143246  0.205594  0.095751  0.085382  0.087690 0.0  0.529959  0.463735  0.570815  0.462500  0.527300  0.332135  0.290487  0.722049  0.273734  0.418711  0.511918  0.493303  0.339599  0.412829  0.302131  0.426861  0.444313  0.396029  0.384747  0.421111  0.381705  0.533429  0.460420  0.540969  0.180379  0.195188  0.523571  0.417489  0.379539  0.240977  0.562301  0.227081  0.163443  0.224289  0.515965  0.332161  0.239331  0.217468  0.692319  0.409319  0.156137  0.085382 
20  0.511843  0.564315  0.391495  0.602434  0.154293  0.670890  0.579402  0.675503  0.458217  0.215995  0.437805  0.506900  0.492189  0.304722  0.466741  0.573598  0.439430  0.508757  0.471582  0.529959 0.0  0.146363  0.121773  0.134607  0.548504  0.230477  0.579174  0.494341  0.507409  0.167814  0.111224  0.250178  0.177883  0.186810  0.171516  0.213012  0.135188  0.149194  0.192953  0.085382  0.085382  0.121765  0.464618  0.149785  0.540865  0.654195  0.085382  0.116463  0.150552  0.591318  0.085382  0.401324  0.468548  0.585855  0.085382  0.128415  0.518304  0.588783  0.266709  0.159977  0.529018  0.515942 
21  0.454188  0.502479  0.358644  0.502955  0.121605  0.617112  0.558747  0.617836  0.404972  0.176566  0.541543  0.566915  0.446352  0.140675  0.393758  0.469009  0.414941  0.583606  0.455198  0.463735  0.146363 0.0  0.189062  0.166890  0.445799  0.085382  0.494631  0.406092  0.442116  0.196815  0.112997  0.152084  0.152054  0.102473  0.085382  0.096921  0.087346  0.085382  0.096542  0.092315  0.159546  0.227708  0.531386  0.191748  0.545739  0.513672  0.149748  0.104747  0.085382  0.601539  0.135578  0.400060  0.432225  0.642084  0.142519  0.150700  0.413604  0.343547  0.315981  0.085382  0.448978  0.421209 
22  0.553153  0.465421  0.545703  0.616024  0.085382  0.610954  0.646979  0.633706  0.542491  0.283057  0.447248  0.379988  0.492654  0.230118  0.461627  0.417761  0.429040  0.545102  0.479934  0.570815  0.121773  0.189062 0.0  0.092176  0.586858  0.193320  0.564116  0.413676  0.531266  0.228686  0.085382  0.191181  0.234174  0.150882  0.300936  0.161028  0.250702  0.150348  0.236220  0.088685  0.216948  0.085382  0.511827  0.109252  0.680303  0.571368  0.085382  0.146640  0.096628  0.642101  0.161201  0.588127  0.546083  0.658934  0.155524  0.117590  0.458885  0.461635  0.266644  0.237693  0.483574  0.567171 
23  0.411685  0.402923  0.339565  0.442319  0.332989  0.699455  0.641173  0.589272  0.405858  0.132261  0.440144  0.499510  0.519747  0.085382  0.480346  0.378820  0.432322  0.518886  0.513661  0.462500  0.134607  0.166890  0.092176 0.0  0.502413  0.089935  0.501935  0.484570  0.473723  0.230620  0.123594  0.085382  0.138465  0.085382  0.095293  0.136196  0.120097  0.085382  0.121646  0.085382  0.091299  0.199366  0.578380  0.111369  0.449233  0.537686  0.116035  0.135213  0.137132  0.583718  0.169034  0.481282  0.395957  0.429158  0.131643  0.150948  0.577954  0.386643  0.359260  0.085382  0.380327  0.373429 
24  0.459234  0.110387  0.449974  0.209016  0.636414  0.236720  0.329601  0.272137  0.268246  0.405786  0.505160  0.577737  0.599803  0.460239  0.492160  0.120890  0.514511  0.498895  0.442918  0.527300  0.548504  0.445799  0.586858  0.502413 0.0  0.446042  0.655939  0.464954  0.329075  0.500319  0.558019  0.405674  0.512901  0.513515  0.476994  0.442196  0.524095  0.524841  0.437207  0.446010  0.528818  0.487708  0.161979  0.471750  0.506052  0.602418  0.507024  0.546813  0.481406  0.302523  0.633793  0.401347  0.325989  0.572330  0.539175  0.480595  0.316536  0.299122  0.539750  0.494746  0.476506  0.591714 
25  0.383470  0.440927  0.429002  0.465757  0.102467  0.539206  0.650998  0.632183  0.442537  0.220048  0.457721  0.491630  0.403556  0.195858  0.369014  0.527556  0.445618  0.514818  0.397541  0.332135  0.230477  0.085382  0.193320  0.089935  0.446042 0.0  0.488006  0.450310  0.442340  0.154238  0.238429  0.120825  0.141579  0.186389  0.085382  0.085382  0.085382  0.090330  0.125789  0.186746  0.202483  0.142748  0.553622  0.085382  0.513408  0.506876  0.259201  0.142694  0.085382  0.391225  0.160188  0.380696  0.460098  0.566014  0.202599  0.085382  0.385104  0.447357  0.308350  0.085382  0.432274  0.495740 
26  0.171518  0.657968  0.439568  0.570935  0.457739  0.521695  0.544878  0.661260  0.424342  0.505054  0.814119  0.925522  0.129775  0.396063  0.375278  0.574348  0.211138  0.154235  0.276162  0.290487  0.579174  0.494631  0.564116  0.501935  0.655939  0.488006 0.0  0.788256  0.282674  0.484385  0.479551  0.431007  0.376078  0.484415  0.381221  0.505108  0.502767  0.480180  0.473260  0.422646  0.490186  0.475642  0.533628  0.481005  0.306695  0.198483  0.530887  0.499178  0.510216  0.326105  0.457423  0.213550  0.225497  0.339545  0.572747  0.502273  0.375302  0.373882  0.704501  0.512600  0.219729  0.233179 
27  0.848831  0.365545  0.646461  0.515471  0.481102  0.616408  0.546762  0.576544  0.680309  0.574808  0.246701  0.208649  0.810641  0.372033  0.805269  0.402969  0.825137  0.726032  0.764193  0.722049  0.494341  0.406092  0.413676  0.484570  0.464954  0.450310  0.788256 0.0  0.640421  0.481862  0.462957  0.564406  0.548994  0.406445  0.489519  0.501769  0.550274  0.484265  0.437432  0.456800  0.432468  0.486005  0.453250  0.415282  0.725222  0.901337  0.471592  0.449984  0.540707  0.716228  0.540808  0.768052  0.752329  0.766550  0.503761  0.437233  0.673851  0.634731  0.376810  0.377981  0.730224  0.716700 
28  0.205537  0.372834  0.085382  0.280543  0.550014  0.327397  0.353837  0.466333  0.215477  0.305915  0.715945  0.741934  0.305550  0.430537  0.186078  0.266884  0.244210  0.229941  0.085382  0.273734  0.507409  0.442116  0.531266  0.473723  0.329075  0.442340  0.282674  0.640421 0.0  0.467796  0.429540  0.485112  0.382370  0.350129  0.340867  0.419702  0.480222  0.368451  0.460665  0.492028  0.396201  0.429776  0.398772  0.475855  0.086688  0.316845  0.523376  0.458307  0.425828  0.098409  0.566565  0.105751  0.194827  0.302625  0.583020  0.473836  0.233091  0.107465  0.619160  0.467362  0.223759  0.202073 
29  0.460663  0.515137  0.392851  0.461147  0.250509  0.667744  0.594551  0.568999  0.410401  0.142490  0.556690  0.598754  0.510977  0.098419  0.357058  0.483982  0.411811  0.407787  0.415361  0.418711  0.167814  0.196815  0.228686  0.230620  0.500319  0.154238  0.484385  0.481862  0.467796 0.0  0.156872  0.141309  0.085382  0.085382  0.121628  0.085382  0.174507  0.109168  0.085382  0.086544  0.146558  0.275629  0.585345  0.127022  0.569369  0.474980  0.212179  0.121005  0.085382  0.597425  0.305345  0.538718  0.341494  0.449272  0.152443  0.181148  0.413758  0.408911  0.405327  0.100656  0.391529  0.490783 
30  0.440602  0.389253  0.426511  0.567035  0.136883  0.666795  0.664089  0.647841  0.424279  0.279605  0.557155  0.554022  0.490695  0.215268  0.462024  0.517805  0.556565  0.536332  0.510377  0.511918  0.111224  0.112997  0.085382  0.123594  0.558019  0.238429  0.479551  0.462957  0.429540  0.156872 0.0  0.163561  0.175775  0.090773  0.164685  0.109468  0.184518  0.171027  0.085382  0.106247  0.085382  0.146884  0.539216  0.191333  0.436746  0.654754  0.169826  0.105060  0.085502  0.450094  0.102649  0.524370  0.431135  0.524690  0.119311  0.085382  0.458010  0.536106  0.268871  0.160617  0.440551  0.468274 
31  0.343540  0.350205  0.307648  0.452104  0.166813  0.696973  0.526577  0.624854  0.352689  0.247516  0.440849  0.552055  0.461410  0.152144  0.340855  0.456237  0.281629  0.401959  0.385026  0.493303  0.250178  0.152084  0.191181  0.085382  0.405674  0.120825  0.431007  0.564406  0.485112  0.141309  0.163561 0.0  0.153678  0.152601  0.085382  0.146474  0.085382  0.085382  0.085382  0.158556  0.086848  0.122647  0.536593  0.119298  0.504611  0.498173  0.192843  0.134628  0.139328  0.560140  0.205255  0.364983  0.489560  0.503482  0.135340  0.209982  0.432193  0.435477  0.318527  0.085382  0.424870  0.275165 
32  0.504228  0.335498  0.407757  0.468514  0.085382  0.559381  0.654248  0.531101  0.372802  0.161828  0.501002  0.613712  0.516293  0.182924  0.509896  0.430121  0.343310  0.354168  0.515752  0.339599  0.177883  0.152054  0.234174  0.138465  0.512901  0.141579  0.376078  0.548994  0.382370  0.085382  0.175775  0.153678 0.0  0.154344  0.149638  0.085382  0.116310  0.155920  0.198507  0.085382  0.124053  0.099725  0.561416  0.208360  0.506512  0.436763  0.241041  0.194809  0.127035  0.486226  0.264133  0.400474  0.492030  0.517488  0.189141  0.188370  0.443755  0.415686  0.335139  0.098260  0.440469  0.419636 
33  0.390553  0.359115  0.398297  0.594515  0.182258  0.535890  0.646580  0.516231  0.413521  0.117499  0.424076  0.536180  0.470748  0.247058  0.434279  0.483356  0.479354  0.399270  0.484492  0.412829  0.186810  0.102473  0.150882  0.085382  0.513515  0.186389  0.484415  0.406445  0.350129  0.085382  0.090773  0.152601  0.154344 0.0  0.128040  0.085382  0.136612  0.085382  0.109752  0.087260  0.138140  0.151602  0.575007  0.160673  0.513410  0.588261  0.091702  0.085382  0.157049  0.443862  0.085382  0.435918  0.486699  0.475824  0.085382  0.102149  0.421494  0.435008  0.482698  0.085382  0.523042  0.446499 
34  0.418605  0.517351  0.474293  0.575306  0.176120  0.519852  0.591139  0.619263  0.373633  0.167677  0.526840  0.479379  0.534758  0.126573  0.446684  0.281902  0.368582  0.374649  0.383035  0.302131  0.171516  0.085382  0.300936  0.095293  0.476994  0.085382  0.381221  0.489519  0.340867  0.121628  0.164685  0.085382  0.149638  0.128040 0.0  0.125007  0.130359  0.219327  0.146282  0.188370  0.085382  0.201370  0.455789  0.136934  0.553014  0.533396  0.213892  0.201831  0.085382  0.422652  0.234549  0.467129  0.361775  0.607070  0.085382  0.145625  0.407720  0.396153  0.316268  0.085382  0.367536  0.334975 
35  0.432347  0.596987  0.477299  0.554941  0.140097  0.605615  0.627378  0.625382  0.463943  0.098475  0.477365  0.540761  0.377279  0.143233  0.486899  0.394106  0.380869  0.383312  0.392312  0.426861  0.213012  0.096921  0.161028  0.136196  0.442196  0.085382  0.505108  0.501769  0.419702  0.085382  0.109468  0.146474  0.085382  0.085382  0.125007 0.0  0.103572  0.085382  0.142259  0.110384  0.089405  0.099596  0.439749  0.086930  0.473465  0.572252  0.271374  0.146781  0.085382  0.499876  0.273436  0.375023  0.427079  0.592253  0.252797  0.126975  0.387100  0.399522  0.288246  0.122660  0.468848  0.488066 
36  0.522681  0.485809  0.359866  0.574336  0.138007  0.556895  0.533657  0.581781  0.455756  0.131737  0.425988  0.629965  0.529645  0.093039  0.443687  0.432927  0.340200  0.387931  0.405969  0.444313  0.135188  0.087346  0.250702  0.120097  0.524095  0.085382  0.502767  0.550274  0.480222  0.174507  0.184518  0.085382  0.116310  0.136612  0.130359  0.103572 0.0  0.085382  0.107942  0.085382  0.131515  0.142864  0.575546  0.107451  0.538932  0.549663  0.221722  0.085382  0.085382  0.427705  0.243767  0.347646  0.439901  0.524749  0.100272  0.126259  0.360036  0.518414  0.268001  0.085382  0.489218  0.490917 
37  0.407549  0.506324  0.335593  0.578029  0.239592  0.656850  0.501399  0.626093  0.437548  0.090501  0.518229  0.508928  0.407105  0.131226  0.460390  0.438206  0.433660  0.397756  0.356900  0.396029  0.149194  0.085382  0.150348  0.085382  0.524841  0.090330  0.480180  0.484265  0.368451  0.109168  0.171027  0.085382  0.155920  0.085382  0.219327  0.085382  0.085382 0.0  0.211288  0.194264  0.198651  0.085382  0.501653  0.168456  0.508212  0.483260  0.194287  0.098044  0.085382  0.440791  0.180200  0.501429  0.395603  0.485213  0.127008  0.191007  0.297462  0.404659  0.407711  0.085382  0.482931  0.263446 
38  0.449604  0.383012  0.553137  0.440167  0.307067  0.600441  0.661214  0.562200  0.369982  0.124035  0.445660  0.459150  0.595306  0.085382  0.458096  0.411816  0.406878  0.471191  0.315249  0.384747  0.192953  0.096542  0.236220  0.121646  0.437207  0.125789  0.473260  0.437432  0.460665  0.085382  0.085382  0.085382  0.198507  0.109752  0.146282  0.142259  0.107942  0.211288 0.0  0.085382  0.123218  0.196288  0.422230  0.085382  0.449682  0.498581  0.113278  0.085382  0.122777  0.439036  0.108479  0.427568  0.413410  0.593021  0.180598  0.086151  0.532109  0.394776  0.348997  0.139519  0.526819  0.473462 
39  0.415877  0.492580  0.398243  0.437524  0.100683  0.648879  0.666823  0.622668  0.354676  0.207779  0.595377  0.503086  0.501486  0.168285  0.484765  0.304734  0.469634  0.504117  0.425734  0.421111  0.085382  0.092315  0.088685  0.085382  0.446010  0.186746  0.422646  0.456800  0.492028  0.086544  0.106247  0.158556  0.085382  0.087260  0.188370  0.110384  0.085382  0.194264  0.085382 0.0  0.085382  0.166515  0.494922  0.142648  0.476959  0.494377  0.085382  0.207042  0.085382  0.499158  0.203953  0.429622  0.506883  0.545133  0.117604  0.089343  0.426658  0.480192  0.420865  0.114743  0.446619  0.503525 
40  0.403003  0.490145  0.411386  0.478088  0.085382  0.575459  0.661145  0.627982  0.550532  0.226696  0.459395  0.517482  0.534863  0.115259  0.457566  0.509711  0.440430  0.415006  0.438686  0.381705  0.085382  0.159546  0.216948  0.091299  0.528818  0.202483  0.490186  0.432468  0.396201  0.146558  0.085382  0.086848  0.124053  0.138140  0.085382  0.089405  0.131515  0.198651  0.123218  0.085382 0.0  0.244845  0.519502  0.105299  0.508208  0.467740  0.129513  0.113001  0.154179  0.453911  0.214423  0.398273  0.504022  0.487476  0.159482  0.156671  0.472796  0.450993  0.278181  0.122666  0.348767  0.517864 
41  0.519996  0.505376  0.512219  0.570875  0.166962  0.697495  0.665405  0.703585  0.504619  0.191874  0.480039  0.515653  0.558532  0.202049  0.478683  0.526024  0.492087  0.559099  0.487824  0.533429  0.121765  0.227708  0.085382  0.199366  0.487708  0.142748  0.475642  0.486005  0.429776  0.275629  0.146884  0.122647  0.099725  0.151602  0.201370  0.099596  0.142864  0.085382  0.196288  0.166515  0.244845 0.0  0.539363  0.146568  0.529284  0.585191  0.135161  0.124901  0.177330  0.555888  0.134912  0.536164  0.552267  0.575370  0.172146  0.191042  0.594375  0.549133  0.280958  0.096794  0.430975  0.477851 
42  0.431731  0.147943  0.355971  0.235490  0.537788  0.399312  0.173550  0.280660  0.296871  0.571006  0.489450  0.626399  0.617829  0.449930  0.463653  0.160658  0.479122  0.471553  0.527435  0.460420  0.464618  0.531386  0.511827  0.578380  0.161979  0.553622  0.533628  0.453250  0.398772  0.585345  0.539216  0.536593  0.561416  0.575007  0.455789  0.439749  0.575546  0.501653  0.422230  0.494922  0.519502  0.539363 0.0  0.485097  0.409499  0.621073  0.580774  0.633620  0.548678  0.395879  0.540600  0.503743  0.458184  0.602612  0.562651  0.403613  0.314431  0.331338  0.676625  0.582971  0.432633  0.528333 
43  0.489080  0.457366  0.437478  0.558570  0.085382  0.617691  0.642515  0.607590  0.473994  0.288903  0.410008  0.501294  0.570289  0.139534  0.392556  0.470172  0.513388  0.583592  0.489025  0.540969  0.149785  0.191748  0.109252  0.111369  0.471750  0.085382  0.481005  0.415282  0.475855  0.127022  0.191333  0.119298  0.208360  0.160673  0.136934  0.086930  0.107451  0.168456  0.085382  0.142648  0.105299  0.146568  0.485097 0.0  0.529556  0.575963  0.157883  0.197761  0.189151  0.538006  0.094869  0.460150  0.514986  0.656647  0.213716  0.107240  0.511186  0.436317  0.351461  0.098681  0.331994  0.493669 
44  0.085382  0.368228  0.236064  0.214400  0.543127  0.293245  0.408379  0.369631  0.291348  0.506307  0.785563  0.812039  0.259466  0.448652  0.235818  0.367993  0.238830  0.335399  0.205465  0.180379  0.540865  0.545739  0.680303  0.449233  0.506052  0.513408  0.306695  0.725222  0.086688  0.569369  0.436746  0.504611  0.506512  0.513410  0.553014  0.473465  0.538932  0.508212  0.449682  0.476959  0.508208  0.529284  0.409499  0.529556 0.0  0.267009  0.536027  0.638108  0.510139  0.085382  0.571309  0.198081  0.085382  0.196278  0.484062  0.575333  0.159209  0.195434  0.755590  0.484825  0.110289  0.130206 
45  0.163337  0.563311  0.273765  0.443479  0.533502  0.589101  0.682514  0.630689  0.425990  0.464635  0.890679  1.000000  0.085382  0.620038  0.327711  0.468716  0.216887  0.240582  0.236834  0.195188  0.654195  0.513672  0.571368  0.537686  0.602418  0.506876  0.198483  0.901337  0.316845  0.474980  0.654754  0.498173  0.436763  0.588261  0.533396  0.572252  0.549663  0.483260  0.498581  0.494377  0.467740  0.585191  0.621073  0.575963  0.267009 0.0  0.541179  0.503860  0.523839  0.248806  0.653483  0.264635  0.156522  0.176095  0.519961  0.552910  0.332639  0.295203  0.878467  0.561118  0.173437  0.208310 
46  0.494644  0.440392  0.442979  0.612246  0.085950  0.692544  0.629123  0.643925  0.463674  0.219432  0.559862  0.578548  0.553350  0.179137  0.492999  0.538826  0.468117  0.485972  0.559142  0.523571  0.085382  0.149748  0.085382  0.116035  0.507024  0.259201  0.530887  0.471592  0.523376  0.212179  0.169826  0.192843  0.241041  0.091702  0.213892  0.271374  0.221722  0.194287  0.113278  0.085382  0.129513  0.135161  0.580774  0.157883  0.536027  0.541179 0.0  0.099043  0.193781  0.559296  0.085382  0.464061  0.486770  0.579932  0.085382  0.092509  0.470390  0.401561  0.433555  0.117223  0.651536  0.589067 
47  0.484213  0.459610  0.452603  0.523581  0.085382  0.642090  0.581648  0.718367  0.442279  0.114202  0.510323  0.524294  0.551960  0.123184  0.515950  0.517309  0.510722  0.374541  0.550821  0.417489  0.116463  0.104747  0.146640  0.135213  0.546813  0.142694  0.499178  0.449984  0.458307  0.121005  0.105060  0.134628  0.194809  0.085382  0.201831  0.146781  0.085382  0.098044  0.085382  0.207042  0.113001  0.124901  0.633620  0.197761  0.638108  0.503860  0.099043 0.0  0.085382  0.526926  0.145514  0.456843  0.489487  0.570700  0.131122  0.106785  0.532307  0.563398  0.317413  0.167395  0.418565  0.578132 
48  0.555550  0.436323  0.425257  0.461839  0.217087  0.666374  0.688986  0.525013  0.397269  0.109536  0.594502  0.525220  0.574406  0.172665  0.464060  0.433041  0.340092  0.466735  0.496212  0.379539  0.150552  0.085382  0.096628  0.137132  0.481406  0.085382  0.510216  0.540707  0.425828  0.085382  0.085502  0.139328  0.127035  0.157049  0.085382  0.085382  0.085382  0.085382  0.122777  0.085382  0.154179  0.177330  0.548678  0.189151  0.510139  0.523839  0.193781  0.085382 0.0  0.576703  0.182175  0.457966  0.516148  0.576430  0.085382  0.150697  0.398710  0.421479  0.242058  0.085382  0.438398  0.452139 
49  0.168270  0.356775  0.149807  0.235503  0.618383  0.334451  0.486075  0.439397  0.143459  0.355959  0.704293  0.711057  0.403010  0.567540  0.266039  0.401716  0.240789  0.085382  0.191490  0.240977  0.591318  0.601539  0.642101  0.583718  0.302523  0.391225  0.326105  0.716228  0.098409  0.597425  0.450094  0.560140  0.486226  0.443862  0.422652  0.499876  0.427705  0.440791  0.439036  0.499158  0.453911  0.555888  0.395879  0.538006  0.085382  0.248806  0.559296  0.526926  0.576703 0.0  0.571079  0.144771  0.156560  0.291784  0.537062  0.557093  0.177227  0.137733  0.766513  0.493598  0.182925  0.256543 
50  0.503567  0.475292  0.548914  0.625422  0.103983  0.699682  0.644689  0.722761  0.491259  0.207073  0.524044  0.486858  0.515929  0.286223  0.397738  0.461714  0.501136  0.527791  0.414508  0.562301  0.085382  0.135578  0.161201  0.169034  0.633793  0.160188  0.457423  0.540808  0.566565  0.305345  0.102649  0.205255  0.264133  0.085382  0.234549  0.273436  0.243767  0.180200  0.108479  0.203953  0.214423  0.134912  0.540600  0.094869  0.571309  0.653483  0.085382  0.145514  0.182175  0.571079 0.0  0.439394  0.469863  0.614817  0.180381  0.106551  0.467135  0.464112  0.367395  0.242426  0.502456  0.568920 
51  0.158442  0.319634  0.085382  0.379234  0.530069  0.360638  0.333933  0.489891  0.276153  0.518794  0.830012  0.743819  0.328237  0.463327  0.160975  0.384450  0.085382  0.135828  0.085382  0.227081  0.401324  0.400060  0.588127  0.481282  0.401347  0.380696  0.213550  0.768052  0.105751  0.538718  0.524370  0.364983  0.400474  0.435918  0.467129  0.375023  0.347646  0.501429  0.427568  0.429622  0.398273  0.536164  0.503743  0.460150  0.198081  0.264635  0.464061  0.456843  0.457966  0.144771  0.439394 0.0  0.159763  0.085382  0.416075  0.478547  0.241493  0.085382  0.683069  0.471844  0.085382  0.141589 
52  0.232624  0.446096  0.155745  0.341119  0.504831  0.394059  0.264825  0.391403  0.254626  0.384346  0.708175  0.871310  0.269706  0.404191  0.147660  0.301758  0.091799  0.085382  0.143538  0.163443  0.468548  0.432225  0.546083  0.395957  0.325989  0.460098  0.225497  0.752329  0.194827  0.341494  0.431135  0.489560  0.492030  0.486699  0.361775  0.427079  0.439901  0.395603  0.413410  0.506883  0.504022  0.552267  0.458184  0.514986  0.085382  0.156522  0.486770  0.489487  0.516148  0.156560  0.469863  0.159763 0.0  0.185844  0.448737  0.370574  0.174620  0.157333  0.673523  0.407215  0.227988  0.136308 
53  0.226640  0.532527  0.261298  0.449008  0.603342  0.495230  0.516971  0.486180  0.463045  0.514826  0.891479  0.914644  0.306700  0.577692  0.217172  0.445553  0.210759  0.150861  0.229635  0.224289  0.585855  0.642084  0.658934  0.429158  0.572330  0.566014  0.339545  0.766550  0.302625  0.449272  0.524690  0.503482  0.517488  0.475824  0.607070  0.592253  0.524749  0.485213  0.593021  0.545133  0.487476  0.575370  0.602612  0.656647  0.196278  0.176095  0.579932  0.570700  0.576430  0.291784  0.614817  0.085382  0.185844 0.0  0.705290  0.539336  0.298065  0.214256  0.796513  0.481886  0.092437  0.199262 
54  0.537931  0.443225  0.411245  0.463010  0.085382  0.602053  0.658408  0.627307  0.443981  0.194174  0.538339  0.519975  0.588353  0.121279  0.502333  0.392617  0.441056  0.502380  0.344333  0.515965  0.085382  0.142519  0.155524  0.131643  0.539175  0.202599  0.572747  0.503761  0.583020  0.152443  0.119311  0.135340  0.189141  0.085382  0.085382  0.252797  0.100272  0.127008  0.180598  0.117604  0.159482  0.172146  0.562651  0.213716  0.484062  0.519961  0.085382  0.131122  0.085382  0.537062  0.180381  0.416075  0.448737  0.705290 0.0  0.119477  0.509318  0.492207  0.311553  0.123487  0.345242  0.516770 
55  0.448519  0.561264  0.410582  0.565510  0.085382  0.628550  0.555937  0.618576  0.443913  0.200203  0.462539  0.423528  0.566103  0.187010  0.531126  0.478143  0.529560  0.425535  0.482931  0.332161  0.128415  0.150700  0.117590  0.150948  0.480595  0.085382  0.502273  0.437233  0.473836  0.181148  0.085382  0.209982  0.188370  0.102149  0.145625  0.126975  0.126259  0.191007  0.086151  0.089343  0.156671  0.191042  0.403613  0.107240  0.575333  0.552910  0.092509  0.106785  0.150697  0.557093  0.106551  0.478547  0.370574  0.539336  0.119477 0.0  0.442977  0.512462  0.392937  0.158124  0.546758  0.424421 
56  0.207205  0.298928  0.270474  0.261721  0.491759  0.359133  0.369950  0.343265  0.085382  0.263045  0.654623  0.652409  0.456478  0.444593  0.085382  0.219584  0.330813  0.255224  0.329607  0.239331  0.518304  0.413604  0.458885  0.577954  0.316536  0.385104  0.375302  0.673851  0.233091  0.413758  0.458010  0.432193  0.443755  0.421494  0.407720  0.387100  0.360036  0.297462  0.532109  0.426658  0.472796  0.594375  0.314431  0.511186  0.159209  0.332639  0.470390  0.532307  0.398710  0.177227  0.467135  0.241493  0.174620  0.298065  0.509318  0.442977 0.0  0.127567  0.735323  0.537266  0.294212  0.270738 
57  0.196858  0.420639  0.143486  0.238018  0.514406  0.311424  0.293365  0.391934  0.130919  0.333145  0.820939  0.698881  0.456468  0.507972  0.206517  0.280796  0.368513  0.101672  0.205742  0.217468  0.588783  0.343547  0.461635  0.386643  0.299122  0.447357  0.373882  0.634731  0.107465  0.408911  0.536106  0.435477  0.415686  0.435008  0.396153  0.399522  0.518414  0.404659  0.394776  0.480192  0.450993  0.549133  0.331338  0.436317  0.195434  0.295203  0.401561  0.563398  0.421479  0.137733  0.464112  0.085382  0.157333  0.214256  0.492207  0.512462  0.127567 0.0  0.643436  0.487241  0.260087  0.248623 
58  0.711123  0.633355  0.679711  0.685537  0.349114  0.752264  0.700445  0.718970  0.578808  0.455432  0.223244  0.318385  0.711668  0.295612  0.657102  0.501107  0.759382  0.747731  0.716052  0.692319  0.266709  0.315981  0.266644  0.359260  0.539750  0.308350  0.704501  0.376810  0.619160  0.405327  0.268871  0.318527  0.335139  0.482698  0.316268  0.288246  0.268001  0.407711  0.348997  0.420865  0.278181  0.280958  0.676625  0.351461  0.755590  0.878467  0.433555  0.317413  0.242058  0.766513  0.367395  0.683069  0.673523  0.796513  0.311553  0.392937  0.735323  0.643436 0.0  0.292902  0.683917  0.657320 
59  0.426846  0.447360  0.501512  0.498767  0.118984  0.584006  0.614421  0.504299  0.417076  0.094486  0.558400  0.521059  0.469241  0.208521  0.406345  0.461651  0.435203  0.512183  0.425390  0.409319  0.159977  0.085382  0.237693  0.085382  0.494746  0.085382  0.512600  0.377981  0.467362  0.100656  0.160617  0.085382  0.098260  0.085382  0.085382  0.122660  0.085382  0.085382  0.139519  0.114743  0.122666  0.096794  0.582971  0.098681  0.484825  0.561118  0.117223  0.167395  0.085382  0.493598  0.242426  0.471844  0.407215  0.481886  0.123487  0.158124  0.537266  0.487241  0.292902 0.0  0.485680  0.458388 
60  0.188284  0.458868  0.135522  0.371259  0.545938  0.493066  0.423985  0.394449  0.313757  0.327528  0.780287  0.825781  0.246604  0.454454  0.146084  0.385791  0.129084  0.087667  0.095635  0.156137  0.529018  0.448978  0.483574  0.380327  0.476506  0.432274  0.219729  0.730224  0.223759  0.391529  0.440551  0.424870  0.440469  0.523042  0.367536  0.468848  0.489218  0.482931  0.526819  0.446619  0.348767  0.430975  0.432633  0.331994  0.110289  0.173437  0.651536  0.418565  0.438398  0.182925  0.502456  0.085382  0.227988  0.092437  0.345242  0.546758  0.294212  0.260087  0.683917  0.485680 0.0  0.085382 
61  0.085382  0.413934  0.195987  0.410674  0.578415  0.475335  0.451754  0.498069  0.265752  0.339360  0.683852  0.818935  0.387578  0.353137  0.188048  0.338553  0.085382  0.134906  0.153984  0.085382  0.515942  0.421209  0.567171  0.373429  0.591714  0.495740  0.233179  0.716700  0.202073  0.490783  0.468274  0.275165  0.419636  0.446499  0.334975  0.488066  0.490917  0.263446  0.473462  0.503525  0.517864  0.477851  0.528333  0.493669  0.130206  0.208310  0.589067  0.578132  0.452139  0.256543  0.568920  0.141589  0.136308  0.199262  0.516770  0.424421  0.270738  0.248623  0.657320  0.458388  0.085382 0.0 
