62
0 0.0  0.515852  0.149104  0.425626  0.525522  0.454500  0.497767  0.537679  0.265708  0.348760  0.740809  0.790458  0.208479  0.418510  0.128640  0.407161  0.090462  0.102061  0.105749  0.110531  0.440509  0.478134  0.475743  0.481558  0.427914  0.445955  0.207601  0.705511  0.187756  0.414932  0.454465  0.434550  0.435927  0.363532  0.406940  0.390022  0.418297  0.401346  0.475573  0.474790  0.440050  0.438929  0.459918  0.500418  0.166342  0.221359  0.573371  0.420593  0.448625  0.215124  0.532297  0.112846  0.148962  0.217945  0.507994  0.475846  0.252737  0.228207  0.679897  0.425871  0.113663  0.098484 
1  0.515852 0.0  0.442539  0.221432  0.537113  0.376614  0.284764  0.274701  0.261752  0.418514  0.441454  0.545563  0.572260  0.391356  0.405279  0.146119  0.467063  0.408000  0.486059  0.390698  0.517668  0.455499  0.544370  0.486352  0.140542  0.463234  0.586432  0.498723  0.364235  0.436946  0.469142  0.442345  0.421333  0.447277  0.415091  0.513867  0.429739  0.425321  0.462836  0.466094  0.472444  0.518544  0.148182  0.479689  0.435093  0.637012  0.567443  0.484013  0.407494  0.372697  0.545921  0.465955  0.428680  0.516741  0.534936  0.436236  0.297836  0.341852  0.549923  0.437007  0.388268  0.471262 
2  0.149104  0.442539 0.0  0.322179  0.411958  0.379286  0.344395  0.407670  0.195354  0.376764  0.852914  0.636295  0.314111  0.341770  0.105954  0.325315  0.168024  0.147288  0.129880  0.135465  0.459657  0.439162  0.568189  0.451141  0.349320  0.411944  0.304291  0.698459  0.119872  0.415908  0.464563  0.449865  0.394850  0.438217  0.394371  0.391279  0.446059  0.411243  0.397530  0.403285  0.418294  0.554645  0.407400  0.466863  0.140899  0.287459  0.482999  0.587327  0.519688  0.143413  0.479236  0.127937  0.109425  0.228051  0.538426  0.459604  0.194099  0.146516  0.619893  0.433360  0.132120  0.142704 
3  0.425626  0.221432  0.322179 0.0  0.638594  0.175744  0.177980  0.218603  0.240803  0.475889  0.749963  0.734562  0.532475  0.484752  0.373233  0.229933  0.387563  0.408389  0.388028  0.349388  0.630450  0.511857  0.723225  0.530829  0.225086  0.486215  0.584376  0.502170  0.263581  0.592341  0.533615  0.555937  0.493684  0.501949  0.543744  0.476240  0.617223  0.493585  0.555813  0.523874  0.536202  0.648776  0.212875  0.519778  0.336524  0.627026  0.584436  0.516822  0.554016  0.268132  0.730077  0.364459  0.342710  0.345264  0.607295  0.599697  0.226749  0.204528  0.676823  0.593431  0.318629  0.343731 
4  0.525522  0.537113  0.411958  0.638594 0.0  0.701840  0.671316  0.724974  0.526424  0.217984  0.538324  0.556491  0.572996  0.188909  0.488839  0.469243  0.508795  0.480693  0.523089  0.497757  0.094802  0.142855  0.131169  0.151857  0.602433  0.156105  0.535358  0.436953  0.539961  0.180719  0.126380  0.168550  0.171748  0.149313  0.187282  0.163070  0.147093  0.153915  0.147290  0.151843  0.135054  0.092417  0.626937  0.129817  0.572284  0.558037  0.109093  0.104462  0.145564  0.569123  0.094091  0.535719  0.445047  0.550162  0.107751  0.125232  0.527577  0.535971  0.331269  0.165585  0.477945  0.531327 
5  0.454500  0.376614  0.379286  0.175744  0.701840 0.0  0.129316  0.206653  0.301068  0.590402  0.759385  0.699335  0.566311  0.613036  0.381139  0.264877  0.434603  0.430736  0.343810  0.385803  0.781470  0.706841  0.805885  0.641531  0.274606  0.637351  0.607532  0.705451  0.328903  0.664064  0.632033  0.612920  0.617133  0.638587  0.584886  0.577176  0.498954  0.622854  0.513647  0.665023  0.631575  0.735283  0.301725  0.738358  0.364236  0.470923  0.700947  0.637774  0.617256  0.324390  0.717879  0.402962  0.351256  0.410007  0.680816  0.669841  0.278693  0.288666  0.848348  0.604739  0.426570  0.417544 
6  0.497767  0.284764  0.344395  0.177980  0.671316  0.129316 0.0  0.149891  0.306330  0.590193  0.769488  0.752020  0.604399  0.624958  0.398824  0.273770  0.478890  0.504323  0.442413  0.469042  0.625789  0.676682  0.662493  0.673803  0.270607  0.635493  0.654435  0.600178  0.345627  0.569409  0.694071  0.603445  0.578002  0.697073  0.668076  0.616731  0.564010  0.575968  0.591341  0.632447  0.711256  0.695023  0.256834  0.687489  0.381337  0.543661  0.721202  0.694820  0.586585  0.373438  0.616877  0.402625  0.393429  0.540723  0.685232  0.697050  0.296640  0.318761  0.779965  0.585395  0.453971  0.466246 
7  0.537679  0.274701  0.407670  0.218603  0.724974  0.206653  0.149891 0.0  0.326894  0.519902  0.745871  0.712475  0.595503  0.574305  0.451393  0.306814  0.414348  0.520110  0.466441  0.525873  0.708296  0.590000  0.728730  0.564564  0.190209  0.619241  0.694705  0.533278  0.408769  0.567802  0.728969  0.572115  0.686406  0.669762  0.689817  0.608668  0.563908  0.616062  0.682284  0.609686  0.609856  0.595400  0.222236  0.633712  0.407826  0.480247  0.632581  0.652232  0.597769  0.400119  0.717277  0.425542  0.496270  0.468853  0.569706  0.576457  0.327843  0.327697  0.789512  0.540152  0.435947  0.500489 
8  0.265708  0.261752  0.195354  0.240803  0.526424  0.301068  0.306330  0.326894 0.0  0.365898  0.744909  0.694448  0.416962  0.349115  0.250518  0.199283  0.312822  0.277551  0.270916  0.222814  0.538490  0.468009  0.506951  0.395247  0.309932  0.437070  0.444629  0.654382  0.159367  0.431742  0.423072  0.424370  0.415794  0.391544  0.413187  0.383142  0.402910  0.385860  0.465402  0.425253  0.439336  0.496864  0.282451  0.458658  0.234549  0.451329  0.500448  0.454995  0.429057  0.233335  0.486915  0.262937  0.230980  0.357996  0.483184  0.425858  0.128507  0.133705  0.593286  0.404579  0.257254  0.293693 
9  0.348760  0.418514  0.376764  0.475889  0.217984  0.590402  0.590193  0.519902  0.365898 0.0  0.524931  0.456687  0.402747  0.141456  0.351449  0.397973  0.334024  0.344093  0.385502  0.357889  0.229945  0.160534  0.264010  0.167164  0.507686  0.161908  0.445428  0.414652  0.356621  0.146766  0.177660  0.149165  0.148440  0.144741  0.139783  0.135938  0.150838  0.143618  0.160317  0.152543  0.159783  0.244205  0.428651  0.188392  0.373116  0.453289  0.203581  0.180306  0.172390  0.431525  0.230326  0.389321  0.425984  0.432413  0.199552  0.179197  0.341009  0.409362  0.396772  0.151763  0.355439  0.386743 
10  0.740809  0.441454  0.852914  0.749963  0.538324  0.759385  0.769488  0.745871  0.744909  0.524931 0.0  0.108957  0.807466  0.462875  0.685820  0.628658  0.816070  0.603918  0.558082  0.810811  0.526187  0.481351  0.532716  0.452682  0.586707  0.531227  0.764785  0.202137  0.749022  0.578979  0.449118  0.532821  0.516809  0.485147  0.539663  0.538829  0.518580  0.441130  0.450642  0.464481  0.538847  0.575846  0.684144  0.481682  0.873886  0.884914  0.514233  0.443638  0.444929  0.683810  0.533991  0.659841  0.706881  0.944473  0.554453  0.452065  0.758471  0.744264  0.276320  0.513829  0.705419  0.784271 
11  0.790458  0.545563  0.636295  0.734562  0.556491  0.699335  0.752020  0.712475  0.694448  0.456687  0.108957 0.0  0.969833  0.476118  0.861652  0.594473  0.723608  0.788278  0.836861  0.680533  0.570012  0.505075  0.506940  0.508253  0.583307  0.453038  0.818184  0.180606  0.564121  0.567783  0.493727  0.463398  0.539844  0.528936  0.545971  0.612606  0.506570  0.577252  0.539138  0.564445  0.535990  0.574838  0.642311  0.492994  0.793955  1.000000  0.464745  0.449605  0.463888  0.822242  0.500835  0.856194  0.840502  0.779719  0.540392  0.457946  0.676841  0.630555  0.379209  0.474853  0.792926  0.856976 
12  0.208479  0.572260  0.314111  0.532475  0.572996  0.566311  0.604399  0.595503  0.416962  0.402747  0.807466  0.969833 0.0  0.469862  0.255647  0.542028  0.210728  0.239611  0.258435  0.250673  0.531919  0.435479  0.545680  0.548578  0.638295  0.494201  0.104893  0.829630  0.403903  0.476686  0.548963  0.447955  0.458659  0.477738  0.418828  0.521553  0.518165  0.488290  0.523395  0.457522  0.485840  0.584230  0.567209  0.479653  0.317133  0.141654  0.497807  0.592783  0.499189  0.369920  0.541513  0.266678  0.322598  0.302434  0.442060  0.605861  0.489386  0.409962  0.782960  0.499921  0.264327  0.250771 
13  0.418510  0.391356  0.341770  0.484752  0.188909  0.613036  0.624958  0.574305  0.349115  0.141456  0.462875  0.476118  0.469862 0.0  0.468027  0.400274  0.512498  0.500332  0.434977  0.415351  0.183606  0.134545  0.205980  0.114040  0.563674  0.132637  0.462930  0.383307  0.438560  0.129263  0.145249  0.116638  0.150584  0.121721  0.133659  0.122017  0.128254  0.123742  0.119401  0.135822  0.127451  0.194570  0.468949  0.141253  0.488068  0.590417  0.169061  0.156880  0.125432  0.401007  0.190199  0.542434  0.407538  0.553284  0.161394  0.140486  0.441867  0.455421  0.315376  0.121704  0.396925  0.425087 
14  0.128640  0.405279  0.105954  0.373233  0.488839  0.381139  0.398824  0.451393  0.250518  0.351449  0.685820  0.861652  0.255647  0.468027 0.0  0.313011  0.136892  0.124400  0.109177  0.120785  0.487503  0.438733  0.459647  0.422274  0.439635  0.417976  0.277061  0.759920  0.153065  0.388450  0.501745  0.440642  0.399687  0.463999  0.350630  0.359885  0.392976  0.436379  0.465760  0.423324  0.457703  0.524042  0.420149  0.503456  0.145409  0.249255  0.511693  0.453995  0.470700  0.162549  0.404437  0.100062  0.093412  0.205733  0.527548  0.474323  0.199884  0.178747  0.571507  0.447869  0.101435  0.115264 
15  0.407161  0.146119  0.325315  0.229933  0.469243  0.264877  0.273770  0.306814  0.199283  0.397973  0.628658  0.594473  0.542028  0.400274  0.313011 0.0  0.397675  0.404320  0.391474  0.362742  0.503856  0.403723  0.443102  0.435629  0.178731  0.421226  0.440409  0.410253  0.307194  0.502088  0.454937  0.382918  0.421464  0.364462  0.461339  0.440555  0.461842  0.436969  0.442731  0.444431  0.476976  0.448906  0.182195  0.485154  0.374884  0.537742  0.493777  0.427071  0.420377  0.328695  0.448963  0.408392  0.362631  0.418540  0.492700  0.429130  0.256763  0.261451  0.512659  0.412355  0.389113  0.385594 
16  0.090462  0.467063  0.168024  0.387563  0.508795  0.434603  0.478890  0.414348  0.312822  0.334024  0.816070  0.723608  0.210728  0.512498  0.136892  0.397675 0.0  0.106204  0.112243  0.123348  0.527919  0.470090  0.497573  0.400870  0.450594  0.342401  0.237885  0.739546  0.225043  0.327389  0.433696  0.408891  0.395326  0.392852  0.324770  0.464497  0.435996  0.445121  0.392964  0.465755  0.370201  0.537783  0.496177  0.445770  0.187213  0.203885  0.545159  0.490073  0.428557  0.233020  0.471214  0.128353  0.141439  0.220173  0.442386  0.515932  0.232437  0.233933  0.733571  0.479216  0.124602  0.104676 
17  0.102061  0.408000  0.147288  0.408389  0.480693  0.430736  0.504323  0.520110  0.277551  0.344093  0.603918  0.788278  0.239611  0.500332  0.124400  0.404320  0.106204 0.0  0.101130  0.096158  0.509230  0.395941  0.465499  0.421069  0.463014  0.388653  0.222001  0.667239  0.188762  0.426466  0.400649  0.356375  0.401767  0.396713  0.443079  0.471161  0.363206  0.365306  0.456909  0.417770  0.382539  0.478221  0.450802  0.413174  0.166070  0.245327  0.511409  0.391575  0.419707  0.198415  0.547796  0.118107  0.131963  0.237720  0.454235  0.484320  0.247700  0.229567  0.717106  0.464072  0.106971  0.100244 
18  0.105749  0.486059  0.129880  0.388028  0.523089  0.343810  0.442413  0.466441  0.270916  0.385502  0.558082  0.836861  0.258435  0.434977  0.109177  0.391474  0.112243  0.101130 0.0  0.107380  0.497450  0.462148  0.532162  0.398949  0.458826  0.436358  0.203158  0.759585  0.176697  0.400440  0.486615  0.414834  0.365316  0.445262  0.459984  0.365393  0.461279  0.426903  0.380279  0.438034  0.439767  0.511406  0.440083  0.458258  0.156963  0.190162  0.490802  0.491578  0.431188  0.196681  0.463562  0.100183  0.115355  0.215646  0.496770  0.481627  0.246944  0.203421  0.564536  0.463844  0.091773  0.095566 
19  0.110531  0.390698  0.135465  0.349388  0.497757  0.385803  0.469042  0.525873  0.222814  0.357889  0.810811  0.680533  0.250673  0.415351  0.120785  0.362742  0.123348  0.096158  0.107380 0.0  0.460357  0.383829  0.542858  0.368501  0.440318  0.422568  0.231519  0.792000  0.164517  0.363014  0.369755  0.420458  0.342107  0.420839  0.419908  0.411252  0.363455  0.403686  0.398265  0.421953  0.394878  0.453089  0.499935  0.469686  0.177506  0.265386  0.444141  0.422701  0.428129  0.184269  0.455226  0.122864  0.122186  0.255979  0.435369  0.466806  0.236261  0.194239  0.684231  0.451326  0.115753  0.112657 
20  0.440509  0.517668  0.459657  0.630450  0.094802  0.781470  0.625789  0.708296  0.538490  0.229945  0.526187  0.570012  0.531919  0.183606  0.487503  0.503856  0.527919  0.509230  0.497450  0.460357 0.0  0.146868  0.147845  0.157978  0.483640  0.148225  0.539835  0.470475  0.527207  0.163871  0.122065  0.177323  0.175461  0.162665  0.168632  0.174224  0.155458  0.158770  0.155234  0.147951  0.130281  0.101395  0.614998  0.131671  0.495191  0.481722  0.124047  0.104913  0.152464  0.521971  0.098779  0.515406  0.580228  0.627105  0.116460  0.123133  0.524299  0.507573  0.326849  0.147876  0.480913  0.495520 
21  0.478134  0.455499  0.439162  0.511857  0.142855  0.706841  0.676682  0.590000  0.468009  0.160534  0.481351  0.505075  0.435479  0.134545  0.438733  0.403723  0.470090  0.395941  0.462148  0.383829  0.146868 0.0  0.168837  0.106047  0.534855  0.088345  0.509180  0.488140  0.366951  0.110355  0.106263  0.108965  0.128018  0.094465  0.113071  0.108009  0.094324  0.106488  0.101837  0.092173  0.094366  0.153540  0.485876  0.129718  0.490101  0.580160  0.143533  0.121848  0.098325  0.441755  0.147485  0.490048  0.470913  0.575136  0.112370  0.107352  0.458212  0.441408  0.369390  0.095479  0.417908  0.483435 
22  0.475743  0.544370  0.568189  0.723225  0.131169  0.805885  0.662493  0.728730  0.506951  0.264010  0.532716  0.506940  0.545680  0.205980  0.459647  0.443102  0.497573  0.465499  0.532162  0.542858  0.147845  0.168837 0.0  0.180018  0.575667  0.201006  0.617253  0.402901  0.569392  0.193789  0.152377  0.198647  0.215834  0.172633  0.209325  0.223726  0.183002  0.193657  0.164894  0.207583  0.162419  0.131080  0.596062  0.134105  0.553513  0.605361  0.119563  0.162191  0.200009  0.655767  0.125290  0.525709  0.511934  0.686036  0.151298  0.156548  0.546254  0.528880  0.283330  0.172500  0.465960  0.561192 
23  0.481558  0.486352  0.451141  0.530829  0.151857  0.641531  0.673803  0.564564  0.395247  0.167164  0.452682  0.508253  0.548578  0.114040  0.422274  0.435629  0.400870  0.421069  0.398949  0.368501  0.157978  0.106047  0.180018 0.0  0.487906  0.106159  0.504999  0.526628  0.473757  0.122057  0.115413  0.102293  0.131932  0.092444  0.120046  0.113972  0.098176  0.108623  0.088622  0.104258  0.098645  0.151399  0.496651  0.125998  0.430641  0.536516  0.151421  0.137438  0.094240  0.392168  0.173864  0.442326  0.437633  0.565668  0.132557  0.113416  0.443857  0.476365  0.375071  0.098954  0.441748  0.464840 
24  0.427914  0.140542  0.349320  0.225086  0.602433  0.274606  0.270607  0.190209  0.309932  0.507686  0.586707  0.583307  0.638295  0.563674  0.439635  0.178731  0.450594  0.463014  0.458826  0.440318  0.483640  0.534855  0.575667  0.487906 0.0  0.493050  0.676457  0.458042  0.371261  0.451006  0.561654  0.504643  0.501591  0.457975  0.461170  0.521847  0.508645  0.537553  0.471679  0.481308  0.540735  0.512079  0.087847  0.469117  0.397056  0.725923  0.597156  0.605405  0.514786  0.420497  0.556311  0.445662  0.507807  0.507697  0.551860  0.526997  0.353939  0.317792  0.580384  0.543278  0.422067  0.494265 
25  0.445955  0.463234  0.411944  0.486215  0.156105  0.637351  0.635493  0.619241  0.437070  0.161908  0.531227  0.453038  0.494201  0.132637  0.417976  0.421226  0.342401  0.388653  0.436358  0.422568  0.148225  0.088345  0.201006  0.106159  0.493050 0.0  0.500600  0.467715  0.412517  0.103099  0.110458  0.106871  0.107576  0.097174  0.108547  0.107700  0.091332  0.101252  0.096688  0.086376  0.099485  0.155148  0.416557  0.128316  0.493473  0.511713  0.151989  0.122301  0.094003  0.463400  0.152826  0.438597  0.466266  0.523327  0.120433  0.115664  0.429716  0.414033  0.373761  0.092983  0.450859  0.417593 
26  0.207601  0.586432  0.304291  0.584376  0.535358  0.607532  0.654435  0.694705  0.444629  0.445428  0.764785  0.818184  0.104893  0.462930  0.277061  0.440409  0.237885  0.222001  0.203158  0.231519  0.539835  0.509180  0.617253  0.504999  0.676457  0.500600 0.0  0.912443  0.373970  0.429135  0.450859  0.485990  0.442278  0.505485  0.456122  0.420688  0.450688  0.480626  0.490843  0.476786  0.523770  0.518705  0.564748  0.509175  0.275718  0.146652  0.547313  0.468301  0.486455  0.311427  0.472012  0.239382  0.265014  0.268191  0.521459  0.523329  0.398982  0.358877  0.745352  0.493150  0.256946  0.233968 
27  0.705511  0.498723  0.698459  0.502170  0.436953  0.705451  0.600178  0.533278  0.654382  0.414652  0.202137  0.180606  0.829630  0.383307  0.759920  0.410253  0.739546  0.667239  0.759585  0.792000  0.470475  0.488140  0.402901  0.526628  0.458042  0.467715  0.912443 0.0  0.631155  0.551786  0.493890  0.442222  0.509822  0.439542  0.493951  0.549081  0.464195  0.419390  0.418077  0.462956  0.546840  0.432646  0.432563  0.391750  0.754499  0.863367  0.499103  0.512879  0.502399  0.750488  0.406554  0.778694  0.802502  0.953467  0.443145  0.427655  0.622026  0.634640  0.326810  0.514649  0.718443  0.789411 
28  0.187756  0.364235  0.119872  0.263581  0.539961  0.328903  0.345627  0.408769  0.159367  0.356621  0.749022  0.564121  0.403903  0.438560  0.153065  0.307194  0.225043  0.188762  0.176697  0.164517  0.527207  0.366951  0.569392  0.473757  0.371261  0.412517  0.373970  0.631155 0.0  0.436361  0.400069  0.426636  0.440811  0.475379  0.398053  0.415400  0.435464  0.404341  0.455357  0.397071  0.461885  0.454919  0.400523  0.588616  0.184547  0.312669  0.526890  0.545446  0.379307  0.142003  0.507532  0.195096  0.155422  0.282770  0.427354  0.500654  0.142320  0.114684  0.612608  0.455525  0.169811  0.186188 
29  0.414932  0.436946  0.415908  0.592341  0.180719  0.664064  0.569409  0.567802  0.431742  0.146766  0.578979  0.567783  0.476686  0.129263  0.388450  0.502088  0.327389  0.426466  0.400440  0.363014  0.163871  0.110355  0.193789  0.122057  0.451006  0.103099  0.429135  0.551786  0.436361 0.0  0.132403  0.107076  0.095637  0.120593  0.094911  0.100045  0.101926  0.097320  0.115502  0.101656  0.121205  0.181778  0.442573  0.140400  0.432909  0.526947  0.172244  0.148648  0.108709  0.521275  0.193321  0.455946  0.402983  0.513578  0.129151  0.135338  0.397058  0.454084  0.369952  0.104848  0.468212  0.416395 
30  0.454465  0.469142  0.464563  0.533615  0.126380  0.632033  0.694071  0.728969  0.423072  0.177660  0.449118  0.493727  0.548963  0.145249  0.501745  0.454937  0.433696  0.400649  0.486615  0.369755  0.122065  0.106263  0.152377  0.115413  0.561654  0.110458  0.450859  0.493890  0.400069  0.132403 0.0  0.128237  0.142966  0.114100  0.141638  0.131690  0.125626  0.131433  0.116254  0.114315  0.106358  0.132550  0.556051  0.116602  0.557619  0.517387  0.132748  0.100651  0.111521  0.568119  0.140796  0.422536  0.449239  0.582335  0.093770  0.098575  0.497790  0.465600  0.316676  0.118556  0.451104  0.511999 
31  0.434550  0.442345  0.449865  0.555937  0.168550  0.612920  0.603445  0.572115  0.424370  0.149165  0.532821  0.463398  0.447955  0.116638  0.440642  0.382918  0.408891  0.356375  0.414834  0.420458  0.177323  0.108965  0.198647  0.102293  0.504643  0.106871  0.485990  0.442222  0.426636  0.107076  0.128237 0.0  0.122318  0.102606  0.100647  0.093635  0.095589  0.093095  0.097521  0.103724  0.109316  0.171958  0.470706  0.150162  0.428012  0.510420  0.165186  0.151093  0.094309  0.486485  0.183780  0.458457  0.413811  0.570691  0.141955  0.128175  0.420632  0.447814  0.370007  0.094382  0.413756  0.449737 
32  0.435927  0.421333  0.394850  0.493684  0.171748  0.617133  0.578002  0.686406  0.415794  0.148440  0.516809  0.539844  0.458659  0.150584  0.399687  0.421464  0.395326  0.401767  0.365316  0.342107  0.175461  0.128018  0.215834  0.131932  0.501591  0.107576  0.442278  0.509822  0.440811  0.095637  0.142966  0.122318 0.0  0.124527  0.103843  0.109320  0.109632  0.105943  0.123646  0.114588  0.129594  0.191338  0.440213  0.178078  0.441040  0.513686  0.173865  0.144887  0.120132  0.478700  0.183511  0.427852  0.396303  0.499113  0.143724  0.144847  0.505773  0.476389  0.397041  0.116643  0.379468  0.460907 
33  0.363532  0.447277  0.438217  0.501949  0.149313  0.638587  0.697073  0.669762  0.391544  0.144741  0.485147  0.528936  0.477738  0.121721  0.463999  0.364462  0.392852  0.396713  0.445262  0.420839  0.162665  0.094465  0.172633  0.092444  0.457975  0.097174  0.505485  0.439542  0.475379  0.120593  0.114100  0.102606  0.124527 0.0  0.114360  0.109103  0.093543  0.103304  0.087563  0.094768  0.092879  0.167488  0.421429  0.122436  0.493112  0.619599  0.142965  0.125486  0.091687  0.488492  0.151328  0.449350  0.415320  0.511510  0.126494  0.108168  0.486583  0.471868  0.332230  0.092334  0.509294  0.445484 
34  0.406940  0.415091  0.394371  0.543744  0.187282  0.584886  0.668076  0.689817  0.413187  0.139783  0.539663  0.545971  0.418828  0.133659  0.350630  0.461339  0.324770  0.443079  0.459984  0.419908  0.168632  0.113071  0.209325  0.120046  0.461170  0.108547  0.456122  0.493951  0.398053  0.094911  0.141638  0.100647  0.103843  0.114360 0.0  0.091890  0.100652  0.093804  0.110405  0.102990  0.126918  0.162059  0.537724  0.145023  0.433078  0.472147  0.182811  0.150341  0.100651  0.466632  0.179517  0.436245  0.420814  0.527996  0.140793  0.139701  0.417941  0.427179  0.326930  0.104485  0.381895  0.441947 
35  0.390022  0.513867  0.391279  0.476240  0.163070  0.577176  0.616731  0.608668  0.383142  0.135938  0.538829  0.612606  0.521553  0.122017  0.359885  0.440555  0.464497  0.471161  0.365393  0.411252  0.174224  0.108009  0.223726  0.113972  0.521847  0.107700  0.420688  0.549081  0.415400  0.100045  0.131690  0.093635  0.109320  0.109103  0.091890 0.0  0.102406  0.092442  0.105363  0.103677  0.119347  0.172099  0.488906  0.153831  0.427090  0.528255  0.175382  0.151440  0.102386  0.451947  0.198208  0.400355  0.383439  0.623044  0.144778  0.128186  0.419172  0.398445  0.379506  0.102648  0.414242  0.421296 
36  0.418297  0.429739  0.446059  0.617223  0.147093  0.498954  0.564010  0.563908  0.402910  0.150838  0.518580  0.506570  0.518165  0.128254  0.392976  0.461842  0.435996  0.363206  0.461279  0.363455  0.155458  0.094324  0.183002  0.098176  0.508645  0.091332  0.450688  0.464195  0.435464  0.101926  0.125626  0.095589  0.109632  0.093543  0.100652  0.102406 0.0  0.096179  0.093272  0.089539  0.100918  0.159947  0.552654  0.130891  0.511090  0.503447  0.149298  0.131620  0.086036  0.454777  0.158941  0.443039  0.371859  0.516903  0.125130  0.119668  0.420453  0.432466  0.324765  0.085043  0.422770  0.411687 
37  0.401346  0.425321  0.411243  0.493585  0.153915  0.622854  0.575968  0.616062  0.385860  0.143618  0.441130  0.577252  0.488290  0.123742  0.436379  0.436969  0.445121  0.365306  0.426903  0.403686  0.158770  0.106488  0.193657  0.108623  0.537553  0.101252  0.480626  0.419390  0.404341  0.097320  0.131433  0.093095  0.105943  0.103304  0.093804  0.092442  0.096179 0.0  0.100410  0.096251  0.111796  0.170206  0.509431  0.145336  0.433875  0.517131  0.182510  0.157120  0.096868  0.495092  0.181716  0.424708  0.405721  0.614631  0.140757  0.130986  0.437048  0.439801  0.385558  0.096419  0.388725  0.440004 
38  0.475573  0.462836  0.397530  0.555813  0.147290  0.513647  0.591341  0.682284  0.465402  0.160317  0.450642  0.539138  0.523395  0.119401  0.465760  0.442731  0.392964  0.456909  0.380279  0.398265  0.155234  0.101837  0.164894  0.088622  0.471679  0.096688  0.490843  0.418077  0.455357  0.115502  0.116254  0.097521  0.123646  0.087563  0.110405  0.105363  0.093272  0.100410 0.0  0.099911  0.092885  0.166559  0.456848  0.120718  0.487181  0.540341  0.148120  0.132433  0.091538  0.500797  0.161092  0.439556  0.411638  0.572719  0.124235  0.110866  0.447414  0.453183  0.303742  0.091288  0.447058  0.425875 
39  0.474790  0.466094  0.403285  0.523874  0.151843  0.665023  0.632447  0.609686  0.425253  0.152543  0.464481  0.564445  0.457522  0.135822  0.423324  0.444431  0.465755  0.417770  0.438034  0.421953  0.147951  0.092173  0.207583  0.104258  0.481308  0.086376  0.476786  0.462956  0.397071  0.101656  0.114315  0.103724  0.114588  0.094768  0.102990  0.103677  0.089539  0.096251  0.099911 0.0  0.098820  0.161092  0.532734  0.134465  0.448339  0.566272  0.158437  0.133657  0.091116  0.468585  0.165217  0.435873  0.382003  0.603018  0.123434  0.113717  0.406674  0.451618  0.354941  0.090010  0.418771  0.409563 
40  0.440050  0.472444  0.418294  0.536202  0.135054  0.631575  0.711256  0.609856  0.439336  0.159783  0.538847  0.535990  0.485840  0.127451  0.457703  0.476976  0.370201  0.382539  0.439767  0.394878  0.130281  0.094366  0.162419  0.098645  0.540735  0.099485  0.523770  0.546840  0.461885  0.121205  0.106358  0.109316  0.129594  0.092879  0.126918  0.119347  0.100918  0.111796  0.092885  0.098820 0.0  0.154249  0.611866  0.119319  0.586003  0.562663  0.141166  0.117769  0.096239  0.553771  0.161043  0.444660  0.393186  0.644121  0.113065  0.098352  0.404227  0.552604  0.320924  0.101237  0.477278  0.460205 
41  0.438929  0.518544  0.554645  0.648776  0.092417  0.735283  0.695023  0.595400  0.496864  0.244205  0.575846  0.574838  0.584230  0.194570  0.524042  0.448906  0.537783  0.478221  0.511406  0.453089  0.101395  0.153540  0.131080  0.151399  0.512079  0.155148  0.518705  0.432646  0.454919  0.181778  0.132550  0.171958  0.191338  0.167488  0.162059  0.172099  0.159947  0.170206  0.166559  0.161092  0.154249 0.0  0.471184  0.132716  0.579277  0.557839  0.106225  0.109792  0.157036  0.540706  0.090468  0.449420  0.444278  0.620202  0.120491  0.131288  0.501910  0.536082  0.325057  0.173645  0.531095  0.456219 
42  0.459918  0.148182  0.407400  0.212875  0.626937  0.301725  0.256834  0.222236  0.282451  0.428651  0.684144  0.642311  0.567209  0.468949  0.420149  0.182195  0.496177  0.450802  0.440083  0.499935  0.614998  0.485876  0.596062  0.496651  0.087847  0.416557  0.564748  0.432563  0.400523  0.442573  0.556051  0.470706  0.440213  0.421429  0.537724  0.488906  0.552654  0.509431  0.456848  0.532734  0.611866  0.471184 0.0  0.542673  0.431834  0.557986  0.535223  0.591275  0.490428  0.422677  0.578203  0.452864  0.458708  0.496104  0.555924  0.522555  0.319157  0.343561  0.614865  0.476636  0.428594  0.449748 
43  0.500418  0.479689  0.466863  0.519778  0.129817  0.738358  0.687489  0.633712  0.458658  0.188392  0.481682  0.492994  0.479653  0.141253  0.503456  0.485154  0.445770  0.413174  0.458258  0.469686  0.131671  0.129718  0.134105  0.125998  0.469117  0.128316  0.509175  0.391750  0.588616  0.140400  0.116602  0.150162  0.178078  0.122436  0.145023  0.153831  0.130891  0.145336  0.120718  0.134465  0.119319  0.132716  0.542673 0.0  0.558508  0.570605  0.108202  0.122627  0.133688  0.516690  0.132797  0.544277  0.472785  0.599053  0.111370  0.106813  0.408784  0.484059  0.267055  0.140610  0.485766  0.488704 
44  0.166342  0.435093  0.140899  0.336524  0.572284  0.364236  0.381337  0.407826  0.234549  0.373116  0.873886  0.793955  0.317133  0.488068  0.145409  0.374884  0.187213  0.166070  0.156963  0.177506  0.495191  0.490101  0.553513  0.430641  0.397056  0.493473  0.275718  0.754499  0.184547  0.432909  0.557619  0.428012  0.441040  0.493112  0.433078  0.427090  0.511090  0.433875  0.487181  0.448339  0.586003  0.579277  0.431834  0.558508 0.0  0.304041  0.537755  0.514935  0.509392  0.127514  0.702367  0.150105  0.142108  0.200904  0.597590  0.552325  0.203863  0.161388  0.661487  0.420920  0.153701  0.180857 
45  0.221359  0.637012  0.287459  0.627026  0.558037  0.470923  0.543661  0.480247  0.451329  0.453289  0.884914  1.000000  0.141654  0.590417  0.249255  0.537742  0.203885  0.245327  0.190162  0.265386  0.481722  0.580160  0.605361  0.536516  0.725923  0.511713  0.146652  0.863367  0.312669  0.526947  0.517387  0.510420  0.513686  0.619599  0.472147  0.528255  0.503447  0.517131  0.540341  0.566272  0.562663  0.557839  0.557986  0.570605  0.304041 0.0  0.680667  0.507339  0.481364  0.324246  0.626895  0.225212  0.258467  0.193492  0.592816  0.610060  0.413097  0.317528  0.838949  0.492891  0.195809  0.215951 
46  0.573371  0.567443  0.482999  0.584436  0.109093  0.700947  0.721202  0.632581  0.500448  0.203581  0.514233  0.464745  0.497807  0.169061  0.511693  0.493777  0.545159  0.511409  0.490802  0.444141  0.124047  0.143533  0.119563  0.151421  0.597156  0.151989  0.547313  0.499103  0.526890  0.172244  0.132748  0.165186  0.173865  0.142965  0.182811  0.175382  0.149298  0.182510  0.148120  0.158437  0.141166  0.106225  0.535223  0.108202  0.537755  0.680667 0.0  0.116364  0.135353  0.609973  0.114966  0.597779  0.507848  0.521475  0.116967  0.119861  0.466995  0.455131  0.272727  0.160188  0.535653  0.473496 
47  0.420593  0.484013  0.587327  0.516822  0.104462  0.637774  0.694820  0.652232  0.454995  0.180306  0.443638  0.449605  0.592783  0.156880  0.453995  0.427071  0.490073  0.391575  0.491578  0.422701  0.104913  0.121848  0.162191  0.137438  0.605405  0.122301  0.468301  0.512879  0.545446  0.148648  0.100651  0.151093  0.144887  0.125486  0.150341  0.151440  0.131620  0.157120  0.132433  0.133657  0.117769  0.109792  0.591275  0.122627  0.514935  0.507339  0.116364 0.0  0.131765  0.546682  0.114850  0.527920  0.484585  0.543315  0.087158  0.107435  0.495650  0.518801  0.327814  0.136735  0.457508  0.436393 
48  0.448625  0.407494  0.519688  0.554016  0.145564  0.617256  0.586585  0.597769  0.429057  0.172390  0.444929  0.463888  0.499189  0.125432  0.470700  0.420377  0.428557  0.419707  0.431188  0.428129  0.152464  0.098325  0.200009  0.094240  0.514786  0.094003  0.486455  0.502399  0.379307  0.108709  0.111521  0.094309  0.120132  0.091687  0.100651  0.102386  0.086036  0.096868  0.091538  0.091116  0.096239  0.157036  0.490428  0.133688  0.509392  0.481364  0.135353  0.131765 0.0  0.491589  0.168530  0.456613  0.381714  0.620141  0.128068  0.114693  0.512609  0.448586  0.330368  0.084057  0.428069  0.463255 
49  0.215124  0.372697  0.143413  0.268132  0.569123  0.324390  0.373438  0.400119  0.233335  0.431525  0.683810  0.822242  0.369920  0.401007  0.162549  0.328695  0.233020  0.198415  0.196681  0.184269  0.521971  0.441755  0.655767  0.392168  0.420497  0.463400  0.311427  0.750488  0.142003  0.521275  0.568119  0.486485  0.478700  0.488492  0.466632  0.451947  0.454777  0.495092  0.500797  0.468585  0.553771  0.540706  0.422677  0.516690  0.127514  0.324246  0.609973  0.546682  0.491589 0.0  0.571720  0.187515  0.149231  0.207252  0.466312  0.486929  0.178276  0.151826  0.610922  0.522625  0.167291  0.204735 
50  0.532297  0.545921  0.479236  0.730077  0.094091  0.717879  0.616877  0.717277  0.486915  0.230326  0.533991  0.500835  0.541513  0.190199  0.404437  0.448963  0.471214  0.547796  0.463562  0.455226  0.098779  0.147485  0.125290  0.173864  0.556311  0.152826  0.472012  0.406554  0.507532  0.193321  0.140796  0.183780  0.183511  0.151328  0.179517  0.198208  0.158941  0.181716  0.161092  0.165217  0.161043  0.090468  0.578203  0.132797  0.702367  0.626895  0.114966  0.114850  0.168530  0.571720 0.0  0.554424  0.625228  0.658941  0.124404  0.145817  0.538258  0.503334  0.315576  0.162867  0.525479  0.475720 
51  0.112846  0.465955  0.127937  0.364459  0.535719  0.402962  0.402625  0.425542  0.262937  0.389321  0.659841  0.856194  0.266678  0.542434  0.100062  0.408392  0.128353  0.118107  0.100183  0.122864  0.515406  0.490048  0.525709  0.442326  0.445662  0.438597  0.239382  0.778694  0.195096  0.455946  0.422536  0.458457  0.427852  0.449350  0.436245  0.400355  0.443039  0.424708  0.439556  0.435873  0.444660  0.449420  0.452864  0.544277  0.150105  0.225212  0.597779  0.527920  0.456613  0.187515  0.554424 0.0  0.106444  0.197750  0.514508  0.457148  0.223895  0.180272  0.736676  0.446565  0.094598  0.102791 
52  0.148962  0.428680  0.109425  0.342710  0.445047  0.351256  0.393429  0.496270  0.230980  0.425984  0.706881  0.840502  0.322598  0.407538  0.093412  0.362631  0.141439  0.131963  0.115355  0.122186  0.580228  0.470913  0.511934  0.437633  0.507807  0.466266  0.265014  0.802502  0.155422  0.402983  0.449239  0.413811  0.396303  0.415320  0.420814  0.383439  0.371859  0.405721  0.411638  0.382003  0.393186  0.444278  0.458708  0.472785  0.142108  0.258467  0.507848  0.484585  0.381714  0.149231  0.625228  0.106444 0.0  0.205130  0.499513  0.448313  0.218802  0.172495  0.626708  0.381474  0.105723  0.126589 
53  0.217945  0.516741  0.228051  0.345264  0.550162  0.410007  0.540723  0.468853  0.357996  0.432413  0.944473  0.779719  0.302434  0.553284  0.205733  0.418540  0.220173  0.237720  0.215646  0.255979  0.627105  0.575136  0.686036  0.565668  0.507697  0.523327  0.268191  0.953467  0.282770  0.513578  0.582335  0.570691  0.499113  0.511510  0.527996  0.623044  0.516903  0.614631  0.572719  0.603018  0.644121  0.620202  0.496104  0.599053  0.200904  0.193492  0.521475  0.543315  0.620141  0.207252  0.658941  0.197750  0.205130 0.0  0.591144  0.573154  0.334432  0.266150  0.841101  0.616452  0.206907  0.215635 
54  0.507994  0.534936  0.538426  0.607295  0.107751  0.680816  0.685232  0.569706  0.483184  0.199552  0.554453  0.540392  0.442060  0.161394  0.527548  0.492700  0.442386  0.454235  0.496770  0.435369  0.116460  0.112370  0.151298  0.132557  0.551860  0.120433  0.521459  0.443145  0.427354  0.129151  0.093770  0.141955  0.143724  0.126494  0.140793  0.144778  0.125130  0.140757  0.124235  0.123434  0.113065  0.120491  0.555924  0.111370  0.597590  0.592816  0.116967  0.087158  0.128068  0.466312  0.124404  0.514508  0.499513  0.591144 0.0  0.103748  0.515038  0.531238  0.322352  0.126472  0.510144  0.461133 
55  0.475846  0.436236  0.459604  0.599697  0.125232  0.669841  0.697050  0.576457  0.425858  0.179197  0.452065  0.457946  0.605861  0.140486  0.474323  0.429130  0.515932  0.484320  0.481627  0.466806  0.123133  0.107352  0.156548  0.113416  0.526997  0.115664  0.523329  0.427655  0.500654  0.135338  0.098575  0.128175  0.144847  0.108168  0.139701  0.128186  0.119668  0.130986  0.110866  0.113717  0.098352  0.131288  0.522555  0.106813  0.552325  0.610060  0.119861  0.107435  0.114693  0.486929  0.145817  0.457148  0.448313  0.573154  0.103748 0.0  0.477753  0.436349  0.332476  0.114921  0.501388  0.485387 
56  0.252737  0.297836  0.194099  0.226749  0.527577  0.278693  0.296640  0.327843  0.128507  0.341009  0.758471  0.676841  0.489386  0.441867  0.199884  0.256763  0.232437  0.247700  0.246944  0.236261  0.524299  0.458212  0.546254  0.443857  0.353939  0.429716  0.398982  0.622026  0.142320  0.397058  0.497790  0.420632  0.505773  0.486583  0.417941  0.419172  0.420453  0.437048  0.447414  0.406674  0.404227  0.501910  0.319157  0.408784  0.203863  0.413097  0.466995  0.495650  0.512609  0.178276  0.538258  0.223895  0.218802  0.334432  0.515038  0.477753 0.0  0.112360  0.685491  0.384338  0.235857  0.252777 
57  0.228207  0.341852  0.146516  0.204528  0.535971  0.288666  0.318761  0.327697  0.133705  0.409362  0.744264  0.630555  0.409962  0.455421  0.178747  0.261451  0.233933  0.229567  0.203421  0.194239  0.507573  0.441408  0.528880  0.476365  0.317792  0.414033  0.358877  0.634640  0.114684  0.454084  0.465600  0.447814  0.476389  0.471868  0.427179  0.398445  0.432466  0.439801  0.453183  0.451618  0.552604  0.536082  0.343561  0.484059  0.161388  0.317528  0.455131  0.518801  0.448586  0.151826  0.503334  0.180272  0.172495  0.266150  0.531238  0.436349  0.112360 0.0  0.680257  0.484679  0.185686  0.229343 
58  0.679897  0.549923  0.619893  0.676823  0.331269  0.848348  0.779965  0.789512  0.593286  0.396772  0.276320  0.379209  0.782960  0.315376  0.571507  0.512659  0.733571  0.717106  0.564536  0.684231  0.326849  0.369390  0.283330  0.375071  0.580384  0.373761  0.745352  0.326810  0.612608  0.369952  0.316676  0.370007  0.397041  0.332230  0.326930  0.379506  0.324765  0.385558  0.303742  0.354941  0.320924  0.325057  0.614865  0.267055  0.661487  0.838949  0.272727  0.327814  0.330368  0.610922  0.315576  0.736676  0.626708  0.841101  0.322352  0.332476  0.685491  0.680257 0.0  0.403683  0.633022  0.724905 
59  0.425871  0.437007  0.433360  0.593431  0.165585  0.604739  0.585395  0.540152  0.404579  0.151763  0.513829  0.474853  0.499921  0.121704  0.447869  0.412355  0.479216  0.464072  0.463844  0.451326  0.147876  0.095479  0.172500  0.098954  0.543278  0.092983  0.493150  0.514649  0.455525  0.104848  0.118556  0.094382  0.116643  0.092334  0.104485  0.102648  0.085043  0.096419  0.091288  0.090010  0.101237  0.173645  0.476636  0.140610  0.420920  0.492891  0.160188  0.136735  0.084057  0.522625  0.162867  0.446565  0.381474  0.616452  0.126472  0.114921  0.384338  0.484679  0.403683 0.0  0.464294  0.440596 
60  0.113663  0.388268  0.132120  0.318629  0.477945  0.426570  0.453971  0.435947  0.257254  0.355439  0.705419  0.792926  0.264327  0.396925  0.101435  0.389113  0.124602  0.106971  0.091773  0.115753  0.480913  0.417908  0.465960  0.441748  0.422067  0.450859  0.256946  0.718443  0.169811  0.468212  0.451104  0.413756  0.379468  0.509294  0.381895  0.414242  0.422770  0.388725  0.447058  0.418771  0.477278  0.531095  0.428594  0.485766  0.153701  0.195809  0.535653  0.457508  0.428069  0.167291  0.525479  0.094598  0.105723  0.206907  0.510144  0.501388  0.235857  0.185686  0.633022  0.464294 0.0  0.098706 
61  0.098484  0.471262  0.142704  0.343731  0.531327  0.417544  0.466246  0.500489  0.293693  0.386743  0.784271  0.856976  0.250771  0.425087  0.115264  0.385594  0.104676  0.100244  0.095566  0.112657  0.495520  0.483435  0.561192  0.464840  0.494265  0.417593  0.233968  0.789411  0.186188  0.416395  0.511999  0.449737  0.460907  0.445484  0.441947  0.421296  0.411687  0.440004  0.425875  0.409563  0.460205  0.456219  0.449748  0.488704  0.180857  0.215951  0.473496  0.436393  0.463255  0.204735  0.475720  0.102791  0.126589  0.215635  0.461133  0.485387  0.252777  0.229343  0.724905  0.440596  0.098706 0.0 
