62
0 0.0  0.482992  0.159862  0.407239  0.453049  0.375916  0.447019  0.539996  0.260768  0.325206  0.913125  0.641303  0.224290  0.458592  0.136742  0.364144  0.085973  0.096714  0.097533  0.115382  0.468978  0.412203  0.606569  0.445473  0.455186  0.476606  0.201243  0.705460  0.207694  0.441584  0.455480  0.436860  0.402209  0.404846  0.367192  0.421320  0.486462  0.450103  0.429705  0.382977  0.480296  0.460922  0.495921  0.468671  0.182395  0.219841  0.465677  0.469285  0.437575  0.191905  0.494813  0.109504  0.143390  0.196265  0.478055  0.473349  0.262829  0.215898  0.639999  0.484334  0.107459  0.092300 
1  0.482992 0.0  0.428135  0.264485  0.438195  0.322690  0.298608  0.231451  0.286204  0.336579  0.500682  0.556980  0.668702  0.434929  0.372502  0.137035  0.442366  0.396670  0.423738  0.444044  0.515272  0.494546  0.561102  0.448573  0.131828  0.440126  0.554180  0.353087  0.336958  0.406878  0.412541  0.351302  0.467507  0.465031  0.436192  0.453259  0.500763  0.481727  0.426492  0.465326  0.468980  0.506232  0.138371  0.443816  0.436671  0.585206  0.469043  0.503301  0.442440  0.400531  0.524776  0.475975  0.449122  0.453790  0.483047  0.483842  0.284593  0.332462  0.629782  0.436702  0.435080  0.420186 
2  0.159862  0.428135 0.0  0.314041  0.467653  0.408129  0.421042  0.390990  0.179969  0.391015  0.871382  0.748304  0.303842  0.405274  0.103669  0.322572  0.150269  0.141561  0.127054  0.143774  0.452881  0.424201  0.479300  0.386345  0.368397  0.479355  0.304665  0.695255  0.115951  0.431063  0.470066  0.421915  0.437843  0.452394  0.501152  0.478668  0.356112  0.417434  0.433771  0.458023  0.478903  0.572377  0.450788  0.505528  0.144820  0.271926  0.495408  0.464523  0.390159  0.146191  0.550816  0.125252  0.101884  0.215452  0.485333  0.417397  0.174797  0.148187  0.652491  0.430462  0.133117  0.145154 
3  0.407239  0.264485  0.314041 0.0  0.662485  0.165250  0.189220  0.200652  0.195640  0.449156  0.687097  0.729749  0.504311  0.542424  0.370866  0.201976  0.355124  0.367272  0.386422  0.325443  0.568883  0.544415  0.564015  0.573088  0.229706  0.487665  0.519432  0.546347  0.285464  0.443585  0.475898  0.469109  0.462722  0.571523  0.547971  0.547759  0.514894  0.503665  0.523057  0.553529  0.524149  0.588460  0.194548  0.577145  0.339308  0.506669  0.662310  0.603188  0.473563  0.251107  0.594717  0.375617  0.339600  0.363142  0.533779  0.538206  0.202080  0.240000  0.618688  0.557108  0.325088  0.340092 
4  0.453049  0.438195  0.467653  0.662485 0.0  0.694490  0.659765  0.580391  0.466169  0.217620  0.525929  0.471753  0.501668  0.180590  0.567445  0.504646  0.485489  0.546096  0.513430  0.459894  0.090678  0.137328  0.123142  0.158734  0.614589  0.152877  0.475708  0.475895  0.488399  0.155632  0.117385  0.148955  0.168298  0.146639  0.174154  0.182463  0.145031  0.166322  0.149789  0.140997  0.133582  0.088183  0.588997  0.124250  0.577194  0.620041  0.096970  0.103845  0.150766  0.608195  0.090393  0.501590  0.475023  0.575740  0.104665  0.130593  0.513328  0.498806  0.297073  0.148909  0.479942  0.472698 
5  0.375916  0.322690  0.408129  0.165250  0.694490 0.0  0.146586  0.219548  0.305732  0.506850  0.793758  0.840739  0.595782  0.599989  0.384429  0.303720  0.408986  0.438861  0.400356  0.430628  0.780952  0.569888  0.694453  0.640859  0.270893  0.730144  0.636460  0.697521  0.270013  0.597376  0.613261  0.653464  0.644745  0.651286  0.626654  0.608212  0.697172  0.553815  0.623819  0.650991  0.669615  0.626047  0.254143  0.634597  0.360062  0.563585  0.678249  0.623839  0.591961  0.325348  0.713087  0.428686  0.410516  0.445446  0.598421  0.811753  0.273178  0.331444  0.820183  0.699915  0.360568  0.434165 
6  0.447019  0.298608  0.421042  0.189220  0.659765  0.146586 0.0  0.143978  0.319221  0.432168  0.666880  0.697734  0.546636  0.574944  0.426172  0.309519  0.489913  0.520335  0.479576  0.436827  0.746064  0.629306  0.703446  0.594771  0.271010  0.645647  0.522999  0.591872  0.373527  0.584217  0.662843  0.491251  0.599712  0.692761  0.631474  0.626483  0.712261  0.615091  0.698345  0.526894  0.503719  0.727244  0.236826  0.659437  0.364881  0.553980  0.640117  0.731533  0.685490  0.349475  0.737687  0.469302  0.453583  0.435630  0.683678  0.667806  0.328850  0.319645  0.819770  0.618386  0.421179  0.400581 
7  0.539996  0.231451  0.390990  0.200652  0.580391  0.219548  0.143978 0.0  0.301321  0.567561  0.742109  0.678346  0.632879  0.593833  0.477717  0.249070  0.592216  0.510002  0.424965  0.502747  0.638725  0.740138  0.654700  0.534913  0.214536  0.672030  0.677992  0.575567  0.378318  0.547201  0.620926  0.583224  0.621320  0.655544  0.624029  0.620081  0.536796  0.653620  0.568813  0.622368  0.637410  0.631211  0.190530  0.653515  0.475707  0.617939  0.663128  0.705581  0.625664  0.432598  0.673840  0.471538  0.522512  0.574171  0.647790  0.802600  0.364304  0.400721  0.699006  0.648254  0.554770  0.461137 
8  0.260768  0.286204  0.179969  0.195640  0.466169  0.305732  0.319221  0.301321 0.0  0.390332  0.496938  0.648432  0.435687  0.380549  0.227943  0.196551  0.261183  0.282378  0.232724  0.239651  0.475571  0.475958  0.560225  0.430226  0.293437  0.416875  0.429623  0.569953  0.145244  0.412956  0.485794  0.436410  0.454290  0.386409  0.388696  0.463373  0.379822  0.409533  0.374279  0.473072  0.426714  0.557669  0.272698  0.448935  0.247075  0.397451  0.517994  0.491604  0.396229  0.205382  0.575683  0.242365  0.242793  0.342270  0.433402  0.466661  0.112166  0.146453  0.595190  0.443386  0.223334  0.269708 
9  0.325206  0.336579  0.391015  0.449156  0.217620  0.506850  0.432168  0.567561  0.390332 0.0  0.493827  0.525508  0.484784  0.152026  0.360040  0.350236  0.319012  0.354277  0.339581  0.306987  0.201440  0.166509  0.223168  0.160098  0.411523  0.140518  0.387851  0.461171  0.329199  0.136304  0.171932  0.131803  0.139775  0.149012  0.142408  0.134751  0.150193  0.135926  0.144919  0.154263  0.168639  0.221209  0.560139  0.193723  0.426302  0.422884  0.206426  0.222744  0.131171  0.432371  0.227024  0.478047  0.329776  0.532943  0.194552  0.180294  0.365379  0.412161  0.403710  0.157907  0.385092  0.371233 
10  0.913125  0.500682  0.871382  0.687097  0.525929  0.793758  0.666880  0.742109  0.496938  0.493827 0.0  0.105431  0.999621  0.543994  0.703276  0.570182  0.726900  0.790581  0.859843  0.673878  0.554496  0.524058  0.419502  0.507759  0.619074  0.477886  0.838505  0.204548  0.683061  0.537029  0.481330  0.604898  0.538583  0.502140  0.480980  0.505478  0.485048  0.495919  0.451365  0.472513  0.385684  0.489579  0.632250  0.515130  0.899615  0.881610  0.456476  0.520806  0.496933  0.733173  0.519986  0.707965  0.718745  0.851748  0.518642  0.438847  0.724823  0.811112  0.283895  0.490561  0.778939  0.728195 
11  0.641303  0.556980  0.748304  0.729749  0.471753  0.840739  0.697734  0.678346  0.648432  0.525508  0.105431 0.0  0.968239  0.482662  0.736264  0.611899  0.812315  0.789617  0.869282  0.727989  0.454364  0.498615  0.423551  0.473891  0.627686  0.450097  0.865441  0.202208  0.769834  0.574247  0.494794  0.500311  0.631049  0.507989  0.524545  0.545817  0.456063  0.437233  0.456219  0.483079  0.476417  0.523661  0.514085  0.501915  0.784026  0.903251  0.489005  0.531387  0.457781  0.787427  0.491911  0.738353  0.880126  1.000000  0.631448  0.518375  0.642326  0.722800  0.281886  0.496533  0.802645  0.790401 
12  0.224290  0.668702  0.303842  0.504311  0.501668  0.595782  0.546636  0.632879  0.435687  0.484784  0.999621  0.968239 0.0  0.540836  0.265014  0.498592  0.248054  0.260589  0.262013  0.294097  0.591990  0.518362  0.544989  0.455294  0.672931  0.541380  0.102753  0.870236  0.355972  0.469922  0.520751  0.531635  0.426800  0.452461  0.469886  0.440071  0.523797  0.509749  0.454290  0.524061  0.523048  0.502515  0.595511  0.529231  0.333479  0.145889  0.631406  0.477478  0.445103  0.349333  0.623538  0.255133  0.256404  0.241184  0.475109  0.426110  0.375599  0.373719  0.779613  0.516122  0.278313  0.229958 
13  0.458592  0.434929  0.405274  0.542424  0.180590  0.599989  0.574944  0.593833  0.380549  0.152026  0.543994  0.482662  0.540836 0.0  0.478162  0.407601  0.428632  0.342480  0.435062  0.373255  0.188551  0.121981  0.203202  0.106619  0.462749  0.125010  0.486943  0.435682  0.422759  0.135678  0.137287  0.101338  0.150443  0.113047  0.120810  0.112575  0.117185  0.116606  0.109330  0.124500  0.117085  0.189501  0.445019  0.129271  0.450956  0.477403  0.178657  0.153540  0.107652  0.472918  0.185562  0.483350  0.470385  0.499171  0.146295  0.134606  0.425589  0.406887  0.336492  0.115935  0.388181  0.458957 
14  0.136742  0.372502  0.103669  0.370866  0.567445  0.384429  0.426172  0.477717  0.227943  0.360040  0.703276  0.736264  0.265014  0.478162 0.0  0.367338  0.133001  0.115887  0.101688  0.105462  0.518263  0.439482  0.496472  0.512732  0.443328  0.455787  0.255689  0.732527  0.145230  0.490752  0.445234  0.501335  0.358623  0.521286  0.371731  0.433226  0.457555  0.417758  0.453601  0.414982  0.431558  0.503288  0.444043  0.463308  0.140606  0.293599  0.480749  0.502685  0.474413  0.172662  0.527286  0.101804  0.088654  0.214523  0.463117  0.533070  0.217993  0.185846  0.832082  0.491637  0.100008  0.106315 
15  0.364144  0.137035  0.322572  0.201976  0.504646  0.303720  0.309519  0.249070  0.196551  0.350236  0.570182  0.611899  0.498592  0.407601  0.367338 0.0  0.427183  0.360493  0.373695  0.330163  0.521481  0.452431  0.494517  0.465741  0.155393  0.384829  0.521888  0.406076  0.272186  0.447280  0.407807  0.409021  0.460567  0.362665  0.421788  0.382790  0.407259  0.428849  0.383503  0.466047  0.373369  0.491361  0.178870  0.477958  0.301226  0.606329  0.492604  0.508488  0.405099  0.331812  0.495546  0.421283  0.314655  0.555653  0.489549  0.437887  0.254593  0.239969  0.677568  0.368116  0.349602  0.392626 
16  0.085973  0.442366  0.150269  0.355124  0.485489  0.408986  0.489913  0.592216  0.261183  0.319012  0.726900  0.812315  0.248054  0.428632  0.133001  0.427183 0.0  0.099692  0.109077  0.113737  0.438440  0.416098  0.529468  0.448733  0.492177  0.453199  0.221803  0.638591  0.194166  0.416938  0.448362  0.393061  0.381174  0.498468  0.469585  0.437784  0.444463  0.359611  0.478110  0.388016  0.458705  0.426898  0.495067  0.439453  0.192623  0.213956  0.547349  0.428737  0.554973  0.224761  0.473232  0.118283  0.148385  0.204333  0.455791  0.454271  0.228010  0.234233  0.684731  0.406652  0.116723  0.101305 
17  0.096714  0.396670  0.141561  0.367272  0.546096  0.438861  0.520335  0.510002  0.282378  0.354277  0.790581  0.789617  0.260589  0.342480  0.115887  0.360493  0.099692 0.0  0.093220  0.091916  0.453160  0.452557  0.613421  0.445860  0.453991  0.425629  0.227776  0.698605  0.166633  0.366814  0.411423  0.414033  0.411617  0.453322  0.452253  0.403748  0.443255  0.447166  0.386057  0.371853  0.459091  0.514310  0.451831  0.451600  0.171867  0.255747  0.484100  0.544912  0.476475  0.219141  0.515580  0.112484  0.121839  0.212657  0.472951  0.449896  0.248064  0.219422  0.555997  0.444035  0.105616  0.097065 
18  0.097533  0.423738  0.127054  0.386422  0.513430  0.400356  0.479576  0.424965  0.232724  0.339581  0.859843  0.869282  0.262013  0.435062  0.101688  0.373695  0.109077  0.093220 0.0  0.098497  0.467349  0.441269  0.489184  0.416268  0.438743  0.366201  0.257000  0.751600  0.172791  0.456199  0.495427  0.439814  0.427365  0.463712  0.414436  0.473119  0.412955  0.424755  0.403571  0.373742  0.356306  0.455114  0.464823  0.491443  0.156555  0.231408  0.456488  0.465710  0.367240  0.199956  0.526428  0.098685  0.115286  0.218541  0.483341  0.492157  0.234223  0.210153  0.611630  0.401368  0.085078  0.088187 
19  0.115382  0.444044  0.143774  0.325443  0.459894  0.430628  0.436827  0.502747  0.239651  0.306987  0.673878  0.727989  0.294097  0.373255  0.105462  0.330163  0.113737  0.091916  0.098497 0.0  0.513210  0.415510  0.533428  0.424464  0.452689  0.426288  0.247673  0.747197  0.163431  0.358940  0.449214  0.400666  0.388048  0.433714  0.361572  0.369178  0.423971  0.386421  0.387164  0.412573  0.387790  0.428923  0.491255  0.476280  0.180720  0.238010  0.467529  0.403868  0.379171  0.186778  0.417420  0.119081  0.127631  0.212876  0.424880  0.471056  0.229216  0.209401  0.635083  0.418483  0.107347  0.104626 
20  0.468978  0.515272  0.452881  0.568883  0.090678  0.780952  0.746064  0.638725  0.475571  0.201440  0.554496  0.454364  0.591990  0.188551  0.518263  0.521481  0.438440  0.453160  0.467349  0.513210 0.0  0.128798  0.144766  0.141497  0.650751  0.131105  0.494654  0.562002  0.519958  0.156779  0.113253  0.169014  0.161920  0.126270  0.174853  0.166646  0.138989  0.156868  0.136281  0.142442  0.140013  0.095697  0.528757  0.134732  0.534358  0.567708  0.112589  0.098561  0.157819  0.535814  0.095485  0.557957  0.537001  0.573018  0.110376  0.126304  0.448963  0.518634  0.339365  0.140884  0.478891  0.546829 
21  0.412203  0.494546  0.424201  0.544415  0.137328  0.569888  0.629306  0.740138  0.475958  0.166509  0.524058  0.498615  0.518362  0.121981  0.439482  0.452431  0.416098  0.452557  0.441269  0.415510  0.128798 0.0  0.192237  0.102006  0.508235  0.083851  0.481118  0.495894  0.497925  0.099787  0.099104  0.107154  0.110115  0.091345  0.114466  0.108037  0.088078  0.101611  0.094028  0.086117  0.089857  0.141736  0.514743  0.122242  0.455634  0.521909  0.140176  0.110201  0.090854  0.470624  0.152340  0.436109  0.476203  0.565136  0.112301  0.101434  0.430445  0.495161  0.353505  0.089728  0.421293  0.507765 
22  0.606569  0.561102  0.479300  0.564015  0.123142  0.694453  0.703446  0.654700  0.560225  0.223168  0.419502  0.423551  0.544989  0.203202  0.496472  0.494517  0.529468  0.613421  0.489184  0.533428  0.144766  0.192237 0.0  0.179390  0.529218  0.191820  0.608361  0.436362  0.557790  0.218220  0.172396  0.200116  0.226281  0.163706  0.201902  0.216323  0.195728  0.191461  0.188663  0.179977  0.167903  0.122753  0.527691  0.130949  0.560401  0.607603  0.111650  0.146914  0.195564  0.549660  0.126860  0.507225  0.577632  0.708207  0.144995  0.170865  0.552061  0.604788  0.260009  0.197724  0.492525  0.448778 
23  0.445473  0.448573  0.386345  0.573088  0.158734  0.640859  0.594771  0.534913  0.430226  0.160098  0.507759  0.473891  0.455294  0.106619  0.512732  0.465741  0.448733  0.445860  0.416268  0.424464  0.141497  0.102006  0.179390 0.0  0.418386  0.097474  0.523272  0.474440  0.397593  0.112819  0.121966  0.097061  0.133175  0.086874  0.116078  0.104056  0.095321  0.102907  0.083466  0.101456  0.096098  0.170688  0.494514  0.117220  0.464844  0.527026  0.144788  0.128266  0.091612  0.457889  0.177479  0.496380  0.426330  0.599460  0.126561  0.110342  0.436353  0.397327  0.388019  0.095846  0.463969  0.388660 
24  0.455186  0.131828  0.368397  0.229706  0.614589  0.270893  0.271010  0.214536  0.293437  0.411523  0.619074  0.627686  0.672931  0.462749  0.443328  0.155393  0.492177  0.453991  0.438743  0.452689  0.650751  0.508235  0.529218  0.418386 0.0  0.502938  0.650849  0.470598  0.318008  0.536509  0.531512  0.539655  0.526220  0.494986  0.448374  0.493847  0.472017  0.463154  0.490466  0.530324  0.511623  0.580314  0.082148  0.558452  0.450355  0.573742  0.556401  0.536192  0.512131  0.363000  0.611091  0.485129  0.353974  0.484596  0.485814  0.592726  0.338534  0.356573  0.609959  0.474368  0.454594  0.488171 
25  0.476606  0.440126  0.479355  0.487665  0.152877  0.730144  0.645647  0.672030  0.416875  0.140518  0.477886  0.450097  0.541380  0.125010  0.455787  0.384829  0.453199  0.425629  0.366201  0.426288  0.131105  0.083851  0.191820  0.097474  0.502938 0.0  0.496975  0.509963  0.337823  0.097958  0.106411  0.098907  0.104771  0.091285  0.100619  0.106157  0.086187  0.092039  0.096010  0.080881  0.094628  0.147110  0.503086  0.124538  0.487846  0.596546  0.159389  0.116114  0.087343  0.563765  0.163760  0.518291  0.463035  0.538508  0.111642  0.107603  0.501462  0.428819  0.360450  0.088379  0.483081  0.393317 
26  0.201243  0.554180  0.304665  0.519432  0.475708  0.636460  0.522999  0.677992  0.429623  0.387851  0.838505  0.865441  0.102753  0.486943  0.255689  0.521888  0.221803  0.227776  0.257000  0.247673  0.494654  0.481118  0.608361  0.523272  0.650849  0.496975 0.0  0.887007  0.321941  0.452283  0.476340  0.512028  0.441475  0.451618  0.429360  0.389273  0.448108  0.452767  0.540683  0.435424  0.494475  0.440529  0.633778  0.495378  0.306366  0.147770  0.545291  0.537076  0.486746  0.338133  0.461930  0.243283  0.244064  0.250281  0.442709  0.509013  0.402025  0.376768  0.718174  0.505441  0.241100  0.245522 
27  0.705460  0.353087  0.695255  0.546347  0.475895  0.697521  0.591872  0.575567  0.569953  0.461171  0.204548  0.202208  0.870236  0.435682  0.732527  0.406076  0.638591  0.698605  0.751600  0.747197  0.562002  0.495894  0.436362  0.474440  0.470598  0.509963  0.887007 0.0  0.703188  0.466118  0.540702  0.443122  0.498057  0.397626  0.490981  0.406387  0.555773  0.572465  0.499952  0.485680  0.422056  0.468232  0.390149  0.376292  0.866628  0.854261  0.392780  0.500520  0.451376  0.686043  0.457632  0.670529  0.756977  0.794243  0.557177  0.481101  0.526777  0.706552  0.333222  0.503821  0.601613  0.728782 
28  0.207694  0.336958  0.115951  0.285464  0.488399  0.270013  0.373527  0.378318  0.145244  0.329199  0.683061  0.769834  0.355972  0.422759  0.145230  0.272186  0.194166  0.166633  0.172791  0.163431  0.519958  0.497925  0.557790  0.397593  0.318008  0.337823  0.321941  0.703188 0.0  0.445816  0.464804  0.435551  0.417542  0.451764  0.369128  0.327604  0.414090  0.332871  0.467568  0.441769  0.465645  0.416218  0.358566  0.484697  0.160576  0.346938  0.486617  0.447732  0.455860  0.147251  0.502411  0.165751  0.130998  0.291769  0.407089  0.433167  0.138901  0.109008  0.663736  0.392325  0.165605  0.171091 
29  0.441584  0.406878  0.431063  0.443585  0.155632  0.597376  0.584217  0.547201  0.412956  0.136304  0.537029  0.574247  0.469922  0.135678  0.490752  0.447280  0.416938  0.366814  0.456199  0.358940  0.156779  0.099787  0.218220  0.112819  0.536509  0.097958  0.452283  0.466118  0.445816 0.0  0.130315  0.106133  0.089927  0.110258  0.089984  0.093673  0.098343  0.092710  0.108207  0.099357  0.107850  0.163177  0.466598  0.155474  0.495848  0.453237  0.166569  0.125333  0.099560  0.449885  0.182383  0.395392  0.407351  0.596146  0.131230  0.128361  0.461514  0.393377  0.364413  0.098817  0.471993  0.425893 
30  0.455480  0.412541  0.470066  0.475898  0.117385  0.613261  0.662843  0.620926  0.485794  0.171932  0.481330  0.494794  0.520751  0.137287  0.445234  0.407807  0.448362  0.411423  0.495427  0.449214  0.113253  0.099104  0.172396  0.121966  0.531512  0.106411  0.476340  0.540702  0.464804  0.130315 0.0  0.128890  0.128492  0.106601  0.124959  0.137779  0.113265  0.123843  0.116982  0.102601  0.099477  0.117008  0.497016  0.112941  0.518307  0.567665  0.127691  0.094581  0.111575  0.409644  0.122307  0.531533  0.471151  0.532977  0.087983  0.094451  0.467846  0.480945  0.378027  0.115855  0.526448  0.525094 
31  0.436860  0.351302  0.421915  0.469109  0.148955  0.653464  0.491251  0.583224  0.436410  0.131803  0.604898  0.500311  0.531635  0.101338  0.501335  0.409021  0.393061  0.414033  0.439814  0.400666  0.169014  0.107154  0.200116  0.097061  0.539655  0.098907  0.512028  0.443122  0.435551  0.106133  0.128890 0.0  0.114288  0.098079  0.100261  0.088483  0.091516  0.087894  0.093310  0.098614  0.106203  0.168712  0.448106  0.130410  0.526417  0.482201  0.171632  0.122921  0.091861  0.453853  0.173845  0.446490  0.403516  0.533846  0.133457  0.118313  0.483947  0.485172  0.330199  0.091061  0.475503  0.487666 
32  0.402209  0.467507  0.437843  0.462722  0.168298  0.644745  0.599712  0.621320  0.454290  0.139775  0.538583  0.631049  0.426800  0.150443  0.358623  0.460567  0.381174  0.411617  0.427365  0.388048  0.161920  0.110115  0.226281  0.133175  0.526220  0.104771  0.441475  0.498057  0.417542  0.089927  0.128492  0.114288 0.0  0.123128  0.099446  0.107547  0.114903  0.099702  0.122418  0.111784  0.124008  0.172401  0.512832  0.158130  0.470275  0.342337  0.175023  0.143031  0.117359  0.457099  0.161268  0.426867  0.434181  0.598554  0.133741  0.143911  0.438838  0.384138  0.409437  0.112234  0.418329  0.401508 
33  0.404846  0.465031  0.452394  0.571523  0.146639  0.651286  0.692761  0.655544  0.386409  0.149012  0.502140  0.507989  0.452461  0.113047  0.521286  0.362665  0.498468  0.453322  0.463712  0.433714  0.126270  0.091345  0.163706  0.086874  0.494986  0.091285  0.451618  0.397626  0.451764  0.110258  0.106601  0.098079  0.123128 0.0  0.104177  0.107554  0.087389  0.100021  0.081461  0.090295  0.087882  0.154451  0.518806  0.115573  0.508907  0.544533  0.137936  0.116956  0.086085  0.509028  0.149030  0.497481  0.437546  0.563036  0.113281  0.103764  0.467140  0.457527  0.319027  0.086056  0.460995  0.405319 
34  0.367192  0.436192  0.501152  0.547971  0.174154  0.626654  0.631474  0.624029  0.388696  0.142408  0.480980  0.524545  0.469886  0.120810  0.371731  0.421788  0.469585  0.452253  0.414436  0.361572  0.174853  0.114466  0.201902  0.116078  0.448374  0.100619  0.429360  0.490981  0.369128  0.089984  0.124959  0.100261  0.099446  0.104177 0.0  0.085645  0.099617  0.086858  0.111194  0.098166  0.121504  0.190257  0.596074  0.152418  0.401998  0.517983  0.157981  0.146674  0.100436  0.530623  0.160704  0.432923  0.415642  0.520734  0.138055  0.127329  0.476666  0.419978  0.368264  0.099276  0.406808  0.427812 
35  0.421320  0.453259  0.478668  0.547759  0.182463  0.608212  0.626483  0.620081  0.463373  0.134751  0.505478  0.545817  0.440071  0.112575  0.433226  0.382790  0.437784  0.403748  0.473119  0.369178  0.166646  0.108037  0.216323  0.104056  0.493847  0.106157  0.389273  0.406387  0.327604  0.093673  0.137779  0.088483  0.107547  0.107554  0.085645 0.0  0.094430  0.085785  0.103666  0.100931  0.113840  0.176313  0.466548  0.149461  0.461415  0.498432  0.165735  0.141981  0.096658  0.420232  0.181741  0.440276  0.388938  0.527929  0.145759  0.129638  0.397694  0.460903  0.416112  0.095462  0.382408  0.431978 
36  0.486462  0.500763  0.356112  0.514894  0.145031  0.697172  0.712261  0.536796  0.379822  0.150193  0.485048  0.456063  0.523797  0.117185  0.457555  0.407259  0.444463  0.443255  0.412955  0.423971  0.138989  0.088078  0.195728  0.095321  0.472017  0.086187  0.448108  0.555773  0.414090  0.098343  0.113265  0.091516  0.114903  0.087389  0.099617  0.094430 0.0  0.089002  0.090852  0.083172  0.092058  0.147582  0.554851  0.118676  0.485847  0.469070  0.148663  0.126511  0.080427  0.530817  0.172303  0.414630  0.355943  0.579803  0.124851  0.113431  0.441153  0.456331  0.406735  0.079565  0.435923  0.429929 
37  0.450103  0.481727  0.417434  0.503665  0.166322  0.553815  0.615091  0.653620  0.409533  0.135926  0.495919  0.437233  0.509749  0.116606  0.417758  0.428849  0.359611  0.447166  0.424755  0.386421  0.156868  0.101611  0.191461  0.102907  0.463154  0.092039  0.452767  0.572465  0.332871  0.092710  0.123843  0.087894  0.099702  0.100021  0.086858  0.085785  0.089002 0.0  0.097036  0.092182  0.110572  0.162156  0.481750  0.136651  0.522123  0.497402  0.151294  0.157119  0.090727  0.477167  0.189992  0.452990  0.461372  0.465112  0.133634  0.127913  0.416658  0.433520  0.411701  0.089090  0.399786  0.493018 
38  0.429705  0.426492  0.433771  0.523057  0.149789  0.623819  0.698345  0.568813  0.374279  0.144919  0.451365  0.456219  0.454290  0.109330  0.453601  0.383503  0.478110  0.386057  0.403571  0.387164  0.136281  0.094028  0.188663  0.083466  0.490466  0.096010  0.540683  0.499952  0.467568  0.108207  0.116982  0.093310  0.122418  0.081461  0.111194  0.103666  0.090852  0.097036 0.0  0.092530  0.090055  0.156218  0.514211  0.118534  0.567764  0.560512  0.139172  0.126718  0.086528  0.410777  0.147152  0.442964  0.382981  0.546604  0.121150  0.105531  0.453002  0.421794  0.321277  0.087693  0.485912  0.484617 
39  0.382977  0.465326  0.458023  0.553529  0.140997  0.650991  0.526894  0.622368  0.473072  0.154263  0.472513  0.483079  0.524061  0.124500  0.414982  0.466047  0.388016  0.371853  0.373742  0.412573  0.142442  0.086117  0.179977  0.101456  0.530324  0.080881  0.435424  0.485680  0.441769  0.099357  0.102601  0.098614  0.111784  0.090295  0.098166  0.100931  0.083172  0.092182  0.092530 0.0  0.093452  0.161459  0.424852  0.135030  0.399181  0.525793  0.159482  0.126317  0.085706  0.553820  0.142542  0.495345  0.447069  0.504725  0.123312  0.110605  0.518090  0.377741  0.355557  0.084707  0.350153  0.411510 
40  0.480296  0.468980  0.478903  0.524149  0.133582  0.669615  0.503719  0.637410  0.426714  0.168639  0.385684  0.476417  0.523048  0.117085  0.431558  0.373369  0.458705  0.459091  0.356306  0.387790  0.140013  0.089857  0.167903  0.096098  0.511623  0.094628  0.494475  0.422056  0.465645  0.107850  0.099477  0.106203  0.124008  0.087882  0.121504  0.113840  0.092058  0.110572  0.090055  0.093452 0.0  0.151853  0.476988  0.114808  0.513792  0.486629  0.142237  0.117184  0.096171  0.548082  0.142493  0.509082  0.471673  0.567407  0.110401  0.092904  0.464432  0.488494  0.327568  0.092233  0.371313  0.424504 
41  0.460922  0.506232  0.572377  0.588460  0.088183  0.626047  0.727244  0.631211  0.557669  0.221209  0.489579  0.523661  0.502515  0.189501  0.503288  0.491361  0.426898  0.514310  0.455114  0.428923  0.095697  0.141736  0.122753  0.170688  0.580314  0.147110  0.440529  0.468232  0.416218  0.163177  0.117008  0.168712  0.172401  0.154451  0.190257  0.176313  0.147582  0.162156  0.156218  0.161459  0.151853 0.0  0.590598  0.126767  0.636962  0.527587  0.099635  0.104460  0.150116  0.542753  0.085595  0.653607  0.523434  0.643777  0.117642  0.127872  0.466987  0.577989  0.290025  0.160022  0.502678  0.518108 
42  0.495921  0.138371  0.450788  0.194548  0.588997  0.254143  0.236826  0.190530  0.272698  0.560139  0.632250  0.514085  0.595511  0.445019  0.444043  0.178870  0.495067  0.451831  0.464823  0.491255  0.528757  0.514743  0.527691  0.494514  0.082148  0.503086  0.633778  0.390149  0.358566  0.466598  0.497016  0.448106  0.512832  0.518806  0.596074  0.466548  0.554851  0.481750  0.514211  0.424852  0.476988  0.590598 0.0  0.515934  0.483354  0.581823  0.459100  0.590070  0.471091  0.448203  0.572374  0.457428  0.443467  0.551850  0.613582  0.538922  0.335193  0.344034  0.508343  0.591281  0.528306  0.421974 
43  0.468671  0.443816  0.505528  0.577145  0.124250  0.634597  0.659437  0.653515  0.448935  0.193723  0.515130  0.501915  0.529231  0.129271  0.463308  0.477958  0.439453  0.451600  0.491443  0.476280  0.134732  0.122242  0.130949  0.117220  0.558452  0.124538  0.495378  0.376292  0.484697  0.155474  0.112941  0.130410  0.158130  0.115573  0.152418  0.149461  0.118676  0.136651  0.118534  0.135030  0.114808  0.126767  0.515934 0.0  0.575539  0.546409  0.102213  0.119525  0.126786  0.558570  0.137495  0.458586  0.517297  0.598677  0.113018  0.099463  0.499999  0.483753  0.279971  0.128273  0.434548  0.399633 
44  0.182395  0.436671  0.144820  0.339308  0.577194  0.360062  0.364881  0.475707  0.247075  0.426302  0.899615  0.784026  0.333479  0.450956  0.140606  0.301226  0.192623  0.171867  0.156555  0.180720  0.534358  0.455634  0.560401  0.464844  0.450355  0.487846  0.306366  0.866628  0.160576  0.495848  0.518307  0.526417  0.470275  0.508907  0.401998  0.461415  0.485847  0.522123  0.567764  0.399181  0.513792  0.636962  0.483354  0.575539 0.0  0.268140  0.624667  0.558261  0.540225  0.128824  0.653884  0.141483  0.134606  0.183534  0.570745  0.530591  0.188628  0.172990  0.792304  0.445308  0.151303  0.165224 
45  0.219841  0.585206  0.271926  0.506669  0.620041  0.563585  0.553980  0.617939  0.397451  0.422884  0.881610  0.903251  0.145889  0.477403  0.293599  0.606329  0.213956  0.255747  0.231408  0.238010  0.567708  0.521909  0.607603  0.527026  0.573742  0.596546  0.147770  0.854261  0.346938  0.453237  0.567665  0.482201  0.342337  0.544533  0.517983  0.498432  0.469070  0.497402  0.560512  0.525793  0.486629  0.527587  0.581823  0.546409  0.268140 0.0  0.521158  0.599175  0.516106  0.337952  0.562181  0.242824  0.289553  0.202410  0.537665  0.637710  0.352216  0.377111  0.815394  0.544147  0.222283  0.244736 
46  0.465677  0.469043  0.495408  0.662310  0.096970  0.678249  0.640117  0.663128  0.517994  0.206426  0.456476  0.489005  0.631406  0.178657  0.480749  0.492604  0.547349  0.484100  0.456488  0.467529  0.112589  0.140176  0.111650  0.144788  0.556401  0.159389  0.545291  0.392780  0.486617  0.166569  0.127691  0.171632  0.175023  0.137936  0.157981  0.165735  0.148663  0.151294  0.139172  0.159482  0.142237  0.099635  0.459100  0.102213  0.624667  0.521158 0.0  0.110103  0.150710  0.564418  0.108801  0.489367  0.513719  0.619834  0.115669  0.118735  0.494921  0.524389  0.277382  0.144672  0.475027  0.411874 
47  0.469285  0.503301  0.464523  0.603188  0.103845  0.623839  0.731533  0.705581  0.491604  0.222744  0.520806  0.531387  0.477478  0.153540  0.502685  0.508488  0.428737  0.544912  0.465710  0.403868  0.098561  0.110201  0.146914  0.128266  0.536192  0.116114  0.537076  0.500520  0.447732  0.125333  0.094581  0.122921  0.143031  0.116956  0.146674  0.141981  0.126511  0.157119  0.126718  0.126317  0.117184  0.104460  0.590070  0.119525  0.558261  0.599175  0.110103 0.0  0.129255  0.553329  0.114481  0.508489  0.449142  0.583279  0.083360  0.100332  0.505074  0.485201  0.301486  0.124435  0.449735  0.452892 
48  0.437575  0.442440  0.390159  0.473563  0.150766  0.591961  0.685490  0.625664  0.396229  0.131171  0.496933  0.457781  0.445103  0.107652  0.474413  0.405099  0.554973  0.476475  0.367240  0.379171  0.157819  0.090854  0.195564  0.091612  0.512131  0.087343  0.486746  0.451376  0.455860  0.099560  0.111575  0.091861  0.117359  0.086085  0.100436  0.096658  0.080427  0.090727  0.086528  0.085706  0.096171  0.150116  0.471091  0.126786  0.540225  0.516106  0.150710  0.129255 0.0  0.443628  0.150621  0.430539  0.551009  0.501622  0.125752  0.118312  0.467232  0.506420  0.319605  0.078544  0.409064  0.427586 
49  0.191905  0.400531  0.146191  0.251107  0.608195  0.325348  0.349475  0.432598  0.205382  0.432371  0.733173  0.787427  0.349333  0.472918  0.172662  0.331812  0.224761  0.219141  0.199956  0.186778  0.535814  0.470624  0.549660  0.457889  0.363000  0.563765  0.338133  0.686043  0.147251  0.449885  0.409644  0.453853  0.457099  0.509028  0.530623  0.420232  0.530817  0.477167  0.410777  0.553820  0.548082  0.542753  0.448203  0.558570  0.128824  0.337952  0.564418  0.553329  0.443628 0.0  0.517231  0.165716  0.155129  0.247975  0.560088  0.502130  0.166175  0.144828  0.692912  0.482438  0.170948  0.183652 
50  0.494813  0.524776  0.550816  0.594717  0.090393  0.713087  0.737687  0.673840  0.575683  0.227024  0.519986  0.491911  0.623538  0.185562  0.527286  0.495546  0.473232  0.515580  0.526428  0.417420  0.095485  0.152340  0.126860  0.177479  0.611091  0.163760  0.461930  0.457632  0.502411  0.182383  0.122307  0.173845  0.161268  0.149030  0.160704  0.181741  0.172303  0.189992  0.147152  0.142542  0.142493  0.085595  0.572374  0.137495  0.653884  0.562181  0.108801  0.114481  0.150621  0.517231 0.0  0.444420  0.521750  0.648665  0.121694  0.128815  0.589623  0.508771  0.333672  0.156645  0.413086  0.505953 
51  0.109504  0.475975  0.125252  0.375617  0.501590  0.428686  0.469302  0.471538  0.242365  0.478047  0.707965  0.738353  0.255133  0.483350  0.101804  0.421283  0.118283  0.112484  0.098685  0.119081  0.557957  0.436109  0.507225  0.496380  0.485129  0.518291  0.243283  0.670529  0.165751  0.395392  0.531533  0.446490  0.426867  0.497481  0.432923  0.440276  0.414630  0.452990  0.442964  0.495345  0.509082  0.653607  0.457428  0.458586  0.141483  0.242824  0.489367  0.508489  0.430539  0.165716  0.444420 0.0  0.101857  0.198395  0.500964  0.458744  0.216341  0.173414  0.780403  0.422503  0.088443  0.097091 
52  0.143390  0.449122  0.101884  0.339600  0.475023  0.410516  0.453583  0.522512  0.242793  0.329776  0.718745  0.880126  0.256404  0.470385  0.088654  0.314655  0.148385  0.121839  0.115286  0.127631  0.537001  0.476203  0.577632  0.426330  0.353974  0.463035  0.244064  0.756977  0.130998  0.407351  0.471151  0.403516  0.434181  0.437546  0.415642  0.388938  0.355943  0.461372  0.382981  0.447069  0.471673  0.523434  0.443467  0.517297  0.134606  0.289553  0.513719  0.449142  0.551009  0.155129  0.521750  0.101857 0.0  0.200693  0.445716  0.466118  0.201321  0.177370  0.680428  0.473942  0.101511  0.121849 
53  0.196265  0.453790  0.215452  0.363142  0.575740  0.445446  0.435630  0.574171  0.342270  0.532943  0.851748  1.000000  0.241184  0.499171  0.214523  0.555653  0.204333  0.212657  0.218541  0.212876  0.573018  0.565136  0.708207  0.599460  0.484596  0.538508  0.250281  0.794243  0.291769  0.596146  0.532977  0.533846  0.598554  0.563036  0.520734  0.527929  0.579803  0.465112  0.546604  0.504725  0.567407  0.643777  0.551850  0.598677  0.183534  0.202410  0.619834  0.583279  0.501622  0.247975  0.648665  0.198395  0.200693 0.0  0.620461  0.556447  0.270185  0.266653  0.641853  0.564188  0.216092  0.188977 
54  0.478055  0.483047  0.485333  0.533779  0.104665  0.598421  0.683678  0.647790  0.433402  0.194552  0.518642  0.631448  0.475109  0.146295  0.463117  0.489549  0.455791  0.472951  0.483341  0.424880  0.110376  0.112301  0.144995  0.126561  0.485814  0.111642  0.442709  0.557177  0.407089  0.131230  0.087983  0.133457  0.133741  0.113281  0.138055  0.145759  0.124851  0.133634  0.121150  0.123312  0.110401  0.117642  0.613582  0.113018  0.570745  0.537665  0.115669  0.083360  0.125752  0.560088  0.121694  0.500964  0.445716  0.620461 0.0  0.097636  0.360670  0.447499  0.356579  0.132015  0.540231  0.429892 
55  0.473349  0.483842  0.417397  0.538206  0.130593  0.811753  0.667806  0.802600  0.466661  0.180294  0.438847  0.518375  0.426110  0.134606  0.533070  0.437887  0.454271  0.449896  0.492157  0.471056  0.126304  0.101434  0.170865  0.110342  0.592726  0.107603  0.509013  0.481101  0.433167  0.128361  0.094451  0.118313  0.143911  0.103764  0.127329  0.129638  0.113431  0.127913  0.105531  0.110605  0.092904  0.127872  0.538922  0.099463  0.530591  0.637710  0.118735  0.100332  0.118312  0.502130  0.128815  0.458744  0.466118  0.556447  0.097636 0.0  0.451539  0.377822  0.291496  0.117681  0.452188  0.427271 
56  0.262829  0.284593  0.174797  0.202080  0.513328  0.273178  0.328850  0.364304  0.112166  0.365379  0.724823  0.642326  0.375599  0.425589  0.217993  0.254593  0.228010  0.248064  0.234223  0.229216  0.448963  0.430445  0.552061  0.436353  0.338534  0.501462  0.402025  0.526777  0.138901  0.461514  0.467846  0.483947  0.438838  0.467140  0.476666  0.397694  0.441153  0.416658  0.453002  0.518090  0.464432  0.466987  0.335193  0.499999  0.188628  0.352216  0.494921  0.505074  0.467232  0.166175  0.589623  0.216341  0.201321  0.270185  0.360670  0.451539 0.0  0.111672  0.628969  0.519535  0.225444  0.240484 
57  0.215898  0.332462  0.148187  0.240000  0.498806  0.331444  0.319645  0.400721  0.146453  0.412161  0.811112  0.722800  0.373719  0.406887  0.185846  0.239969  0.234233  0.219422  0.210153  0.209401  0.518634  0.495161  0.604788  0.397327  0.356573  0.428819  0.376768  0.706552  0.109008  0.393377  0.480945  0.485172  0.384138  0.457527  0.419978  0.460903  0.456331  0.433520  0.421794  0.377741  0.488494  0.577989  0.344034  0.483753  0.172990  0.377111  0.524389  0.485201  0.506420  0.144828  0.508771  0.173414  0.177370  0.266653  0.447499  0.377822  0.111672 0.0  0.716495  0.457873  0.187629  0.210007 
58  0.639999  0.629782  0.652491  0.618688  0.297073  0.820183  0.819770  0.699006  0.595190  0.403710  0.283895  0.281886  0.779613  0.336492  0.832082  0.677568  0.684731  0.555997  0.611630  0.635083  0.339365  0.353505  0.260009  0.388019  0.609959  0.360450  0.718174  0.333222  0.663736  0.364413  0.378027  0.330199  0.409437  0.319027  0.368264  0.416112  0.406735  0.411701  0.321277  0.355557  0.327568  0.290025  0.508343  0.279971  0.792304  0.815394  0.277382  0.301486  0.319605  0.692912  0.333672  0.780403  0.680428  0.641853  0.356579  0.291496  0.628969  0.716495 0.0  0.374549  0.715519  0.767911 
59  0.484334  0.436702  0.430462  0.557108  0.148909  0.699915  0.618386  0.648254  0.443386  0.157907  0.490561  0.496533  0.516122  0.115935  0.491637  0.368116  0.406652  0.444035  0.401368  0.418483  0.140884  0.089728  0.197724  0.095846  0.474368  0.088379  0.505441  0.503821  0.392325  0.098817  0.115855  0.091061  0.112234  0.086056  0.099276  0.095462  0.079565  0.089090  0.087693  0.084707  0.092233  0.160022  0.591281  0.128273  0.445308  0.544147  0.144672  0.124435  0.078544  0.482438  0.156645  0.422503  0.473942  0.564188  0.132015  0.117681  0.519535  0.457873  0.374549 0.0  0.376100  0.405572 
60  0.107459  0.435080  0.133117  0.325088  0.479942  0.360568  0.421179  0.554770  0.223334  0.385092  0.778939  0.802645  0.278313  0.388181  0.100008  0.349602  0.116723  0.105616  0.085078  0.107347  0.478891  0.421293  0.492525  0.463969  0.454594  0.483081  0.241100  0.601613  0.165605  0.471993  0.526448  0.475503  0.418329  0.460995  0.406808  0.382408  0.435923  0.399786  0.485912  0.350153  0.371313  0.502678  0.528306  0.434548  0.151303  0.222283  0.475027  0.449735  0.409064  0.170948  0.413086  0.088443  0.101511  0.216092  0.540231  0.452188  0.225444  0.187629  0.715519  0.376100 0.0  0.093984 
61  0.092300  0.420186  0.145154  0.340092  0.472698  0.434165  0.400581  0.461137  0.269708  0.371233  0.728195  0.790401  0.229958  0.458957  0.106315  0.392626  0.101305  0.097065  0.088187  0.104626  0.546829  0.507765  0.448778  0.388660  0.488171  0.393317  0.245522  0.728782  0.171091  0.425893  0.525094  0.487666  0.401508  0.405319  0.427812  0.431978  0.429929  0.493018  0.484617  0.411510  0.424504  0.518108  0.421974  0.399633  0.165224  0.244736  0.411874  0.452892  0.427586  0.183652  0.505953  0.097091  0.121849  0.188977  0.429892  0.427271  0.240484  0.210007  0.767911  0.405572  0.093984 0.0 
