98
0 0.0  0.364447  0.390801  0.307906  0.380207  0.356870  0.682348  0.483604  0.495985  0.599793  0.478756  0.427985  0.525285  0.378726  0.551702  0.356506  0.449688  0.789244  0.326654  0.374258  0.249305  0.362729  0.524916  0.882519  0.563334  0.278573  0.270538  0.784588  0.337990  0.498306  0.188717  0.413335  0.550531  0.271713  0.474756  0.308924  0.346318  0.227136  0.359140  0.303312  0.161586  0.277370  0.593126  0.571717  0.377956  0.253642  0.529589  0.551706  0.458960  0.471521  0.478721  0.795705  0.491901  0.422621  0.460003  0.351512  0.379002  0.368902  0.746749  0.481811  0.459650  0.283807  0.526831  0.394877  0.841711  0.354066  0.748682  0.298342  0.252773  0.426847  0.334141  0.632663  0.728371  0.319938  0.314503  0.327756  0.328397  0.450902  0.414590  0.451562  0.261686  0.242711  0.361990  0.337081  0.388668  0.486275  0.297280  0.417817  0.771550  0.299740  0.459379  0.666706  0.212903  0.630341  0.284948  0.465275  0.307476  0.551334 
1  0.364447 0.0  0.409800  0.365230  0.310568  0.231541  0.632969  0.400701  0.622250  0.581197  0.525219  0.456338  0.501707  0.256629  0.521701  0.280665  0.581585  0.776857  0.314248  0.401338  0.420731  0.341874  0.433847  0.782341  0.456025  0.289888  0.371133  0.801235  0.381744  0.482523  0.252123  0.524543  0.623134  0.257095  0.409334  0.344897  0.249598  0.358546  0.411685  0.319158  0.302867  0.331520  0.514084  0.509345  0.263789  0.317565  0.523172  0.563264  0.488492  0.518103  0.560429  0.790437  0.458761  0.329139  0.599345  0.381341  0.420069  0.359178  0.758983  0.496833  0.481628  0.282628  0.488805  0.324160  0.765829  0.325519  0.726029  0.401052  0.282351  0.398664  0.237037  0.592658  0.758500  0.307608  0.381141  0.488973  0.227526  0.472358  0.451964  0.277002  0.228207  0.423045  0.248912  0.390956  0.499973  0.519081  0.469444  0.381205  0.731258  0.438704  0.578726  0.598667  0.269694  0.649773  0.272239  0.471479  0.297912  0.508758 
2  0.390801  0.409800 0.0  0.390844  0.400791  0.307999  0.610000  0.486359  0.499356  0.562727  0.467091  0.436403  0.392446  0.405356  0.461098  0.425904  0.442714  0.833523  0.484258  0.294530  0.426967  0.471273  0.483735  0.763668  0.447844  0.408716  0.407685  0.707048  0.413600  0.532742  0.374359  0.562509  0.513705  0.393561  0.487104  0.425348  0.344789  0.341304  0.366729  0.401895  0.468620  0.421670  0.626065  0.422762  0.433745  0.353065  0.546709  0.493939  0.407630  0.521247  0.376292  0.806451  0.459108  0.446205  0.390067  0.417009  0.398147  0.477413  0.701576  0.471645  0.491078  0.407271  0.480847  0.345356  0.851996  0.402528  0.651786  0.343118  0.387261  0.481577  0.470023  0.642383  0.835733  0.473969  0.295679  0.391625  0.295298  0.455069  0.538954  0.379133  0.483595  0.412777  0.421254  0.457186  0.475470  0.395443  0.429210  0.392941  0.707759  0.379479  0.574679  0.685626  0.392076  0.552739  0.383098  0.420169  0.418629  0.547797 
3  0.307906  0.365230  0.390844 0.0  0.334496  0.353773  0.707775  0.386018  0.594423  0.581057  0.498491  0.536091  0.452309  0.310196  0.486680  0.270487  0.384630  0.794571  0.348408  0.412366  0.344213  0.324767  0.444660  0.832033  0.524744  0.370477  0.362384  0.786645  0.268682  0.469239  0.350263  0.470702  0.526432  0.249226  0.463811  0.384280  0.210582  0.333311  0.502245  0.291282  0.379976  0.441521  0.468143  0.438119  0.258950  0.409397  0.439375  0.522064  0.574890  0.511686  0.496964  0.854342  0.431139  0.388464  0.472051  0.313255  0.395982  0.281856  0.701132  0.567341  0.587072  0.329203  0.459655  0.469496  0.784244  0.298304  0.787423  0.283911  0.387211  0.611842  0.257502  0.708403  0.815005  0.395270  0.191038  0.422398  0.338277  0.436472  0.502810  0.357200  0.421457  0.372246  0.338425  0.299318  0.507977  0.471529  0.386861  0.404489  0.827162  0.246196  0.518490  0.679319  0.403826  0.639303  0.318166  0.459851  0.302418  0.522017 
4  0.380207  0.310568  0.400791  0.334496 0.0  0.252518  0.699344  0.380170  0.453384  0.643475  0.489207  0.390707  0.546763  0.384346  0.471793  0.302781  0.564960  0.787169  0.276104  0.315956  0.349789  0.241286  0.392148  0.803005  0.358788  0.321123  0.375906  0.846074  0.282376  0.515539  0.324592  0.488325  0.474160  0.320694  0.494794  0.380313  0.200387  0.322060  0.386205  0.341722  0.290256  0.322295  0.620084  0.556792  0.246137  0.282152  0.591069  0.473547  0.521568  0.402252  0.499091  0.778914  0.511730  0.443460  0.507241  0.230205  0.356401  0.354971  0.594811  0.615054  0.534491  0.267265  0.534543  0.353963  0.860242  0.301576  0.825838  0.324378  0.275960  0.450658  0.249246  0.614264  0.834888  0.190841  0.388515  0.456603  0.328288  0.486785  0.500343  0.370678  0.326084  0.250854  0.291081  0.279361  0.533780  0.466341  0.510144  0.290392  0.779350  0.376808  0.578454  0.657603  0.311181  0.632864  0.364891  0.435642  0.281168  0.537866 
5  0.356870  0.231541  0.307999  0.353773  0.252518 0.0  0.727125  0.492937  0.512060  0.606547  0.536592  0.398847  0.395689  0.290786  0.549514  0.408274  0.519988  0.736431  0.266552  0.409348  0.373929  0.245992  0.515023  0.853844  0.489951  0.266123  0.378287  0.773774  0.355042  0.503586  0.287064  0.547185  0.471935  0.279044  0.433352  0.322059  0.375055  0.321677  0.334580  0.238307  0.315570  0.309006  0.549652  0.525243  0.429848  0.299667  0.545870  0.499262  0.461701  0.511954  0.489886  0.737181  0.492362  0.464834  0.532522  0.378050  0.358514  0.278231  0.773514  0.699111  0.472783  0.317867  0.480032  0.333056  0.778790  0.320400  0.805605  0.377274  0.256313  0.518677  0.350699  0.572207  0.810921  0.296650  0.343026  0.315192  0.277424  0.431727  0.463665  0.259836  0.312973  0.319325  0.258460  0.351074  0.481627  0.506500  0.389046  0.351150  0.804226  0.283237  0.463188  0.724486  0.331250  0.661113  0.361122  0.477217  0.226996  0.566242 
6  0.682348  0.632969  0.610000  0.707775  0.699344  0.727125 0.0  0.651454  0.636783  0.734221  0.672884  0.710506  0.607572  0.736641  0.627594  0.625303  0.675154  0.645079  0.675238  0.663193  0.674762  0.724063  0.675873  0.614230  0.774408  0.586833  0.640992  0.631308  0.672927  0.695722  0.663546  0.793427  0.709632  0.731325  0.669919  0.706120  0.730843  0.756036  0.679866  0.668932  0.630849  0.645348  0.667845  0.597445  0.586681  0.583377  0.742716  0.780853  0.799179  0.670375  0.712657  0.581120  0.648596  0.740143  0.639607  0.616930  0.686889  0.717151  0.253859  0.639922  0.625039  0.725388  0.697797  0.701647  0.733876  0.684657  0.718666  0.676462  0.740145  0.594373  0.731049  0.621446  0.644351  0.712298  0.632042  0.706985  0.687968  0.623265  0.703105  0.663717  0.664217  0.732988  0.694776  0.683084  0.692340  0.656668  0.713875  0.749173  0.708378  0.683409  0.617853  0.438707  0.599682  0.684901  0.735520  0.620432  0.681043  0.701949 
7  0.483604  0.400701  0.486359  0.386018  0.380170  0.492937  0.651454 0.0  0.468011  0.668802  0.501828  0.314501  0.546263  0.365406  0.428379  0.399222  0.524428  0.786626  0.337203  0.468992  0.448291  0.489556  0.487644  0.869697  0.458144  0.452422  0.480083  0.736278  0.412755  0.512580  0.421982  0.438703  0.481056  0.450049  0.366644  0.406587  0.442207  0.302103  0.377361  0.420307  0.292042  0.403171  0.664416  0.581829  0.359517  0.411817  0.495506  0.459463  0.454335  0.452140  0.583387  0.792274  0.551865  0.361608  0.545664  0.391731  0.312616  0.461187  0.768851  0.494993  0.476198  0.479193  0.497400  0.406197  0.782059  0.318457  0.813572  0.415406  0.427741  0.526313  0.490513  0.706871  0.877941  0.391142  0.460682  0.381091  0.355712  0.406932  0.491514  0.457292  0.424266  0.474422  0.301886  0.399217  0.594731  0.532403  0.365964  0.447398  0.816390  0.411547  0.494549  0.615805  0.511500  0.590863  0.513081  0.515138  0.400056  0.463589 
8  0.495985  0.622250  0.499356  0.594423  0.453384  0.512060  0.636783  0.468011 0.0  0.554522  0.368188  0.509621  0.591346  0.488142  0.359636  0.532533  0.296249  0.826425  0.469064  0.534104  0.547856  0.522709  0.498205  0.723883  0.375064  0.599137  0.601898  0.654186  0.506339  0.485359  0.460588  0.448849  0.424051  0.478892  0.484771  0.516464  0.544742  0.374145  0.410056  0.466222  0.418700  0.482394  0.601505  0.334881  0.478082  0.538392  0.489318  0.529854  0.268135  0.480090  0.469729  0.837780  0.407092  0.410328  0.581068  0.475713  0.290121  0.523598  0.662162  0.355190  0.483004  0.567368  0.306961  0.529958  0.765865  0.449294  0.809409  0.557196  0.535301  0.504763  0.470267  0.650356  0.740682  0.549989  0.415165  0.528559  0.494678  0.458044  0.374285  0.627451  0.486136  0.437060  0.496363  0.483835  0.296787  0.485913  0.511053  0.407738  0.768294  0.418662  0.388059  0.712338  0.496001  0.600538  0.496029  0.455453  0.531787  0.390762 
9  0.599793  0.581197  0.562727  0.581057  0.643475  0.606547  0.734221  0.668802  0.554522 0.0  0.581961  0.444100  0.647389  0.573961  0.722938  0.446654  0.587266  0.859051  0.575113  0.548940  0.625972  0.537373  0.564938  0.789462  0.686126  0.510764  0.572109  0.798338  0.687178  0.670715  0.680253  0.495160  0.552907  0.575688  0.653383  0.566832  0.669342  0.684595  0.626449  0.537917  0.572998  0.596005  0.526946  0.559373  0.508106  0.569736  0.556250  0.633613  0.729766  0.577080  0.626669  0.715489  0.636288  0.628384  0.723141  0.615263  0.459238  0.642470  0.665520  0.616231  0.569062  0.657721  0.634345  0.608698  0.820211  0.555604  0.774335  0.651091  0.653000  0.605156  0.620640  0.408300  0.714452  0.587267  0.613254  0.595490  0.591811  0.696336  0.633142  0.568946  0.653469  0.674412  0.573228  0.606269  0.575669  0.556663  0.586724  0.573396  0.797113  0.652911  0.567873  0.695464  0.716901  0.220479  0.606067  0.599465  0.577868  0.610105 
10  0.478756  0.525219  0.467091  0.498491  0.489207  0.536592  0.672884  0.501828  0.368188  0.581961 0.0  0.457943  0.437066  0.500369  0.241511  0.500054  0.459411  0.771751  0.439182  0.492453  0.516062  0.469578  0.385831  0.827641  0.479262  0.495240  0.593593  0.860042  0.530258  0.264495  0.484687  0.320280  0.339600  0.430353  0.416786  0.462280  0.563273  0.457749  0.491457  0.564249  0.602433  0.549457  0.551893  0.385367  0.423402  0.475245  0.336589  0.487929  0.468683  0.466812  0.354723  0.728028  0.543108  0.386781  0.510338  0.506967  0.384798  0.522342  0.733773  0.424578  0.393596  0.479981  0.366528  0.487738  0.778810  0.525049  0.746272  0.423839  0.489337  0.359248  0.463488  0.608382  0.762306  0.425467  0.492005  0.380375  0.501069  0.301142  0.332216  0.539345  0.484941  0.500876  0.459766  0.512370  0.412712  0.448826  0.447906  0.402670  0.793572  0.484129  0.523426  0.671764  0.554092  0.549618  0.490388  0.511387  0.543407  0.381497 
11  0.427985  0.456338  0.436403  0.536091  0.390707  0.398847  0.710506  0.314501  0.509621  0.444100  0.457943 0.0  0.580748  0.387241  0.523855  0.442360  0.429885  0.821100  0.471070  0.331419  0.344106  0.448797  0.505588  0.684125  0.516230  0.345672  0.293073  0.840521  0.362018  0.502843  0.348219  0.459956  0.412370  0.364700  0.450161  0.378829  0.377244  0.351649  0.366996  0.329210  0.355258  0.420347  0.553467  0.458985  0.357638  0.256199  0.527767  0.439441  0.498322  0.515889  0.495066  0.747062  0.421982  0.392843  0.481832  0.376391  0.393666  0.483364  0.649451  0.561514  0.482955  0.401493  0.553442  0.456857  0.825795  0.460788  0.834541  0.391305  0.428651  0.451722  0.387081  0.557309  0.797462  0.368883  0.391163  0.343313  0.405116  0.537013  0.485857  0.395037  0.421250  0.552399  0.373353  0.328342  0.481113  0.433081  0.338088  0.421984  0.840662  0.428489  0.499793  0.645296  0.328548  0.512010  0.393639  0.411997  0.370207  0.452114 
12  0.525285  0.501707  0.392446  0.452309  0.546763  0.395689  0.607572  0.546263  0.591346  0.647389  0.437066  0.580748 0.0  0.456593  0.502080  0.437592  0.544299  0.813593  0.435305  0.522884  0.431924  0.481374  0.391591  0.805603  0.589296  0.531008  0.529070  0.850995  0.635763  0.496185  0.441795  0.495129  0.433704  0.587998  0.494305  0.598019  0.548839  0.542148  0.558718  0.483423  0.542153  0.516870  0.572490  0.406775  0.462259  0.593788  0.494883  0.278933  0.528330  0.409558  0.536168  0.853662  0.492468  0.585679  0.280827  0.598120  0.363389  0.384414  0.609986  0.511485  0.423877  0.456666  0.496621  0.592853  0.803676  0.575791  0.770331  0.491925  0.478040  0.495982  0.515336  0.589706  0.798643  0.577879  0.516671  0.432210  0.487773  0.544842  0.596738  0.482110  0.464556  0.511368  0.571224  0.498147  0.399763  0.307694  0.551709  0.476188  0.769506  0.513154  0.545303  0.754796  0.499479  0.598312  0.565586  0.350758  0.473922  0.491982 
13  0.378726  0.256629  0.405356  0.310196  0.384346  0.290786  0.736641  0.365406  0.488142  0.573961  0.500369  0.387241  0.456593 0.0  0.492358  0.370518  0.366588  0.849058  0.420339  0.405341  0.416636  0.385279  0.450578  0.786469  0.379159  0.357654  0.382895  0.790539  0.382467  0.433436  0.469013  0.461446  0.558078  0.404876  0.455250  0.331442  0.341641  0.501445  0.352345  0.386050  0.429300  0.388631  0.545180  0.498796  0.403142  0.356820  0.491157  0.560040  0.534448  0.470066  0.495394  0.767591  0.408261  0.371278  0.539641  0.410006  0.368081  0.429174  0.551843  0.510512  0.541979  0.334222  0.535533  0.487108  0.766217  0.429370  0.809813  0.421984  0.394985  0.555749  0.372807  0.670047  0.689940  0.315279  0.286935  0.380234  0.328798  0.502944  0.463277  0.332791  0.382650  0.294395  0.332335  0.316838  0.557688  0.392481  0.338665  0.305698  0.809488  0.402292  0.543403  0.723624  0.391155  0.567867  0.293568  0.443967  0.357945  0.540765 
14  0.551702  0.521701  0.461098  0.486680  0.471793  0.549514  0.627594  0.428379  0.359636  0.722938  0.241511  0.523855  0.502080  0.492358 0.0  0.520067  0.479055  0.820977  0.371508  0.469105  0.493028  0.488180  0.523110  0.824871  0.370642  0.637799  0.466151  0.625558  0.477093  0.244069  0.461234  0.290855  0.313977  0.504528  0.480583  0.545949  0.590168  0.534582  0.361772  0.460388  0.622027  0.499897  0.497433  0.378998  0.575891  0.466193  0.436553  0.484166  0.505090  0.525491  0.337460  0.877632  0.445178  0.443211  0.520425  0.449265  0.332406  0.438262  0.655010  0.404208  0.376200  0.463848  0.413825  0.414726  0.788072  0.657693  0.786949  0.476705  0.518886  0.359154  0.601864  0.533810  0.764415  0.601398  0.563927  0.453872  0.423781  0.397499  0.398957  0.517618  0.478800  0.451142  0.491742  0.475564  0.366619  0.522578  0.359367  0.404843  0.752226  0.368370  0.398970  0.726091  0.522728  0.609890  0.458648  0.477671  0.514928  0.342756 
15  0.356506  0.280665  0.425904  0.270487  0.302781  0.408274  0.625303  0.399222  0.532533  0.446654  0.500054  0.442360  0.437592  0.370518  0.520067 0.0  0.499685  0.699451  0.303761  0.375670  0.318650  0.337645  0.507731  0.802139  0.485161  0.289793  0.188874  0.807621  0.289463  0.409396  0.305403  0.378817  0.470494  0.423751  0.432391  0.346649  0.383549  0.340840  0.414181  0.377629  0.313163  0.258165  0.519751  0.569348  0.349318  0.337434  0.508401  0.407783  0.544618  0.432335  0.427752  0.770479  0.489541  0.450961  0.557751  0.358790  0.406785  0.251240  0.567499  0.552503  0.478283  0.267464  0.557513  0.402292  0.841086  0.282326  0.810140  0.351737  0.348412  0.557570  0.341997  0.696919  0.869296  0.342527  0.333092  0.410449  0.369413  0.396285  0.563528  0.353261  0.430509  0.324626  0.441251  0.338519  0.510315  0.508885  0.355972  0.388093  0.917992  0.282158  0.480622  0.587050  0.235878  0.554078  0.342076  0.474783  0.271589  0.612739 
16  0.449688  0.581585  0.442714  0.384630  0.564960  0.519988  0.675154  0.524428  0.296249  0.587266  0.459411  0.429885  0.544299  0.366588  0.479055  0.499685 0.0  0.774340  0.398351  0.580115  0.504992  0.530299  0.509935  0.767855  0.390714  0.457919  0.550727  0.730895  0.386747  0.375275  0.579046  0.298085  0.348114  0.546004  0.500466  0.516309  0.524072  0.373040  0.494138  0.463520  0.551873  0.480521  0.589033  0.406943  0.451845  0.479645  0.366448  0.529566  0.335770  0.490931  0.429055  0.825590  0.368432  0.469755  0.539748  0.444085  0.371621  0.419389  0.693872  0.343649  0.391665  0.388166  0.318208  0.492750  0.839076  0.400041  0.781418  0.566257  0.553547  0.345103  0.505227  0.610261  0.789469  0.477216  0.519905  0.472247  0.547258  0.368659  0.415383  0.455642  0.591862  0.532727  0.546203  0.557428  0.326228  0.518786  0.398301  0.489216  0.807066  0.442197  0.333008  0.632926  0.524591  0.649573  0.467208  0.460491  0.450314  0.405891 
17  0.789244  0.776857  0.833523  0.794571  0.787169  0.736431  0.645079  0.786626  0.826425  0.859051  0.771751  0.821100  0.813593  0.849058  0.820977  0.699451  0.774340 0.0  0.805451  0.742268  0.759639  0.843709  0.789372  0.530617  0.706349  0.767682  0.829866  0.647830  0.632658  0.730452  0.819966  0.802783  0.738029  0.752921  0.841118  0.810462  0.831950  0.895010  0.774285  0.717827  0.780395  0.732923  0.764297  0.775883  0.708341  0.796829  0.847003  0.749177  0.717273  0.755840  0.772820  0.454161  0.832679  0.761056  0.755947  0.773844  0.756553  0.744117  0.753734  0.815699  0.807438  0.798384  0.804014  0.648280  0.432781  0.812158  0.449063  0.784045  0.842237  0.839815  0.796964  0.806437  0.654017  0.764852  0.811460  0.781688  0.834025  0.865043  0.830437  0.793349  0.811359  0.769407  0.782831  0.741853  0.796555  0.803497  0.705676  0.825437  0.460249  0.807643  0.892033  0.752850  0.804160  0.746618  0.799088  0.765523  0.847194  0.755574 
18  0.326654  0.314248  0.484258  0.348408  0.276104  0.266552  0.675238  0.337203  0.469064  0.575113  0.439182  0.471070  0.435305  0.420339  0.371508  0.303761  0.398351  0.805451 0.0  0.335377  0.296520  0.381412  0.550763  0.820748  0.497397  0.349322  0.314960  0.886309  0.268453  0.523394  0.345897  0.542529  0.523807  0.329454  0.480324  0.306316  0.349474  0.293400  0.418744  0.266716  0.388638  0.377479  0.563585  0.592541  0.251528  0.293025  0.575185  0.517721  0.525494  0.484755  0.490287  0.790794  0.393825  0.410106  0.480209  0.367329  0.398309  0.318568  0.592516  0.443901  0.575999  0.264359  0.500463  0.327288  0.780762  0.299803  0.682990  0.309702  0.302186  0.499462  0.412360  0.609134  0.703180  0.314592  0.317512  0.286963  0.289293  0.528818  0.446536  0.343984  0.228435  0.225692  0.281776  0.297604  0.490941  0.481982  0.430382  0.337952  0.818143  0.333119  0.576764  0.706005  0.339864  0.620108  0.354805  0.479928  0.299525  0.576332 
19  0.374258  0.401338  0.294530  0.412366  0.315956  0.409348  0.663193  0.468992  0.534104  0.548940  0.492453  0.331419  0.522884  0.405341  0.469105  0.375670  0.580115  0.742268  0.335377 0.0  0.356794  0.395611  0.451972  0.764714  0.425357  0.349424  0.398157  0.704994  0.400390  0.510097  0.411191  0.492705  0.463351  0.391535  0.443511  0.417082  0.426444  0.443687  0.276273  0.405185  0.367075  0.403555  0.519067  0.501906  0.435528  0.364862  0.527327  0.431719  0.444203  0.479597  0.498803  0.787945  0.549184  0.332656  0.480883  0.335875  0.404075  0.456329  0.686514  0.470559  0.418986  0.474151  0.491009  0.428067  0.829025  0.391219  0.723774  0.297209  0.441791  0.448030  0.330461  0.592341  0.754190  0.318219  0.425825  0.376630  0.313732  0.461423  0.467604  0.371608  0.370558  0.350249  0.390987  0.323017  0.439664  0.525735  0.369401  0.452083  0.854250  0.476122  0.347407  0.804450  0.341208  0.668724  0.446289  0.441238  0.384695  0.424702 
20  0.249305  0.420731  0.426967  0.344213  0.349789  0.373929  0.674762  0.448291  0.547856  0.625972  0.516062  0.344106  0.431924  0.416636  0.493028  0.318650  0.504992  0.759639  0.296520  0.356794 0.0  0.309274  0.511146  0.814655  0.490410  0.275422  0.267990  0.736554  0.199807  0.523256  0.412648  0.546677  0.390944  0.395985  0.377969  0.347016  0.351628  0.210602  0.460674  0.324991  0.271063  0.354631  0.467875  0.524480  0.396971  0.352509  0.595680  0.463717  0.506903  0.408931  0.548758  0.839351  0.589944  0.381087  0.485039  0.274956  0.473285  0.290305  0.635288  0.550652  0.535858  0.276706  0.488560  0.305054  0.919870  0.334233  0.770692  0.253082  0.248066  0.500796  0.363467  0.549463  0.729104  0.322202  0.322128  0.460856  0.346701  0.491316  0.500835  0.259952  0.381012  0.318324  0.310020  0.312014  0.412873  0.511538  0.429150  0.446276  0.758433  0.350163  0.475915  0.682928  0.367565  0.631122  0.305894  0.495151  0.312247  0.475716 
21  0.362729  0.341874  0.471273  0.324767  0.241286  0.245992  0.724063  0.489556  0.522709  0.537373  0.469578  0.448797  0.481374  0.385279  0.488180  0.337645  0.530299  0.843709  0.381412  0.395611  0.309274 0.0  0.532882  0.841214  0.497294  0.326736  0.356398  0.722572  0.336277  0.415083  0.341480  0.533607  0.447498  0.399215  0.396702  0.320647  0.332498  0.284580  0.427006  0.346408  0.298398  0.354058  0.591262  0.561290  0.415184  0.374365  0.458044  0.501852  0.479551  0.473566  0.402442  0.849088  0.476606  0.364728  0.538608  0.438101  0.378442  0.213665  0.693374  0.429328  0.551615  0.401748  0.488378  0.314899  1.000000  0.327143  0.832439  0.264399  0.342872  0.485174  0.405368  0.599174  0.799932  0.282543  0.327174  0.488215  0.236293  0.512905  0.454650  0.339316  0.317680  0.387412  0.350581  0.431084  0.554538  0.506836  0.390616  0.401189  0.846616  0.388232  0.469791  0.720900  0.415757  0.637336  0.333711  0.522766  0.418129  0.511832 
22  0.524916  0.433847  0.483735  0.444660  0.392148  0.515023  0.675873  0.487644  0.498205  0.564938  0.385831  0.505588  0.391591  0.450578  0.523110  0.507731  0.509935  0.789372  0.550763  0.451972  0.511146  0.532882 0.0  0.830275  0.498071  0.504138  0.479646  0.757385  0.496386  0.540813  0.505376  0.442351  0.425204  0.495126  0.540114  0.512847  0.494293  0.507795  0.408698  0.501514  0.447033  0.497198  0.574217  0.506878  0.467167  0.536285  0.469384  0.339764  0.485719  0.260463  0.465317  0.735068  0.510156  0.392462  0.345947  0.488290  0.434604  0.549334  0.786505  0.560894  0.441081  0.545267  0.354358  0.573070  0.763235  0.371534  0.803897  0.437918  0.539093  0.523208  0.471861  0.617054  0.724034  0.519504  0.501815  0.512390  0.492951  0.486434  0.483677  0.348573  0.463340  0.547188  0.448112  0.380615  0.343043  0.374790  0.401223  0.448457  0.720952  0.453977  0.568124  0.635341  0.568797  0.581624  0.549949  0.452073  0.527255  0.481421 
23  0.882519  0.782341  0.763668  0.832033  0.803005  0.853844  0.614230  0.869697  0.723883  0.789462  0.827641  0.684125  0.805603  0.786469  0.824871  0.802139  0.767855  0.530617  0.820748  0.764714  0.814655  0.841214  0.830275 0.0  0.752023  0.869873  0.804322  0.575514  0.784854  0.700402  0.748642  0.778994  0.711863  0.804935  0.824780  0.860312  0.793728  0.817520  0.763614  0.692632  0.881068  0.823093  0.736329  0.779283  0.749676  0.686903  0.777807  0.807956  0.741024  0.723464  0.868897  0.312188  0.843236  0.833698  0.780011  0.872681  0.646670  0.757347  0.827154  0.786464  0.823680  0.866284  0.803605  0.727279  0.294653  0.883507  0.301559  0.812046  0.769232  0.885326  0.865439  0.763429  0.553155  0.809023  0.763841  0.756967  0.867837  0.762149  0.774566  0.725260  0.765821  0.699058  0.890925  0.814628  0.870400  0.844672  0.738641  0.891769  0.273864  0.808018  0.756094  0.681622  0.762566  0.754552  0.795600  0.759357  0.748953  0.759326 
24  0.563334  0.456025  0.447844  0.524744  0.358788  0.489951  0.774408  0.458144  0.375064  0.686126  0.479262  0.516230  0.589296  0.379159  0.370642  0.485161  0.390714  0.706349  0.497397  0.425357  0.490410  0.497294  0.498071  0.752023 0.0  0.525255  0.501094  0.738634  0.441195  0.400993  0.437292  0.407856  0.428301  0.428435  0.472597  0.400785  0.493716  0.509339  0.396235  0.379469  0.469033  0.555377  0.581860  0.230792  0.518658  0.420248  0.419254  0.548902  0.249892  0.522023  0.414998  0.671248  0.316597  0.451019  0.512451  0.516880  0.411063  0.420941  0.715760  0.330398  0.406193  0.399267  0.298635  0.531546  0.760416  0.523990  0.758503  0.527565  0.456602  0.414065  0.501850  0.495674  0.798993  0.476700  0.499950  0.530675  0.505112  0.463461  0.432056  0.484997  0.468456  0.538503  0.526245  0.610039  0.288039  0.437963  0.510231  0.412328  0.725106  0.494563  0.374985  0.622447  0.467374  0.630048  0.457217  0.466078  0.443675  0.439534 
25  0.278573  0.289888  0.408716  0.370477  0.321123  0.266123  0.586833  0.452422  0.599137  0.510764  0.495240  0.345672  0.531008  0.357654  0.637799  0.289793  0.457919  0.767682  0.349322  0.349424  0.275422  0.326736  0.504138  0.869873  0.525255 0.0  0.321805  0.883723  0.297255  0.506916  0.226667  0.522958  0.586888  0.348820  0.412056  0.249643  0.322214  0.294950  0.322856  0.310094  0.315961  0.334903  0.636651  0.521996  0.375188  0.292484  0.538025  0.500739  0.568142  0.413936  0.554243  0.797394  0.463651  0.334538  0.512383  0.336830  0.269247  0.248045  0.717673  0.506724  0.566239  0.380812  0.524096  0.349079  0.703168  0.268369  0.815248  0.361034  0.254484  0.530586  0.414230  0.674426  0.789761  0.277935  0.334209  0.430678  0.295160  0.566107  0.536357  0.259331  0.184831  0.253604  0.339588  0.447315  0.516051  0.424229  0.468041  0.442024  0.803895  0.370153  0.499266  0.621771  0.245475  0.624361  0.172430  0.560837  0.359388  0.511033 
26  0.270538  0.371133  0.407685  0.362384  0.375906  0.378287  0.640992  0.480083  0.601898  0.572109  0.593593  0.293073  0.529070  0.382895  0.466151  0.188874  0.550727  0.829866  0.314960  0.398157  0.267990  0.356398  0.479646  0.804322  0.501094  0.321805 0.0  0.850975  0.209884  0.486508  0.291435  0.539096  0.604485  0.374530  0.449311  0.302926  0.337786  0.337291  0.275499  0.358061  0.352139  0.192181  0.633771  0.532588  0.320205  0.350077  0.567545  0.473760  0.527638  0.464220  0.598471  0.785425  0.566718  0.377051  0.583975  0.318380  0.388725  0.304509  0.719554  0.618965  0.570494  0.291301  0.505160  0.305898  0.783819  0.303914  0.832921  0.331074  0.357729  0.537493  0.365281  0.638070  0.754851  0.389966  0.371073  0.417275  0.319185  0.502017  0.494795  0.332687  0.300874  0.272697  0.360258  0.361418  0.554383  0.506329  0.344131  0.244460  0.718014  0.226033  0.513331  0.691049  0.285400  0.657821  0.362494  0.454996  0.238335  0.545580 
27  0.784588  0.801235  0.707048  0.786645  0.846074  0.773774  0.631308  0.736278  0.654186  0.798338  0.860042  0.840521  0.850995  0.790539  0.625558  0.807621  0.730895  0.647830  0.886309  0.704994  0.736554  0.722572  0.757385  0.575514  0.738634  0.883723  0.850975 0.0  0.850648  0.877927  0.806478  0.634418  0.791233  0.828976  0.681314  0.790287  0.694742  0.775571  0.788477  0.772119  0.813390  0.718173  0.765143  0.867310  0.759994  0.705100  0.711127  0.801859  0.791704  0.758237  0.783963  0.579158  0.755361  0.693830  0.808821  0.892396  0.760590  0.658179  0.680457  0.700897  0.726824  0.780506  0.799134  0.821908  0.622527  0.791206  0.616420  0.767550  0.754947  0.754737  0.769133  0.717700  0.390603  0.807883  0.811924  0.796194  0.748990  0.750914  0.723057  0.780545  0.706448  0.761243  0.802217  0.774752  0.799225  0.764208  0.791959  0.741724  0.538239  0.723878  0.771169  0.724709  0.733713  0.713677  0.808055  0.683330  0.751520  0.714330 
28  0.337990  0.381744  0.413600  0.268682  0.282376  0.355042  0.672927  0.412755  0.506339  0.687178  0.530258  0.362018  0.635763  0.382467  0.477093  0.289463  0.386747  0.632658  0.268453  0.400390  0.199807  0.336277  0.496386  0.784854  0.441195  0.297255  0.209884  0.850648 0.0  0.485905  0.320004  0.570862  0.545516  0.295366  0.489467  0.370670  0.312848  0.328791  0.442793  0.320051  0.224027  0.348159  0.635399  0.456791  0.316183  0.308115  0.513384  0.568939  0.411081  0.563741  0.534591  0.800886  0.528385  0.416624  0.584057  0.270380  0.402707  0.380420  0.663541  0.511418  0.551573  0.371352  0.499704  0.381154  0.771458  0.334292  0.818863  0.400633  0.325451  0.536672  0.407183  0.634893  0.744516  0.387631  0.354413  0.372180  0.327993  0.485028  0.342756  0.320138  0.260304  0.337709  0.319906  0.366633  0.645936  0.419752  0.422222  0.417515  0.785464  0.365314  0.507735  0.624471  0.298804  0.646602  0.254966  0.433519  0.205014  0.641577 
29  0.498306  0.482523  0.532742  0.469239  0.515539  0.503586  0.695722  0.512580  0.485359  0.670715  0.264495  0.502843  0.496185  0.433436  0.244069  0.409396  0.375275  0.730452  0.523394  0.510097  0.523256  0.415083  0.540813  0.700402  0.400993  0.506916  0.486508  0.877927  0.485905 0.0  0.525912  0.386315  0.351587  0.535509  0.484265  0.456474  0.553853  0.477352  0.425961  0.617033  0.512888  0.527380  0.627775  0.402099  0.468148  0.488323  0.320077  0.511382  0.388980  0.475701  0.335350  0.781024  0.441478  0.451836  0.479691  0.452834  0.336949  0.514848  0.715324  0.428641  0.274545  0.417954  0.434382  0.478612  0.718421  0.543137  0.722782  0.465453  0.608068  0.418043  0.541694  0.612212  0.785531  0.445450  0.456064  0.485726  0.500125  0.291541  0.287802  0.517171  0.389556  0.570170  0.398571  0.537711  0.431789  0.396437  0.498894  0.449810  0.771887  0.459076  0.389857  0.660618  0.497981  0.641908  0.557600  0.332245  0.462185  0.323142 
30  0.188717  0.252123  0.374359  0.350263  0.324592  0.287064  0.663546  0.421982  0.460588  0.680253  0.484687  0.348219  0.441795  0.469013  0.461234  0.305403  0.579046  0.819966  0.345897  0.411191  0.412648  0.341480  0.505376  0.748642  0.437292  0.226667  0.291435  0.806478  0.320004  0.525912 0.0  0.490160  0.461414  0.362681  0.377892  0.355833  0.362269  0.308531  0.464010  0.329445  0.260788  0.383265  0.566628  0.455887  0.386418  0.285543  0.567325  0.507779  0.625659  0.519171  0.414699  0.735098  0.487188  0.400232  0.400711  0.269029  0.385280  0.289777  0.732215  0.528865  0.507546  0.330932  0.500701  0.316109  0.728088  0.260655  0.815625  0.364726  0.384601  0.479776  0.330662  0.686533  0.793880  0.327375  0.279033  0.423177  0.327160  0.439398  0.478426  0.323405  0.303204  0.260040  0.316546  0.359389  0.532505  0.485658  0.444700  0.313632  0.829368  0.292372  0.594007  0.570972  0.204801  0.647339  0.298039  0.508964  0.402382  0.495681 
31  0.413335  0.524543  0.562509  0.470702  0.488325  0.547185  0.793427  0.438703  0.448849  0.495160  0.320280  0.459956  0.495129  0.461446  0.290855  0.378817  0.298085  0.802783  0.542529  0.492705  0.546677  0.533607  0.442351  0.778994  0.407856  0.522958  0.539096  0.634418  0.570862  0.386315  0.490160 0.0  0.442412  0.438514  0.400368  0.560848  0.501753  0.462008  0.457202  0.521506  0.501693  0.521089  0.617947  0.390334  0.484332  0.534310  0.483732  0.599717  0.411931  0.402200  0.286559  0.789442  0.473920  0.421209  0.526452  0.564294  0.433160  0.500133  0.632376  0.401638  0.311968  0.557080  0.413918  0.448151  0.736743  0.495842  0.794892  0.487298  0.553603  0.434115  0.551753  0.665734  0.841042  0.623607  0.470441  0.434999  0.514104  0.378723  0.307074  0.591022  0.454884  0.543526  0.548853  0.515544  0.411560  0.508264  0.540245  0.460733  0.696168  0.479404  0.423375  0.708366  0.391675  0.665232  0.529935  0.496392  0.449527  0.283924 
32  0.550531  0.623134  0.513705  0.526432  0.474160  0.471935  0.709632  0.481056  0.424051  0.552907  0.339600  0.412370  0.433704  0.558078  0.313977  0.470494  0.348114  0.738029  0.523807  0.463351  0.390944  0.447498  0.425204  0.711863  0.428301  0.586888  0.604485  0.791233  0.545516  0.351587  0.461414  0.442412 0.0  0.505852  0.569508  0.455349  0.411155  0.491916  0.358917  0.500367  0.561809  0.542745  0.563495  0.394355  0.426073  0.490816  0.228727  0.413720  0.377004  0.465004  0.336076  0.772803  0.346711  0.495155  0.555471  0.439919  0.295461  0.452117  0.755793  0.374189  0.397078  0.395912  0.374778  0.519678  0.813519  0.598737  0.808856  0.565047  0.475906  0.364918  0.489331  0.570402  0.759089  0.458617  0.553389  0.598191  0.609930  0.455087  0.370396  0.383682  0.461602  0.532945  0.502627  0.554742  0.297456  0.474192  0.475735  0.465794  0.826678  0.428208  0.277434  0.757860  0.484765  0.494903  0.466958  0.467892  0.512776  0.376424 
33  0.271713  0.257095  0.393561  0.249226  0.320694  0.279044  0.731325  0.450049  0.478892  0.575688  0.430353  0.364700  0.587998  0.404876  0.504528  0.423751  0.546004  0.752921  0.329454  0.391535  0.395985  0.399215  0.495126  0.804935  0.428435  0.348820  0.374530  0.828976  0.295366  0.535509  0.362681  0.438514  0.505852 0.0  0.458084  0.313747  0.390201  0.389237  0.479906  0.338222  0.232629  0.269803  0.524812  0.497472  0.307769  0.328406  0.500007  0.479926  0.569550  0.515808  0.488708  0.749154  0.481088  0.407008  0.399559  0.353896  0.373663  0.344626  0.696481  0.496984  0.552519  0.315560  0.455793  0.304785  0.783648  0.406198  0.864730  0.378519  0.388767  0.506032  0.344831  0.626898  0.757111  0.282419  0.361041  0.353820  0.308189  0.428485  0.498964  0.292858  0.276902  0.273092  0.306736  0.250552  0.435641  0.440859  0.340354  0.342525  0.727537  0.341249  0.515220  0.702559  0.368821  0.550339  0.313505  0.527563  0.250879  0.538934 
34  0.474756  0.409334  0.487104  0.463811  0.494794  0.433352  0.669919  0.366644  0.484771  0.653383  0.416786  0.450161  0.494305  0.455250  0.480583  0.432391  0.500466  0.841118  0.480324  0.443511  0.377969  0.396702  0.540114  0.824780  0.472597  0.412056  0.449311  0.681314  0.489467  0.484265  0.377892  0.400368  0.569508  0.458084 0.0  0.452143  0.398625  0.480526  0.344470  0.486961  0.431869  0.452205  0.501833  0.430468  0.377238  0.429162  0.554053  0.581993  0.447645  0.499571  0.587660  0.880786  0.623228  0.398916  0.428774  0.440422  0.355093  0.376193  0.713230  0.543592  0.425842  0.342231  0.584810  0.549511  0.804853  0.459236  0.748971  0.358358  0.372034  0.536800  0.360098  0.517333  0.826048  0.361444  0.495674  0.439439  0.461673  0.507768  0.500690  0.375082  0.435480  0.468748  0.409033  0.344747  0.511445  0.365867  0.502843  0.374996  0.830292  0.354035  0.512050  0.624563  0.402326  0.595655  0.398642  0.478422  0.500343  0.525544 
35  0.308924  0.344897  0.425348  0.384280  0.380313  0.322059  0.706120  0.406587  0.516464  0.566832  0.462280  0.378829  0.598019  0.331442  0.545949  0.346649  0.516309  0.810462  0.306316  0.417082  0.347016  0.320647  0.512847  0.860312  0.400785  0.249643  0.302926  0.790287  0.370670  0.456474  0.355833  0.560848  0.455349  0.313747  0.452143 0.0  0.318137  0.375457  0.393129  0.311411  0.367875  0.402037  0.534601  0.563991  0.242705  0.250599  0.462174  0.406369  0.565316  0.467107  0.508670  0.793125  0.550779  0.298228  0.517718  0.299071  0.483154  0.318466  0.641627  0.425318  0.573251  0.290793  0.456158  0.320697  0.819981  0.384389  0.796704  0.321201  0.260601  0.533107  0.320185  0.662583  0.791596  0.331397  0.444696  0.419521  0.318099  0.482183  0.522269  0.317440  0.139587  0.422055  0.305273  0.386283  0.506962  0.421930  0.350176  0.315972  0.781285  0.297726  0.469830  0.651346  0.335248  0.541268  0.353583  0.567843  0.362318  0.440523 
36  0.346318  0.249598  0.344789  0.210582  0.200387  0.375055  0.730843  0.442207  0.544742  0.669342  0.563273  0.377244  0.548839  0.341641  0.590168  0.383549  0.524072  0.831950  0.349474  0.426444  0.351628  0.332498  0.494293  0.793728  0.493716  0.322214  0.337786  0.694742  0.312848  0.553853  0.362269  0.501753  0.411155  0.390201  0.398625  0.318137 0.0  0.258658  0.297596  0.213777  0.381323  0.306998  0.611049  0.502427  0.363731  0.295142  0.568146  0.467967  0.584830  0.354223  0.487721  0.776663  0.496688  0.399161  0.464641  0.277969  0.384345  0.371495  0.706488  0.482467  0.427279  0.197072  0.485418  0.287472  0.744531  0.333848  0.789367  0.349816  0.235972  0.559487  0.332284  0.529010  0.797723  0.310429  0.416815  0.484511  0.271588  0.456166  0.583429  0.327265  0.209499  0.356359  0.241327  0.345874  0.528343  0.411112  0.310850  0.484629  0.726029  0.256420  0.514013  0.686108  0.230046  0.588773  0.267587  0.513717  0.401167  0.451080 
37  0.227136  0.358546  0.341304  0.333311  0.322060  0.321677  0.756036  0.302103  0.374145  0.684595  0.457749  0.351649  0.542148  0.501445  0.534582  0.340840  0.373040  0.895010  0.293400  0.443687  0.210602  0.284580  0.507795  0.817520  0.509339  0.294950  0.337291  0.775571  0.328791  0.477352  0.308531  0.462008  0.491916  0.389237  0.480526  0.375457  0.258658 0.0  0.407118  0.316551  0.377222  0.312269  0.597669  0.646533  0.338406  0.393839  0.465832  0.529111  0.680315  0.407823  0.484361  0.718350  0.467278  0.353732  0.507041  0.252961  0.425143  0.276556  0.699630  0.440963  0.476373  0.380852  0.512861  0.403312  0.865004  0.179953  0.733488  0.378621  0.307113  0.625794  0.310625  0.671661  0.724820  0.371403  0.203830  0.421152  0.330443  0.474825  0.584150  0.397879  0.319878  0.287303  0.260698  0.344518  0.548237  0.505381  0.346923  0.364043  0.750154  0.297129  0.538716  0.790677  0.333262  0.589668  0.347814  0.550918  0.300516  0.585843 
38  0.359140  0.411685  0.366729  0.502245  0.386205  0.334580  0.679866  0.377361  0.410056  0.626449  0.491457  0.366996  0.558718  0.352345  0.361772  0.414181  0.494138  0.774285  0.418744  0.276273  0.460674  0.427006  0.408698  0.763614  0.396235  0.322856  0.275499  0.788477  0.442793  0.425961  0.464010  0.457202  0.358917  0.479906  0.344470  0.393129  0.297596  0.407118 0.0  0.418951  0.412870  0.386625  0.554043  0.536260  0.379597  0.432201  0.443710  0.503899  0.478106  0.545373  0.544706  0.793892  0.469641  0.331819  0.464368  0.380261  0.329189  0.364712  0.688217  0.549810  0.447917  0.395197  0.397149  0.327082  0.778059  0.411506  0.802456  0.374700  0.302721  0.464939  0.355847  0.518259  0.779055  0.465921  0.377347  0.347068  0.316409  0.504118  0.474635  0.415185  0.430673  0.387807  0.446650  0.378999  0.520633  0.391935  0.299872  0.302952  0.766235  0.360562  0.491712  0.752183  0.321559  0.656878  0.361750  0.451573  0.431714  0.469705 
39  0.303312  0.319158  0.401895  0.291282  0.341722  0.238307  0.668932  0.420307  0.466222  0.537917  0.564249  0.329210  0.483423  0.386050  0.460388  0.377629  0.463520  0.717827  0.266716  0.405185  0.324991  0.346408  0.501514  0.692632  0.379469  0.310094  0.358061  0.772119  0.320051  0.617033  0.329445  0.521506  0.500367  0.338222  0.486961  0.311411  0.213777  0.316551  0.418951 0.0  0.276368  0.291721  0.601352  0.517567  0.301578  0.347458  0.476825  0.582944  0.519435  0.517732  0.515999  0.757157  0.571449  0.466720  0.518711  0.244993  0.340929  0.214389  0.659801  0.517414  0.544553  0.299195  0.438505  0.308295  0.940459  0.251012  0.744514  0.306422  0.272184  0.567964  0.251413  0.584693  0.729467  0.324150  0.304814  0.497804  0.396267  0.516886  0.433261  0.383726  0.180450  0.371179  0.328556  0.387522  0.474001  0.545914  0.355632  0.407091  0.848052  0.285327  0.451270  0.644675  0.229160  0.613510  0.257336  0.454079  0.310710  0.477011 
