98
0 0.0  0.335373  0.229765  0.501807  0.775977  0.577284  0.610877  0.616600  0.394159  0.358922  0.613672  0.524216  0.325931  0.441369  0.366948  0.544556  0.360717  0.349955  0.244803  0.422733  0.546056  0.350618  0.275532  0.348404  0.827633  0.311854  0.365474  0.439981  0.626348  0.508644  0.642980  0.394170  0.506937  0.385066  0.448380  0.745023  0.426002  0.355655  0.318057  0.458165  0.439727  0.440477  0.561354  0.292307  0.506675  0.511161  0.316050  0.427834  0.463328  0.302028  0.394712  0.257350  0.777672  0.438000  0.663880  0.270144  0.287869  0.328964  0.497410  0.283420  0.430852  0.309372  0.386676  0.244243  0.271793  0.806163  0.353772  0.266659  0.491407  0.353379  0.587139  0.852921  0.362742  0.900950  0.895530  0.366579  0.506181  0.764247  0.344537  0.278743  0.234792  0.489938  0.525305  0.781681  0.462970  0.506350  0.370064  0.272894  0.423965  0.517237  0.819872  0.506036  0.333887  0.598052  0.868095  0.333818  0.429631  0.344033 
1  0.335373 0.0  0.419983  0.383340  0.872449  0.571979  0.551807  0.606535  0.387299  0.423519  0.643978  0.421185  0.295808  0.391384  0.426623  0.444465  0.489625  0.296272  0.265646  0.539014  0.685473  0.330890  0.379719  0.369893  0.785228  0.323436  0.315896  0.560211  0.639780  0.565293  0.592371  0.448396  0.525813  0.368603  0.509352  0.785248  0.277552  0.340638  0.379633  0.469408  0.403702  0.357667  0.673215  0.306984  0.537777  0.552962  0.354358  0.473196  0.625934  0.312902  0.304177  0.300143  0.856979  0.483318  0.503682  0.318546  0.399220  0.469309  0.555141  0.312836  0.574577  0.279462  0.472345  0.351828  0.265671  0.883896  0.417325  0.378520  0.372359  0.445040  0.612899  0.783313  0.423165  0.711128  0.858268  0.364602  0.505250  0.762767  0.299832  0.263209  0.325565  0.392265  0.428920  0.819885  0.625647  0.476068  0.354668  0.295967  0.387146  0.666914  0.794505  0.570905  0.337381  0.552569  0.825803  0.417201  0.521434  0.401260 
2  0.229765  0.419983 0.0  0.498555  0.855200  0.505333  0.500224  0.596516  0.317948  0.409083  0.638622  0.361187  0.284406  0.275252  0.311406  0.593177  0.331019  0.396344  0.279742  0.473999  0.581797  0.351823  0.350825  0.333656  0.907810  0.343176  0.398691  0.502849  0.628272  0.517190  0.555489  0.446184  0.555292  0.323545  0.534913  0.731729  0.414904  0.340957  0.306040  0.501811  0.383050  0.232993  0.632641  0.410528  0.511695  0.510149  0.367373  0.539535  0.621386  0.408791  0.365774  0.262279  0.813656  0.529536  0.683777  0.237917  0.148084  0.301272  0.625678  0.431466  0.585949  0.402160  0.373920  0.303340  0.230813  0.783874  0.359002  0.289342  0.374977  0.494202  0.589818  0.828609  0.437457  0.837317  0.800331  0.382685  0.563154  0.867096  0.389608  0.340715  0.319620  0.352400  0.655750  0.839848  0.582260  0.537141  0.332453  0.298963  0.499246  0.428354  0.948676  0.390621  0.305617  0.585305  0.753197  0.495357  0.530403  0.289071 
3  0.501807  0.383340  0.498555 0.0  0.816683  0.504081  0.585714  0.602905  0.468211  0.507206  0.549748  0.503058  0.444079  0.578601  0.447888  0.520515  0.457333  0.409464  0.474326  0.475236  0.562575  0.473295  0.538398  0.458025  0.863978  0.425403  0.502493  0.434690  0.593780  0.439050  0.734957  0.390337  0.528496  0.515998  0.570688  0.752782  0.434370  0.451200  0.384756  0.475208  0.419464  0.425380  0.544374  0.485859  0.373598  0.463619  0.473914  0.322142  0.529014  0.414694  0.480094  0.423963  0.876710  0.475597  0.598344  0.389592  0.388475  0.495143  0.470372  0.543369  0.439336  0.425601  0.483827  0.436450  0.512146  0.816319  0.474679  0.505077  0.372740  0.441599  0.438365  0.780120  0.397465  0.828110  0.784917  0.499456  0.394738  0.762453  0.532697  0.505207  0.508626  0.533535  0.384766  0.878258  0.483292  0.378676  0.494854  0.452176  0.409322  0.543117  0.835154  0.480797  0.427090  0.400428  0.884121  0.466050  0.314083  0.436564 
4  0.775977  0.872449  0.855200  0.816683 0.0  0.776988  0.852630  0.790078  0.783351  0.819756  0.889216  0.825373  0.911840  0.867244  0.935999  0.834787  0.805396  0.890346  0.848891  0.779264  0.841727  0.822034  0.910472  0.866154  0.357332  0.803225  0.855438  0.749611  0.916199  0.893141  0.844413  0.588508  0.889771  0.813670  0.915851  0.782233  0.764393  0.744032  0.803387  0.870074  0.815781  0.767750  0.853352  0.832293  0.789132  0.777351  0.869292  0.843555  0.818778  0.884488  0.810588  0.808901  0.733132  0.904194  0.805996  0.811829  0.803535  1.000000  0.768556  0.896534  0.733205  0.820421  0.907281  0.785709  0.859708  0.716891  0.834387  0.849467  0.877711  0.671682  0.859833  0.723634  0.861903  0.485450  0.416792  0.842582  0.874922  0.764233  0.884053  0.917801  0.752895  0.856983  0.829664  0.829855  0.973961  0.888145  0.756608  0.816051  0.811291  0.775773  0.574124  0.807056  0.857328  0.849398  0.569256  0.802603  0.747019  0.770782 
5  0.577284  0.571979  0.505333  0.504081  0.776988 0.0  0.540669  0.779815  0.445186  0.533738  0.581746  0.503704  0.482981  0.514002  0.558880  0.578147  0.548754  0.483129  0.513047  0.368114  0.533188  0.626022  0.603134  0.553827  0.691355  0.597921  0.468565  0.319006  0.624222  0.542501  0.513943  0.398562  0.573888  0.518319  0.440911  0.690512  0.571667  0.474589  0.511464  0.346755  0.515397  0.538014  0.544419  0.491386  0.287526  0.448387  0.514169  0.388314  0.390782  0.494714  0.554158  0.507429  0.802443  0.479911  0.637113  0.506633  0.498562  0.509612  0.484204  0.606772  0.546101  0.507272  0.400383  0.493891  0.582056  0.966016  0.544015  0.571261  0.469833  0.506089  0.563620  0.763774  0.468334  0.827606  0.811666  0.419744  0.584980  0.731268  0.489803  0.502831  0.550491  0.494508  0.486783  0.739787  0.649824  0.392343  0.526973  0.532284  0.518931  0.358533  0.829766  0.344997  0.624155  0.380905  0.766186  0.527151  0.599370  0.557312 
6  0.610877  0.551807  0.500224  0.585714  0.852630  0.540669 0.0  0.662620  0.622956  0.507730  0.545090  0.423787  0.531710  0.571629  0.546868  0.455852  0.490409  0.555384  0.577166  0.458076  0.462063  0.504057  0.678563  0.572816  0.883078  0.527922  0.522716  0.485688  0.658321  0.364353  0.575628  0.490609  0.406806  0.632719  0.544442  0.780297  0.468335  0.616185  0.601127  0.468013  0.426000  0.532598  0.275220  0.554476  0.474017  0.476084  0.569108  0.576565  0.476310  0.529122  0.564795  0.668058  0.758153  0.459202  0.645315  0.562204  0.495743  0.464808  0.362775  0.485481  0.340275  0.548000  0.377629  0.488011  0.543890  0.839380  0.488904  0.490541  0.383991  0.444635  0.466857  0.764936  0.500856  0.889621  0.805044  0.566091  0.446020  0.706075  0.472092  0.671176  0.680862  0.503512  0.455592  0.834093  0.330726  0.591046  0.526901  0.581924  0.561624  0.460238  0.843458  0.522409  0.579184  0.568561  0.848152  0.445408  0.575251  0.523721 
7  0.616600  0.606535  0.596516  0.602905  0.790078  0.779815  0.662620 0.0  0.621839  0.709649  0.446033  0.740605  0.588001  0.630777  0.621075  0.679965  0.564366  0.681841  0.563825  0.661127  0.601704  0.662969  0.627549  0.670425  0.900774  0.665841  0.704301  0.599014  0.337311  0.534967  0.561708  0.592890  0.707309  0.646150  0.655443  0.679296  0.687461  0.688688  0.596246  0.693782  0.629484  0.670436  0.622627  0.584873  0.631647  0.586939  0.661529  0.610228  0.680276  0.607286  0.711566  0.699740  0.938267  0.727410  0.423409  0.677894  0.763663  0.599399  0.694393  0.680382  0.730155  0.635453  0.686115  0.747395  0.623471  0.860483  0.622819  0.527942  0.660721  0.643106  0.630749  0.588064  0.722534  0.880069  0.817395  0.680492  0.611274  0.716604  0.610335  0.655678  0.550158  0.553701  0.646448  0.781790  0.594343  0.653780  0.634138  0.737077  0.628822  0.609393  0.829235  0.610019  0.677177  0.675247  0.682432  0.664800  0.584696  0.610780 
8  0.394159  0.387299  0.317948  0.468211  0.783351  0.445186  0.622956  0.621839 0.0  0.276676  0.675458  0.495136  0.348372  0.294730  0.234376  0.545187  0.410300  0.323456  0.311487  0.515781  0.499706  0.401856  0.351819  0.429952  0.813454  0.375777  0.290681  0.443893  0.706017  0.556635  0.608063  0.353327  0.502412  0.355886  0.563843  0.812622  0.308143  0.311431  0.408469  0.482404  0.332458  0.442518  0.556066  0.362044  0.547371  0.533357  0.333713  0.513547  0.509514  0.377284  0.467409  0.308532  0.754197  0.534788  0.600549  0.273713  0.436271  0.389475  0.472220  0.362041  0.579505  0.264449  0.408248  0.393939  0.320950  0.845115  0.343396  0.308874  0.406121  0.459888  0.481958  0.818916  0.481817  0.874383  0.933652  0.290838  0.432402  0.726902  0.312316  0.356304  0.390697  0.403846  0.601019  0.743942  0.640439  0.575878  0.361844  0.369693  0.393714  0.558395  0.745579  0.586890  0.355234  0.525620  0.766000  0.364823  0.499392  0.327017 
9  0.358922  0.423519  0.409083  0.507206  0.819756  0.533738  0.507730  0.709649  0.276676 0.0  0.659784  0.467408  0.379286  0.352364  0.300603  0.601906  0.530091  0.388182  0.310896  0.496591  0.585369  0.397181  0.306447  0.320050  0.863086  0.411575  0.377105  0.561805  0.729656  0.556338  0.661663  0.451376  0.477151  0.373082  0.477548  0.811644  0.347629  0.260596  0.432046  0.539505  0.363992  0.360960  0.512373  0.408210  0.549587  0.520823  0.385068  0.604346  0.539266  0.356692  0.283811  0.322380  0.764432  0.671462  0.650878  0.294268  0.380537  0.385933  0.544454  0.395697  0.486341  0.329540  0.358007  0.400154  0.307134  0.867459  0.363130  0.328283  0.461326  0.364854  0.600043  0.604222  0.320339  0.825434  0.777414  0.330068  0.504281  0.685981  0.321582  0.422769  0.402149  0.351985  0.454764  0.885570  0.495742  0.488992  0.375270  0.261490  0.445962  0.541631  0.919139  0.506830  0.300471  0.584130  0.792572  0.510788  0.510991  0.327041 
10  0.613672  0.643978  0.638622  0.549748  0.889216  0.581746  0.545090  0.446033  0.675458  0.659784 0.0  0.609693  0.611676  0.587069  0.652817  0.590843  0.567028  0.672988  0.569886  0.608208  0.621375  0.663729  0.646115  0.586247  0.825395  0.707935  0.608185  0.574539  0.373035  0.617657  0.590891  0.536623  0.575525  0.590621  0.648240  0.680878  0.729618  0.641922  0.755453  0.609301  0.726626  0.652166  0.713492  0.625635  0.657722  0.612336  0.585019  0.593128  0.565308  0.652771  0.626764  0.530715  0.863784  0.621765  0.359497  0.646630  0.625766  0.636323  0.674377  0.632387  0.650060  0.659271  0.640307  0.655826  0.689938  0.789567  0.536152  0.725878  0.548792  0.647037  0.755379  0.661447  0.575198  0.769528  0.798067  0.683637  0.743562  0.659745  0.631533  0.573511  0.719936  0.652483  0.571788  0.762868  0.601648  0.656127  0.640597  0.618774  0.743574  0.687384  0.831955  0.634279  0.727398  0.683692  0.752298  0.638257  0.668196  0.593194 
11  0.524216  0.421185  0.361187  0.503058  0.825373  0.503704  0.423787  0.740605  0.495136  0.467408  0.609693 0.0  0.538532  0.380698  0.500618  0.564599  0.534765  0.456315  0.446654  0.438403  0.581488  0.472782  0.480882  0.376195  0.814332  0.498010  0.466812  0.488080  0.657338  0.519577  0.704454  0.425487  0.523550  0.502770  0.461265  0.737326  0.498497  0.467571  0.540112  0.447886  0.420988  0.382136  0.531948  0.339998  0.528509  0.501964  0.377418  0.412754  0.502225  0.480865  0.505503  0.470372  0.799820  0.431767  0.620580  0.355212  0.395382  0.448629  0.512404  0.403724  0.596618  0.430691  0.458144  0.301404  0.462416  0.898041  0.426095  0.435495  0.380661  0.359952  0.456809  0.715762  0.342138  0.921648  0.859002  0.462013  0.607785  0.689957  0.540262  0.524537  0.480011  0.377295  0.522035  0.782816  0.491309  0.527724  0.351378  0.551832  0.440418  0.544357  0.803107  0.456837  0.363808  0.575160  0.912534  0.424321  0.474539  0.474182 
12  0.325931  0.295808  0.284406  0.444079  0.911840  0.482981  0.531710  0.588001  0.348372  0.379286  0.611676  0.538532 0.0  0.249063  0.327689  0.573407  0.483494  0.285752  0.368237  0.518873  0.556804  0.257987  0.444103  0.251307  0.812073  0.212739  0.273509  0.541337  0.631460  0.470528  0.611743  0.426638  0.611265  0.264883  0.532733  0.623939  0.320068  0.262506  0.348168  0.519092  0.308345  0.325267  0.483733  0.351316  0.516750  0.643430  0.330295  0.514679  0.477818  0.312921  0.324485  0.374240  0.805511  0.540931  0.614725  0.423346  0.319235  0.280472  0.528563  0.383256  0.634595  0.354932  0.455102  0.377681  0.456107  0.724891  0.436133  0.377698  0.371778  0.398464  0.488632  0.728671  0.466740  0.937872  0.809428  0.260293  0.506205  0.736475  0.363542  0.345680  0.296180  0.449774  0.503243  0.781450  0.609862  0.614654  0.363107  0.358533  0.398339  0.601748  0.877823  0.448366  0.316945  0.552576  0.821275  0.489994  0.459792  0.278367 
13  0.441369  0.391384  0.275252  0.578601  0.867244  0.514002  0.571629  0.630777  0.294730  0.352364  0.587069  0.380698  0.249063 0.0  0.435171  0.652902  0.483777  0.315478  0.381581  0.491693  0.523028  0.333735  0.404520  0.422939  0.881103  0.273742  0.411267  0.525063  0.699166  0.613866  0.660881  0.383383  0.544345  0.320284  0.508046  0.797088  0.372495  0.348414  0.334650  0.520766  0.369334  0.278711  0.466026  0.292864  0.594077  0.486847  0.236562  0.523857  0.449950  0.341475  0.295000  0.407780  0.761958  0.500861  0.707421  0.439876  0.360973  0.304052  0.455572  0.306282  0.600756  0.251395  0.437479  0.304917  0.372235  0.803483  0.270680  0.334947  0.488370  0.411254  0.503237  0.651689  0.493897  0.967922  0.900499  0.329752  0.476267  0.816190  0.273611  0.332686  0.379293  0.464775  0.547034  0.821273  0.504950  0.533962  0.362597  0.223220  0.360214  0.530612  0.857799  0.493842  0.410978  0.543883  0.835291  0.450200  0.453883  0.255822 
14  0.366948  0.426623  0.311406  0.447888  0.935999  0.558880  0.546868  0.621075  0.234376  0.300603  0.652817  0.500618  0.327689  0.435171 0.0  0.560399  0.413832  0.349711  0.314501  0.470427  0.487320  0.305661  0.411734  0.306793  0.837832  0.363708  0.378394  0.486847  0.582622  0.568392  0.616561  0.406249  0.526790  0.312672  0.542010  0.776326  0.385446  0.357148  0.359625  0.449930  0.230595  0.350125  0.460716  0.412200  0.626840  0.475232  0.367185  0.586358  0.465935  0.320756  0.328876  0.317304  0.774576  0.571418  0.695112  0.312067  0.275559  0.320003  0.668062  0.314635  0.554657  0.352504  0.395344  0.329760  0.240995  0.777762  0.312057  0.259287  0.364319  0.489853  0.513391  0.687909  0.510262  0.854286  0.781189  0.331562  0.623743  0.648784  0.437250  0.377096  0.366806  0.371688  0.487228  0.779598  0.603603  0.613389  0.358133  0.324411  0.409330  0.606578  0.713517  0.494026  0.371399  0.495405  0.806243  0.460590  0.493600  0.281159 
15  0.544556  0.444465  0.593177  0.520515  0.834787  0.578147  0.455852  0.679965  0.545187  0.601906  0.590843  0.564599  0.573407  0.652902  0.560399 0.0  0.474955  0.550264  0.674799  0.572468  0.394726  0.488389  0.581398  0.430967  0.750066  0.544999  0.513963  0.576198  0.629629  0.337705  0.686720  0.404537  0.393969  0.472685  0.540285  0.740867  0.539270  0.492119  0.535125  0.430556  0.674184  0.515392  0.390373  0.474898  0.641163  0.457352  0.548175  0.442179  0.518043  0.628748  0.527673  0.570471  0.843032  0.377709  0.561455  0.529526  0.629160  0.475082  0.479938  0.514249  0.419888  0.475680  0.528817  0.539555  0.487373  0.864766  0.528697  0.542665  0.440555  0.550701  0.365680  0.681995  0.523885  0.771727  0.759130  0.542912  0.371940  0.753645  0.546828  0.542641  0.595031  0.477422  0.312797  0.723465  0.521894  0.576746  0.519700  0.586671  0.544187  0.397951  0.853155  0.485401  0.561084  0.633170  0.868960  0.507616  0.561513  0.571343 
16  0.360717  0.489625  0.331019  0.457333  0.805396  0.548754  0.490409  0.564366  0.410300  0.530091  0.567028  0.534765  0.483494  0.483777  0.413832  0.474955 0.0  0.396570  0.270004  0.578394  0.533972  0.410027  0.444603  0.377240  0.844023  0.427066  0.378644  0.538347  0.555601  0.537202  0.627608  0.354903  0.478963  0.420586  0.434205  0.743885  0.371896  0.340929  0.337958  0.426459  0.335224  0.451627  0.519465  0.350824  0.417903  0.478963  0.429520  0.418129  0.550339  0.398661  0.448604  0.412622  0.775208  0.461212  0.594811  0.427719  0.429004  0.392291  0.381048  0.433571  0.536744  0.418573  0.456973  0.370123  0.383895  0.848837  0.376078  0.368283  0.434421  0.387311  0.568076  0.686491  0.462574  0.810066  0.860831  0.488170  0.582843  0.744080  0.471512  0.398757  0.295052  0.388201  0.567641  0.827096  0.514788  0.464658  0.415807  0.436543  0.452443  0.403781  0.791977  0.489402  0.439611  0.573246  0.800283  0.427438  0.393359  0.382833 
17  0.349955  0.296272  0.396344  0.409464  0.890346  0.483129  0.555384  0.681841  0.323456  0.388182  0.672988  0.456315  0.285752  0.315478  0.349711  0.550264  0.396570 0.0  0.336099  0.424863  0.489696  0.294500  0.385631  0.250241  0.946964  0.388873  0.331424  0.515755  0.705557  0.490465  0.577378  0.444079  0.636076  0.322528  0.496774  0.792786  0.237795  0.411739  0.280357  0.485048  0.374396  0.368746  0.519984  0.311114  0.567311  0.525318  0.455879  0.585837  0.482069  0.347440  0.325296  0.287717  0.754064  0.428516  0.716068  0.304650  0.286765  0.387696  0.640387  0.408429  0.595010  0.371337  0.476468  0.418938  0.304249  0.768366  0.417750  0.386179  0.442625  0.511090  0.479124  0.733954  0.366447  0.830732  0.780775  0.315182  0.531772  0.642981  0.358514  0.231617  0.375443  0.445199  0.399176  0.786354  0.557210  0.637304  0.303113  0.262524  0.425944  0.581377  0.798511  0.564872  0.341784  0.558719  0.848837  0.315059  0.394136  0.331488 
18  0.244803  0.265646  0.279742  0.474326  0.848891  0.513047  0.577166  0.563825  0.311487  0.310896  0.569886  0.446654  0.368237  0.381581  0.314501  0.674799  0.270004  0.336099 0.0  0.546868  0.545564  0.334186  0.265913  0.310791  0.833944  0.452580  0.390642  0.583453  0.651160  0.417833  0.627886  0.378128  0.537311  0.248778  0.490704  0.741223  0.380372  0.349108  0.340167  0.518946  0.406538  0.288728  0.589512  0.364428  0.591821  0.494422  0.389699  0.552344  0.487721  0.328374  0.306440  0.295636  0.852986  0.573432  0.640470  0.184118  0.312932  0.410335  0.568180  0.327604  0.479957  0.259856  0.435581  0.365187  0.358571  0.890215  0.333660  0.348199  0.521790  0.453456  0.549901  0.685539  0.455968  0.839034  0.853586  0.318327  0.484557  0.773722  0.407411  0.378735  0.365018  0.465002  0.449141  0.804519  0.520540  0.553164  0.306487  0.340238  0.486883  0.572886  0.865477  0.504725  0.312105  0.574113  0.946136  0.357369  0.481973  0.468811 
19  0.422733  0.539014  0.473999  0.475236  0.779264  0.368114  0.458076  0.661127  0.515781  0.496591  0.608208  0.438403  0.518873  0.491693  0.470427  0.572468  0.578394  0.424863  0.546868 0.0  0.481595  0.512902  0.455842  0.519466  0.847309  0.536223  0.429197  0.320295  0.619150  0.520068  0.535845  0.434991  0.565891  0.408264  0.420582  0.743889  0.434808  0.510587  0.459078  0.415671  0.429084  0.597658  0.576665  0.380137  0.319651  0.403394  0.539424  0.411987  0.381297  0.544480  0.532489  0.514014  0.826725  0.474666  0.664384  0.514404  0.481241  0.503084  0.452375  0.468806  0.548792  0.401860  0.526007  0.534452  0.561562  0.815430  0.453632  0.477251  0.504033  0.471335  0.414699  0.718230  0.527881  0.869790  0.788969  0.429600  0.385714  0.766812  0.587800  0.536594  0.517489  0.527016  0.429982  0.841279  0.522086  0.348255  0.448684  0.548893  0.522646  0.404016  0.738122  0.316969  0.541398  0.359816  0.881974  0.444167  0.458658  0.451659 
20  0.546056  0.685473  0.581797  0.562575  0.841727  0.533188  0.462063  0.601704  0.499706  0.585369  0.621375  0.581488  0.556804  0.523028  0.487320  0.394726  0.533972  0.489696  0.545564  0.481595 0.0  0.644427  0.436633  0.609185  0.782324  0.635349  0.477089  0.572185  0.649053  0.357944  0.597900  0.481269  0.459214  0.650536  0.481949  0.671305  0.536607  0.481925  0.563159  0.537152  0.517670  0.563844  0.415233  0.523602  0.546953  0.343975  0.508801  0.611569  0.584634  0.526578  0.549514  0.582869  0.782054  0.382241  0.632232  0.478379  0.394341  0.660669  0.468814  0.560205  0.476727  0.476100  0.588828  0.529987  0.596983  0.876503  0.457445  0.618240  0.582430  0.563084  0.379766  0.776360  0.479036  0.983400  0.830529  0.600513  0.312415  0.786414  0.577669  0.545407  0.475852  0.495288  0.420757  0.809790  0.461842  0.513058  0.425393  0.455625  0.529475  0.328839  0.795738  0.570194  0.610270  0.605322  0.812379  0.547253  0.515954  0.587495 
21  0.350618  0.330890  0.351823  0.473295  0.822034  0.626022  0.504057  0.662969  0.401856  0.397181  0.663729  0.472782  0.257987  0.333735  0.305661  0.488389  0.410027  0.294500  0.334186  0.512902  0.644427 0.0  0.451059  0.339257  0.848960  0.267037  0.266587  0.524139  0.708228  0.517612  0.650590  0.524018  0.540318  0.343348  0.596113  0.742907  0.298490  0.320603  0.406380  0.503072  0.316084  0.333595  0.554718  0.403492  0.502570  0.566754  0.297372  0.526562  0.499610  0.298995  0.368704  0.336573  0.797438  0.554208  0.712141  0.327386  0.340117  0.292088  0.451058  0.371743  0.584974  0.299047  0.379403  0.369586  0.386725  0.919624  0.488158  0.403911  0.413537  0.457806  0.514577  0.649799  0.430225  0.893813  0.800415  0.352170  0.411599  0.724271  0.413973  0.231636  0.181846  0.374899  0.497409  0.858623  0.627528  0.632970  0.316962  0.420537  0.409578  0.542157  0.824892  0.513711  0.296361  0.613641  0.754556  0.449019  0.573931  0.347661 
22  0.275532  0.379719  0.350825  0.538398  0.910472  0.603134  0.678563  0.627549  0.351819  0.306447  0.646115  0.480882  0.444103  0.404520  0.411734  0.581398  0.444603  0.385631  0.265913  0.455842  0.436633  0.451059 0.0  0.372329  0.859995  0.365093  0.368283  0.659249  0.643361  0.488776  0.557742  0.427423  0.581370  0.417095  0.484978  0.671504  0.363549  0.389952  0.323034  0.485291  0.373962  0.239228  0.541118  0.296442  0.549731  0.473521  0.378111  0.531663  0.567455  0.237565  0.361249  0.347558  0.854721  0.605786  0.618637  0.312244  0.411878  0.383630  0.594085  0.462120  0.580975  0.229892  0.336841  0.340938  0.397424  0.807036  0.319496  0.317683  0.386334  0.425024  0.582064  0.737682  0.480527  0.814974  0.693657  0.392841  0.569793  0.770811  0.317120  0.326922  0.331803  0.380657  0.464135  0.775881  0.597712  0.621694  0.357920  0.425566  0.360886  0.595217  0.757838  0.552554  0.335864  0.498886  0.854437  0.394301  0.347760  0.354296 
23  0.348404  0.369893  0.333656  0.458025  0.866154  0.553827  0.572816  0.670425  0.429952  0.320050  0.586247  0.376195  0.251307  0.422939  0.306793  0.430967  0.377240  0.250241  0.310791  0.519466  0.609185  0.339257  0.372329 0.0  0.909598  0.283431  0.308044  0.517915  0.725471  0.437314  0.535635  0.423443  0.614325  0.323906  0.519260  0.687287  0.362609  0.287022  0.421011  0.569879  0.348783  0.324628  0.647572  0.324797  0.516266  0.533719  0.306789  0.584852  0.486052  0.386868  0.319531  0.287903  0.764735  0.584531  0.595835  0.398486  0.369498  0.252736  0.551820  0.362381  0.483100  0.309330  0.510828  0.387822  0.253375  0.821274  0.447512  0.423481  0.537066  0.435569  0.621953  0.676006  0.343330  0.915109  0.775382  0.307616  0.554753  0.607859  0.326210  0.319850  0.366890  0.433693  0.442501  0.709743  0.477948  0.511896  0.409071  0.305933  0.433998  0.525843  0.688906  0.444769  0.347017  0.514299  0.831865  0.425887  0.514484  0.330163 
24  0.827633  0.785228  0.907810  0.863978  0.357332  0.691355  0.883078  0.900774  0.813454  0.863086  0.825395  0.814332  0.812073  0.881103  0.837832  0.750066  0.844023  0.946964  0.833944  0.847309  0.782324  0.848960  0.859995  0.909598 0.0  0.858614  0.928119  0.827185  0.842254  0.794805  0.790778  0.790809  0.782769  0.802873  0.875704  0.704486  0.827591  0.838469  0.904578  0.888817  0.915628  0.797626  0.775941  0.819079  0.740261  0.839919  0.882390  0.824168  0.898948  0.938797  0.766123  0.814056  0.638329  0.861870  0.807194  0.906939  0.853109  0.839577  0.829616  0.789132  0.834220  0.775743  0.900961  0.791901  0.895979  0.813983  0.755772  0.870917  0.892576  0.893058  0.843220  0.721711  0.834797  0.497857  0.315058  0.788085  0.782527  0.760484  0.811447  0.800116  0.788812  0.750744  0.850470  0.703373  0.873425  0.798460  0.824022  0.816401  0.882659  0.897269  0.515668  0.812200  0.818563  0.798736  0.674564  0.811121  0.794758  0.866170 
25  0.311854  0.323436  0.343176  0.425403  0.803225  0.597921  0.527922  0.665841  0.375777  0.411575  0.707935  0.498010  0.212739  0.273742  0.363708  0.544999  0.427066  0.388873  0.452580  0.536223  0.635349  0.267037  0.365093  0.283431  0.858614 0.0  0.467457  0.550674  0.718761  0.614047  0.540356  0.398362  0.647834  0.445871  0.489497  0.782657  0.275754  0.378658  0.324744  0.448441  0.304567  0.280246  0.549760  0.279856  0.534897  0.468499  0.340171  0.547584  0.541221  0.376138  0.376806  0.298221  0.835998  0.557056  0.568871  0.260240  0.442630  0.345758  0.471183  0.369324  0.492931  0.311876  0.504337  0.349386  0.442104  0.843431  0.381497  0.316363  0.474400  0.396131  0.620820  0.824162  0.423327  0.821003  0.876718  0.396762  0.640258  0.730917  0.395388  0.383260  0.208176  0.392072  0.494269  0.857435  0.558954  0.598767  0.356891  0.257233  0.488371  0.492283  0.803254  0.558332  0.307493  0.473707  0.903485  0.479985  0.461825  0.337050 
26  0.365474  0.315896  0.398691  0.502493  0.855438  0.468565  0.522716  0.704301  0.290681  0.377105  0.608185  0.466812  0.273509  0.411267  0.378394  0.513963  0.378644  0.331424  0.390642  0.429197  0.477089  0.266587  0.368283  0.308044  0.928119  0.467457 0.0  0.534071  0.542892  0.541218  0.596971  0.477963  0.564048  0.384936  0.443636  0.694235  0.317630  0.272909  0.370105  0.511362  0.334797  0.458683  0.531589  0.325778  0.551726  0.448909  0.369596  0.505128  0.473948  0.325812  0.294491  0.402113  0.781019  0.572852  0.608894  0.342597  0.297726  0.311529  0.593053  0.319099  0.526636  0.416373  0.570940  0.323886  0.344555  0.877694  0.419661  0.383102  0.457260  0.434623  0.464192  0.697977  0.511386  0.794015  0.824687  0.388259  0.530296  0.651219  0.385037  0.307416  0.317318  0.448481  0.471707  0.843844  0.554120  0.584063  0.309763  0.260983  0.498402  0.570380  0.859597  0.639532  0.393850  0.522743  0.845442  0.470548  0.487318  0.369781 
27  0.439981  0.560211  0.502849  0.434690  0.749611  0.319006  0.485688  0.599014  0.443893  0.561805  0.574539  0.488080  0.541337  0.525063  0.486847  0.576198  0.538347  0.515755  0.583453  0.320295  0.572185  0.524139  0.659249  0.517915  0.827185  0.550674  0.534071 0.0  0.640762  0.544701  0.608189  0.294795  0.540111  0.508088  0.481500  0.871128  0.491683  0.531077  0.537965  0.329832  0.499082  0.439981  0.516280  0.550946  0.298654  0.427422  0.483346  0.345729  0.456376  0.521976  0.441929  0.477502  0.851378  0.502848  0.520519  0.504172  0.510470  0.546404  0.484784  0.559135  0.543523  0.538213  0.507865  0.591892  0.575395  0.981750  0.543404  0.570048  0.551374  0.558631  0.608890  0.718606  0.566603  0.748738  0.838154  0.548739  0.501962  0.871148  0.585543  0.502202  0.515401  0.515020  0.431876  0.837209  0.476753  0.330964  0.523031  0.544145  0.580332  0.478580  0.877874  0.365849  0.570870  0.376398  0.848233  0.527869  0.510922  0.565624 
28  0.626348  0.639780  0.628272  0.593780  0.916199  0.624222  0.658321  0.337311  0.706017  0.729656  0.373035  0.657338  0.631460  0.699166  0.582622  0.629629  0.555601  0.705557  0.651160  0.619150  0.649053  0.708228  0.643361  0.725471  0.842254  0.718761  0.542892  0.640762 0.0  0.638294  0.569238  0.496010  0.715908  0.713282  0.703825  0.711443  0.559445  0.652698  0.637694  0.709420  0.749333  0.668435  0.650111  0.757304  0.719617  0.606596  0.715952  0.620025  0.634923  0.487671  0.677303  0.685164  0.767739  0.633054  0.441096  0.671105  0.673391  0.676482  0.683059  0.659361  0.687020  0.708473  0.627671  0.765501  0.585283  0.847375  0.678428  0.655690  0.592069  0.571237  0.672304  0.686858  0.763227  0.796138  0.809317  0.689840  0.655288  0.751988  0.650939  0.676581  0.714024  0.577803  0.601202  0.796928  0.651343  0.687971  0.801894  0.734300  0.618918  0.627419  0.773577  0.574287  0.601045  0.565261  0.763403  0.645130  0.671487  0.674604 
29  0.508644  0.565293  0.517190  0.439050  0.893141  0.542501  0.364353  0.534967  0.556635  0.556338  0.617657  0.519577  0.470528  0.613866  0.568392  0.337705  0.537202  0.490465  0.417833  0.520068  0.357944  0.517612  0.488776  0.437314  0.794805  0.614047  0.541218  0.544701  0.638294 0.0  0.532199  0.423249  0.529305  0.528809  0.471086  0.667164  0.656812  0.518788  0.558232  0.402468  0.530848  0.604432  0.427689  0.563233  0.457850  0.309892  0.531193  0.648267  0.516031  0.387059  0.540071  0.568648  0.746788  0.231393  0.524116  0.462740  0.437099  0.539702  0.418198  0.504950  0.423723  0.493577  0.457270  0.530072  0.545173  0.841290  0.584809  0.515870  0.464248  0.549871  0.383914  0.812120  0.565221  0.868847  0.680622  0.590268  0.280696  0.682155  0.487456  0.525848  0.519991  0.391127  0.383136  0.866412  0.438238  0.518069  0.585133  0.623146  0.485178  0.418043  0.832510  0.502945  0.468246  0.399187  0.727689  0.532027  0.522554  0.556936 
30  0.642980  0.592371  0.555489  0.734957  0.844413  0.513943  0.575628  0.561708  0.608063  0.661663  0.590891  0.704454  0.611743  0.660881  0.616561  0.686720  0.627608  0.577378  0.627886  0.535845  0.597900  0.650590  0.557742  0.535635  0.790778  0.540356  0.596971  0.608189  0.569238  0.532199 0.0  0.536181  0.528182  0.513507  0.624868  0.708015  0.728037  0.555266  0.597492  0.659651  0.637454  0.452936  0.620509  0.592833  0.607572  0.583648  0.624608  0.596595  0.601964  0.633262  0.717291  0.598122  0.793080  0.585001  0.611726  0.567874  0.699925  0.652093  0.602045  0.611677  0.531644  0.677445  0.695192  0.556242  0.593783  0.824631  0.674229  0.510122  0.607311  0.629454  0.587080  0.794206  0.594147  0.805711  0.813036  0.603132  0.544545  0.746763  0.536873  0.624879  0.621673  0.649664  0.634260  0.757380  0.596371  0.662460  0.670548  0.632688  0.669783  0.533901  0.847660  0.649266  0.547748  0.594168  0.716509  0.639967  0.706001  0.567318 
31  0.394170  0.448396  0.446184  0.390337  0.588508  0.398562  0.490609  0.592890  0.353327  0.451376  0.536623  0.425487  0.426638  0.383383  0.406249  0.404537  0.354903  0.444079  0.378128  0.434991  0.481269  0.524018  0.427423  0.423443  0.790809  0.398362  0.477963  0.294795  0.496010  0.423249  0.536181 0.0  0.398601  0.404349  0.426148  0.716034  0.348056  0.372747  0.317915  0.379611  0.355928  0.469195  0.436165  0.319048  0.407972  0.353489  0.348886  0.449461  0.468484  0.320145  0.494453  0.356233  0.762516  0.431606  0.592030  0.474839  0.429649  0.520993  0.361645  0.505216  0.470267  0.354754  0.335096  0.446422  0.367240  0.775383  0.501744  0.206645  0.404159  0.378389  0.410695  0.712009  0.465258  0.806668  0.683024  0.491448  0.520646  0.712288  0.433461  0.396753  0.455632  0.453831  0.429707  0.737583  0.406410  0.419244  0.476233  0.448149  0.433798  0.429442  0.738099  0.461009  0.511765  0.438698  0.739327  0.447742  0.309308  0.363480 
32  0.506937  0.525813  0.555292  0.528496  0.889771  0.573888  0.406806  0.707309  0.502412  0.477151  0.575525  0.523550  0.611265  0.544345  0.526790  0.393969  0.478963  0.636076  0.537311  0.565891  0.459214  0.540318  0.581370  0.614325  0.782769  0.647834  0.564048  0.540111  0.715908  0.529305  0.528182  0.398601 0.0  0.491148  0.445026  0.755304  0.547500  0.556379  0.515354  0.423336  0.572415  0.548991  0.305882  0.572493  0.467616  0.364301  0.597864  0.368489  0.457819  0.544166  0.579628  0.597896  0.807608  0.400740  0.571490  0.538143  0.497279  0.595788  0.273336  0.564770  0.207459  0.556964  0.434450  0.479341  0.599247  0.952478  0.527230  0.501113  0.513167  0.623635  0.513229  0.705147  0.577412  0.869581  0.802525  0.504822  0.447484  0.763580  0.491267  0.568904  0.576538  0.576345  0.437777  0.695431  0.260525  0.502639  0.484605  0.530737  0.479154  0.484351  0.919021  0.572208  0.641956  0.591738  0.710358  0.524801  0.484373  0.572149 
33  0.385066  0.368603  0.323545  0.515998  0.813670  0.518319  0.632719  0.646150  0.355886  0.373082  0.590621  0.502770  0.264883  0.320284  0.312672  0.472685  0.420586  0.322528  0.248778  0.408264  0.650536  0.343348  0.417095  0.323906  0.802873  0.445871  0.384936  0.508088  0.713282  0.528809  0.513507  0.404349  0.491148 0.0  0.498211  0.700395  0.359733  0.321130  0.309315  0.594533  0.285809  0.263366  0.556405  0.386141  0.404970  0.570595  0.422682  0.480712  0.511243  0.273460  0.338093  0.358964  0.834387  0.517152  0.623348  0.347686  0.330442  0.205161  0.609280  0.339507  0.498784  0.354847  0.422400  0.317464  0.272329  0.831649  0.258069  0.373581  0.514480  0.363894  0.486960  0.716509  0.510454  0.829379  0.802208  0.397180  0.579084  0.700252  0.382326  0.397256  0.312824  0.428195  0.601073  0.688314  0.463237  0.500430  0.351283  0.251456  0.397189  0.434898  0.777686  0.517646  0.260611  0.495821  0.750358  0.409947  0.440744  0.331654 
34  0.448380  0.509352  0.534913  0.570688  0.915851  0.440911  0.544442  0.655443  0.563843  0.477548  0.648240  0.461265  0.532733  0.508046  0.542010  0.540285  0.434205  0.496774  0.490704  0.420582  0.481949  0.596113  0.484978  0.519260  0.875704  0.489497  0.443636  0.481500  0.703825  0.471086  0.624868  0.426148  0.445026  0.498211 0.0  0.722554  0.456400  0.562735  0.552685  0.426200  0.433371  0.506824  0.554384  0.520650  0.445244  0.502259  0.548344  0.329779  0.261427  0.404616  0.475240  0.414804  0.811012  0.487164  0.599619  0.513899  0.519156  0.578379  0.530801  0.533906  0.450103  0.601462  0.525450  0.482292  0.455864  0.820580  0.532359  0.572750  0.459145  0.468335  0.405474  0.738316  0.539317  0.819452  0.700844  0.477774  0.486540  0.701705  0.492351  0.540311  0.479892  0.493569  0.521947  0.735837  0.504355  0.398951  0.482144  0.507335  0.560309  0.626253  0.809691  0.408702  0.516219  0.388966  0.747656  0.499228  0.504248  0.464504 
35  0.745023  0.785248  0.731729  0.752782  0.782233  0.690512  0.780297  0.679296  0.812622  0.811644  0.680878  0.737326  0.623939  0.797088  0.776326  0.740867  0.743885  0.792786  0.741223  0.743889  0.671305  0.742907  0.671504  0.687287  0.704486  0.782657  0.694235  0.871128  0.711443  0.667164  0.708015  0.716034  0.755304  0.700395  0.722554 0.0  0.735705  0.731149  0.729120  0.788141  0.668890  0.742329  0.688700  0.818788  0.686398  0.651739  0.777219  0.713276  0.767025  0.699783  0.858247  0.770954  0.666572  0.756486  0.762571  0.716120  0.699695  0.682140  0.696971  0.680265  0.718980  0.773258  0.732637  0.613638  0.688282  0.564509  0.710525  0.738564  0.684815  0.693007  0.757611  0.234322  0.732522  0.761118  0.748717  0.692531  0.801699  0.473860  0.719602  0.704760  0.727098  0.764327  0.814698  0.444566  0.733785  0.742656  0.869182  0.675337  0.682506  0.795406  0.607123  0.787977  0.756853  0.755587  0.711366  0.810610  0.757979  0.748038 
36  0.426002  0.277552  0.414904  0.434370  0.764393  0.571667  0.468335  0.687461  0.308143  0.347629  0.729618  0.498497  0.320068  0.372495  0.385446  0.539270  0.371896  0.237795  0.380372  0.434808  0.536607  0.298490  0.363549  0.362609  0.827591  0.275754  0.317630  0.491683  0.559445  0.656812  0.728037  0.348056  0.547500  0.359733  0.456400  0.735705 0.0  0.354999  0.238838  0.500560  0.329973  0.361452  0.541104  0.365439  0.581155  0.604985  0.281570  0.515915  0.495856  0.326391  0.321891  0.345877  0.801688  0.479042  0.643416  0.320678  0.293278  0.299701  0.615539  0.472954  0.543259  0.317268  0.542730  0.298936  0.309646  0.843832  0.361675  0.302227  0.296803  0.452255  0.523460  0.783395  0.424763  0.793259  0.818204  0.358151  0.534469  0.713635  0.353588  0.334766  0.376213  0.419698  0.498218  0.765619  0.422564  0.506321  0.249367  0.271151  0.479651  0.607761  0.837282  0.509097  0.370094  0.494639  0.768480  0.474617  0.428221  0.293404 
37  0.355655  0.340638  0.340957  0.451200  0.744032  0.474589  0.616185  0.688688  0.311431  0.260596  0.641922  0.467571  0.262506  0.348414  0.357148  0.492119  0.340929  0.411739  0.349108  0.510587  0.481925  0.320603  0.389952  0.287022  0.838469  0.378658  0.272909  0.531077  0.652698  0.518788  0.555266  0.372747  0.556379  0.321130  0.562735  0.731149  0.354999 0.0  0.167530  0.498290  0.420418  0.311827  0.522454  0.429482  0.478618  0.509637  0.369012  0.537625  0.559454  0.384130  0.398996  0.259428  0.794657  0.522816  0.483167  0.308639  0.364543  0.367551  0.540666  0.284702  0.511768  0.301679  0.295087  0.292640  0.356695  0.842379  0.383760  0.367829  0.426229  0.466256  0.482878  0.719390  0.471790  0.826849  0.805266  0.373251  0.557537  0.693055  0.394956  0.389976  0.286573  0.389936  0.553941  0.820412  0.468663  0.455678  0.315651  0.336790  0.453685  0.488592  0.753315  0.478454  0.357142  0.587066  0.808465  0.440730  0.396791  0.292515 
38  0.318057  0.379633  0.306040  0.384756  0.803387  0.511464  0.601127  0.596246  0.408469  0.432046  0.755453  0.540112  0.348168  0.334650  0.359625  0.535125  0.337958  0.280357  0.340167  0.459078  0.563159  0.406380  0.323034  0.421011  0.904578  0.324744  0.370105  0.537965  0.637694  0.558232  0.597492  0.317915  0.515354  0.309315  0.552685  0.729120  0.238838  0.167530 0.0  0.543729  0.265230  0.418892  0.567751  0.392022  0.623810  0.505707  0.309916  0.413826  0.433073  0.218100  0.347184  0.254406  0.863811  0.526879  0.605805  0.334591  0.448594  0.272226  0.575318  0.258720  0.513450  0.361051  0.432206  0.432156  0.285361  0.899677  0.404029  0.296012  0.345901  0.379148  0.723861  0.783838  0.401745  0.831191  0.851275  0.440383  0.602958  0.714144  0.350984  0.428417  0.396700  0.358465  0.532646  0.749260  0.468747  0.549454  0.292523  0.429801  0.384318  0.600134  0.924485  0.528801  0.376798  0.448452  0.829294  0.399241  0.457891  0.346240 
39  0.458165  0.469408  0.501811  0.475208  0.870074  0.346755  0.468013  0.693782  0.482404  0.539505  0.609301  0.447886  0.519092  0.520766  0.449930  0.430556  0.426459  0.485048  0.518946  0.415671  0.537152  0.503072  0.485291  0.569879  0.888817  0.448441  0.511362  0.329832  0.709420  0.402468  0.659651  0.379611  0.423336  0.594533  0.426200  0.788141  0.500560  0.498290  0.543729 0.0  0.594535  0.450211  0.456103  0.501637  0.267737  0.578104  0.546884  0.368393  0.331396  0.548721  0.448835  0.491178  0.801682  0.513156  0.622254  0.604028  0.466138  0.507169  0.565637  0.548771  0.388193  0.456162  0.575231  0.441690  0.478136  0.787851  0.505351  0.575080  0.398994  0.570249  0.497549  0.812602  0.445827  0.830779  0.798040  0.551324  0.457791  0.678454  0.445056  0.540031  0.553079  0.520238  0.509162  0.734828  0.541446  0.406488  0.604717  0.454749  0.451004  0.472480  0.765312  0.314610  0.471141  0.341350  0.765116  0.484372  0.447401  0.424644 
