98
0 0.0  0.644267  0.317339  0.432890  0.451037  0.377625  0.383705  0.376901  0.338427  0.425996  0.383068  0.373751  0.591177  0.809628  0.639764  0.829521  0.404489  0.428757  0.320074  0.364651  0.381083  0.381540  0.509424  0.383800  0.791440  0.482412  0.376726  0.353989  0.606518  0.655886  0.371366  0.699437  0.280931  0.614629  0.412940  0.339313  0.499372  0.554210  0.374918  0.538940  0.591618  0.467627  0.406450  0.898704  0.288992  0.402165  0.772973  0.884628  0.362382  0.302262  0.322661  0.366916  0.425604  0.376791  0.879126  0.518770  0.450356  0.322652  0.411232  0.351806  0.288618  0.359339  0.371425  0.576217  0.783493  0.609123  0.458322  0.332221  0.609945  0.334788  0.415442  0.608172  0.361027  0.323268  0.528041  0.718606  0.537981  0.302577  0.411868  0.443139  0.283186  0.545889  0.382014  0.899222  0.561827  0.749084  0.367356  0.268335  0.276932  0.225910  0.572614  0.326583  0.239489  0.513021  0.597233  0.476193  0.628954  0.524337 
1  0.644267 0.0  0.656128  0.769313  0.751416  0.631382  0.646508  0.675988  0.581494  0.704508  0.608697  0.629668  0.748719  0.810355  0.620394  0.924015  0.585270  0.696593  0.653270  0.757953  0.681833  0.612097  0.656457  0.668984  0.863469  0.717740  0.659646  0.674180  0.591961  0.672466  0.664432  0.283240  0.711833  0.617688  0.635952  0.663174  0.570459  0.544567  0.668725  0.678370  0.693120  0.607351  0.657011  0.911982  0.621766  0.688333  0.663611  0.815054  0.683851  0.526625  0.666922  0.705208  0.689060  0.579414  0.854785  0.630916  0.661110  0.669224  0.687096  0.698283  0.663486  0.632132  0.675082  0.647368  0.824252  0.620073  0.531623  0.654361  0.684902  0.711546  0.749373  0.784297  0.673624  0.673749  0.658097  0.400816  0.719446  0.660371  0.654629  0.720629  0.620660  0.666680  0.653141  0.757889  0.655791  0.794420  0.543937  0.740797  0.656135  0.760714  0.632272  0.655567  0.686647  0.667181  0.631751  0.710432  0.287193  0.681256 
2  0.317339  0.656128 0.0  0.339645  0.385181  0.447236  0.434505  0.316541  0.390047  0.373642  0.308333  0.191224  0.589052  0.768339  0.627038  0.835142  0.283264  0.477374  0.383241  0.334630  0.354194  0.415653  0.559143  0.273334  0.849329  0.487106  0.292516  0.417311  0.469849  0.540018  0.379953  0.625956  0.338828  0.544935  0.358005  0.347830  0.629948  0.615129  0.327332  0.391939  0.536915  0.481045  0.372384  0.869094  0.298886  0.304689  0.706825  0.893437  0.218987  0.318892  0.367591  0.378431  0.378600  0.396602  0.890702  0.564110  0.502789  0.304878  0.305707  0.268140  0.417914  0.358334  0.316774  0.586881  0.931253  0.514755  0.355847  0.369459  0.575925  0.188655  0.279300  0.586593  0.423523  0.473792  0.523712  0.745459  0.512855  0.393172  0.416728  0.476488  0.405931  0.500909  0.369089  0.868272  0.532431  0.738958  0.350919  0.323469  0.293587  0.394211  0.609026  0.298401  0.229011  0.594024  0.657314  0.402484  0.606567  0.606400 
3  0.432890  0.769313  0.339645 0.0  0.403462  0.490692  0.444984  0.335144  0.313316  0.377465  0.418306  0.279570  0.603171  0.656182  0.601296  0.797790  0.318080  0.413449  0.273470  0.277039  0.397012  0.217138  0.526017  0.295694  0.889905  0.555652  0.359299  0.288698  0.558894  0.502127  0.308980  0.597313  0.322790  0.675255  0.431042  0.410695  0.560522  0.532400  0.431074  0.539467  0.596478  0.474684  0.305348  0.798220  0.286627  0.262633  0.788946  0.789068  0.446920  0.343125  0.448468  0.341829  0.422539  0.353754  0.870851  0.546182  0.534296  0.289232  0.365118  0.387170  0.462838  0.331797  0.310430  0.540737  0.777038  0.465669  0.483794  0.301601  0.588906  0.338676  0.456773  0.560223  0.265466  0.381395  0.516075  0.643533  0.590140  0.347861  0.283151  0.432881  0.304513  0.549879  0.359772  0.830965  0.665073  0.667025  0.260039  0.452493  0.432425  0.316661  0.565582  0.376517  0.299638  0.566427  0.589106  0.484695  0.583559  0.539517 
4  0.451037  0.751416  0.385181  0.403462 0.0  0.485662  0.350847  0.368643  0.339659  0.459295  0.411292  0.427643  0.530799  0.782354  0.566270  0.935409  0.399376  0.520480  0.412062  0.451473  0.371117  0.323003  0.632112  0.401228  0.794132  0.519283  0.425706  0.378787  0.464726  0.444750  0.400448  0.607888  0.453129  0.512931  0.405226  0.385123  0.433332  0.688410  0.329326  0.425183  0.517006  0.570360  0.339747  0.900316  0.451530  0.344575  0.652778  0.933528  0.424590  0.476928  0.453969  0.355127  0.364700  0.407745  0.847052  0.469691  0.520560  0.399093  0.477628  0.303846  0.332772  0.501991  0.415631  0.545396  0.867030  0.545046  0.451202  0.372417  0.488181  0.363481  0.427091  0.594591  0.403124  0.493096  0.594004  0.639420  0.454691  0.432715  0.402914  0.372551  0.476092  0.582290  0.503828  0.792394  0.526275  0.761950  0.320895  0.375985  0.405995  0.343143  0.612673  0.407093  0.530454  0.516595  0.641569  0.465383  0.665694  0.480098 
5  0.377625  0.631382  0.447236  0.490692  0.485662 0.0  0.480668  0.434346  0.554027  0.419903  0.450516  0.377675  0.527317  0.725968  0.430372  0.824769  0.435719  0.348122  0.314780  0.373524  0.361959  0.411306  0.508674  0.353126  0.956120  0.531287  0.517877  0.491844  0.425536  0.514529  0.431988  0.711915  0.380691  0.443412  0.386522  0.472679  0.432564  0.627570  0.399685  0.585981  0.558366  0.372700  0.324950  0.887582  0.426776  0.376396  0.724051  0.826240  0.430429  0.380733  0.368454  0.368586  0.428358  0.466092  0.831280  0.524825  0.396771  0.383152  0.395863  0.392065  0.313132  0.475349  0.389991  0.356567  0.892604  0.421116  0.415524  0.372217  0.563533  0.449841  0.499559  0.475356  0.426732  0.525480  0.438747  0.682574  0.522457  0.409705  0.499813  0.390436  0.389103  0.515591  0.369782  0.883530  0.435677  0.680757  0.462373  0.432410  0.462862  0.476591  0.488137  0.373937  0.456483  0.491021  0.707943  0.342743  0.574566  0.520734 
6  0.383705  0.646508  0.434505  0.444984  0.350847  0.480668 0.0  0.491398  0.421284  0.468516  0.487248  0.493780  0.547700  0.695667  0.486816  0.901968  0.513748  0.359657  0.560786  0.479978  0.471639  0.444928  0.630255  0.435305  0.788243  0.428169  0.426680  0.485403  0.546222  0.482637  0.454439  0.651264  0.448070  0.474966  0.492170  0.511115  0.490217  0.754716  0.407829  0.629502  0.515657  0.567046  0.509382  0.872980  0.473728  0.543209  0.765020  0.806204  0.582844  0.371667  0.441446  0.465360  0.348525  0.391761  0.795898  0.499155  0.473714  0.369754  0.340285  0.513267  0.557363  0.370048  0.378924  0.564356  0.879832  0.464920  0.525853  0.341440  0.516407  0.498169  0.485868  0.556787  0.400394  0.250783  0.560618  0.613567  0.565464  0.557594  0.434807  0.414524  0.450790  0.591091  0.395636  0.841094  0.587335  0.824491  0.465650  0.381617  0.461881  0.465320  0.608475  0.426955  0.490836  0.573822  0.668019  0.463778  0.525561  0.525032 
7  0.376901  0.675988  0.316541  0.335144  0.368643  0.434346  0.491398 0.0  0.308105  0.257393  0.317109  0.377319  0.680602  0.723801  0.517043  0.875310  0.312395  0.403676  0.325445  0.383393  0.253900  0.255999  0.553699  0.346325  0.866322  0.413771  0.329178  0.388578  0.508440  0.562466  0.328438  0.739514  0.409083  0.537159  0.279818  0.446880  0.454982  0.664433  0.320590  0.485343  0.510090  0.448085  0.393434  0.775487  0.268548  0.268288  0.719364  0.832455  0.260029  0.289684  0.350730  0.351037  0.354938  0.428625  0.874010  0.646728  0.482085  0.254831  0.277326  0.397726  0.389858  0.280131  0.295419  0.652154  0.766705  0.508301  0.467105  0.274937  0.624916  0.416047  0.338495  0.574081  0.333348  0.449912  0.564812  0.673954  0.556420  0.342637  0.389950  0.451206  0.221937  0.467227  0.328492  0.830485  0.641958  0.694163  0.355489  0.432291  0.420768  0.278938  0.530736  0.216272  0.274918  0.452708  0.631922  0.466177  0.702161  0.554580 
8  0.338427  0.581494  0.390047  0.313316  0.339659  0.554027  0.421284  0.308105 0.0  0.310354  0.356185  0.423553  0.483727  0.688201  0.513044  0.857766  0.370625  0.382275  0.330277  0.368403  0.371571  0.471535  0.581045  0.254896  0.813397  0.482277  0.363830  0.343656  0.491795  0.551791  0.285602  0.685789  0.422721  0.578909  0.309702  0.384912  0.563891  0.576869  0.363389  0.426060  0.589133  0.456470  0.414493  0.879583  0.295114  0.322151  0.782360  0.795963  0.344937  0.277926  0.410330  0.422334  0.340558  0.402712  0.773600  0.512228  0.489720  0.305886  0.317997  0.274950  0.403870  0.413488  0.228788  0.541621  0.960260  0.478174  0.415897  0.465758  0.518299  0.311916  0.308264  0.645282  0.254737  0.435577  0.511820  0.644331  0.465646  0.357121  0.405566  0.373711  0.443816  0.530657  0.437466  0.789286  0.546763  0.735795  0.439045  0.357303  0.321446  0.319886  0.497489  0.342573  0.266107  0.570980  0.661372  0.467325  0.589315  0.529760 
9  0.425996  0.704508  0.373642  0.377465  0.459295  0.419903  0.468516  0.257393  0.310354 0.0  0.397608  0.387040  0.446382  0.732597  0.561353  0.814539  0.367938  0.506529  0.376050  0.361388  0.354395  0.302374  0.505090  0.318017  0.770084  0.482329  0.534112  0.401296  0.495349  0.535770  0.327483  0.574357  0.299383  0.547654  0.246021  0.379180  0.560007  0.673028  0.381376  0.556114  0.467426  0.436892  0.388289  0.852877  0.250845  0.325259  0.767829  0.896817  0.381738  0.254527  0.419044  0.344880  0.320842  0.421252  0.889565  0.550192  0.514986  0.435526  0.324558  0.380127  0.363493  0.344696  0.317212  0.571124  0.987697  0.588224  0.384899  0.401984  0.536270  0.307879  0.318361  0.529470  0.360823  0.497557  0.545767  0.666182  0.532622  0.310941  0.288611  0.475257  0.383771  0.569904  0.414398  0.756364  0.625483  0.699896  0.323942  0.272488  0.232389  0.401093  0.547794  0.340468  0.308729  0.594867  0.555010  0.435080  0.629710  0.555910 
10  0.383068  0.608697  0.308333  0.418306  0.411292  0.450516  0.487248  0.317109  0.356185  0.397608 0.0  0.250627  0.603214  0.798868  0.497742  0.815082  0.363851  0.387485  0.278496  0.336848  0.375195  0.356192  0.590966  0.360351  0.887789  0.506370  0.406366  0.208141  0.423355  0.517628  0.313821  0.596703  0.340328  0.522394  0.315165  0.385368  0.471197  0.757790  0.317665  0.588790  0.550938  0.496248  0.383939  0.820492  0.467605  0.302517  0.847776  0.805534  0.336196  0.321676  0.410915  0.407099  0.331117  0.302684  0.843950  0.596745  0.531330  0.245156  0.323571  0.327416  0.327717  0.395731  0.354103  0.665212  0.933276  0.579839  0.491245  0.259941  0.595049  0.232933  0.390567  0.527750  0.285553  0.473479  0.474129  0.753806  0.571835  0.359710  0.338574  0.419794  0.275088  0.480923  0.349436  0.905606  0.508117  0.835771  0.245170  0.372509  0.364376  0.313803  0.445143  0.409494  0.297342  0.516545  0.563813  0.484283  0.697380  0.548187 
11  0.373751  0.629668  0.191224  0.279570  0.427643  0.377675  0.493780  0.377319  0.423553  0.387040  0.250627 0.0  0.582115  0.753878  0.603190  0.811052  0.303388  0.436550  0.301379  0.274739  0.268672  0.420052  0.538966  0.407951  0.849129  0.512750  0.397646  0.359040  0.536129  0.573454  0.319303  0.722370  0.312430  0.565338  0.362158  0.378585  0.529406  0.684631  0.325411  0.465697  0.502994  0.467114  0.297958  0.807141  0.252413  0.334029  0.716163  0.777335  0.359755  0.272595  0.278067  0.308489  0.261496  0.386727  0.795384  0.544692  0.543969  0.334175  0.302112  0.359248  0.273725  0.247131  0.257939  0.516875  0.780751  0.545282  0.442695  0.291521  0.712635  0.441372  0.284509  0.538517  0.363774  0.434609  0.467386  0.624044  0.572510  0.281282  0.333224  0.499748  0.292914  0.504014  0.261150  0.885956  0.636029  0.643004  0.444246  0.431655  0.419623  0.402037  0.525368  0.337116  0.315699  0.586953  0.681129  0.456265  0.650598  0.579892 
12  0.591177  0.748719  0.589052  0.603171  0.530799  0.527317  0.547700  0.680602  0.483727  0.446382  0.603214  0.582115 0.0  0.774228  0.448569  0.826030  0.449540  0.469960  0.592142  0.525849  0.511861  0.548897  0.397753  0.425521  0.888809  0.403121  0.598708  0.423841  0.623532  0.397679  0.621194  0.631408  0.591342  0.279614  0.576793  0.529852  0.357947  0.687845  0.529375  0.327539  0.486195  0.316679  0.527365  0.904752  0.575203  0.561751  0.666665  0.703556  0.485399  0.506726  0.626891  0.566491  0.617729  0.418105  0.808750  0.587955  0.389018  0.583562  0.573687  0.538797  0.694076  0.598949  0.566536  0.410964  0.818249  0.431688  0.553063  0.619274  0.306093  0.476742  0.467203  0.383907  0.431979  0.474586  0.449936  0.676977  0.469616  0.592494  0.503468  0.633660  0.469056  0.557309  0.542747  0.757793  0.304660  0.724089  0.621782  0.504233  0.627438  0.564344  0.507278  0.397952  0.589780  0.380442  0.647217  0.484896  0.599200  0.310081 
13  0.809628  0.810355  0.768339  0.656182  0.782354  0.725968  0.695667  0.723801  0.688201  0.732597  0.798868  0.753878  0.774228 0.0  0.864940  0.743933  0.782098  0.666718  0.748125  0.801493  0.666046  0.782471  0.649235  0.758670  0.837695  0.766739  0.635941  0.781247  0.676301  0.765007  0.701889  0.688580  0.698247  0.774865  0.689650  0.711414  0.767987  0.824767  0.859823  0.831075  0.743209  0.691602  0.777861  0.785490  0.720983  0.749201  0.446799  0.665137  0.681249  0.714337  0.708965  0.743447  0.763533  0.705289  0.403903  0.719741  0.747254  0.746595  0.703224  0.758632  0.695826  0.892605  0.698703  0.818389  0.724389  0.706503  0.837289  0.713550  0.810045  0.726403  0.814330  0.829398  0.793294  0.721246  0.767160  0.670359  0.872113  0.732245  0.673784  0.746663  0.750315  0.671783  0.775061  0.793471  0.861645  0.337539  0.674147  0.767603  0.765970  0.732084  0.836429  0.768626  0.745425  0.729053  0.766181  0.722808  0.687133  0.624463 
14  0.639764  0.620394  0.627038  0.601296  0.566270  0.430372  0.486816  0.517043  0.513044  0.561353  0.497742  0.603190  0.448569  0.864940 0.0  0.687281  0.480163  0.526781  0.573367  0.472025  0.521073  0.559695  0.367254  0.473175  0.850038  0.551492  0.386938  0.496903  0.538609  0.475349  0.507309  0.554389  0.516722  0.286808  0.532645  0.575142  0.384944  0.567519  0.482947  0.440585  0.377001  0.415014  0.560983  0.870432  0.485317  0.598160  0.716500  0.810391  0.561543  0.491016  0.518907  0.566605  0.617430  0.396538  0.893300  0.442535  0.489309  0.484453  0.443053  0.475414  0.476394  0.503708  0.538261  0.334805  0.756499  0.366926  0.418783  0.533442  0.459034  0.410541  0.445061  0.427374  0.522259  0.446843  0.503472  0.569901  0.659142  0.433904  0.516262  0.566867  0.642153  0.554400  0.513261  0.809124  0.332479  0.715874  0.465900  0.578259  0.518738  0.518419  0.467731  0.440212  0.486000  0.466862  0.631282  0.511826  0.684988  0.422502 
15  0.829521  0.924015  0.835142  0.797790  0.935409  0.824769  0.901968  0.875310  0.857766  0.814539  0.815082  0.811052  0.826030  0.743933  0.687281 0.0  0.882969  0.903715  0.806019  0.855813  0.763945  0.859303  0.897996  0.865140  0.297516  0.905608  0.784504  0.877283  0.892884  0.799883  0.841881  0.893169  0.876835  0.822249  0.864042  0.917018  0.837252  0.902927  0.764876  0.783115  0.856013  0.862163  0.874999  0.276487  0.897560  0.845398  0.773482  0.339666  0.916070  0.966028  0.914509  0.933922  0.911117  0.740041  0.878515  0.918099  0.942038  0.886994  0.805553  0.859703  0.744421  0.827264  0.885693  0.869097  0.249588  0.827163  0.851847  0.864031  0.818779  0.873274  0.832665  0.923224  0.802560  0.836531  0.782977  0.840707  0.822330  0.804384  0.779874  0.735606  0.905069  0.891181  0.906092  0.785747  0.833261  0.769400  0.796316  0.848611  0.765759  0.805890  0.837255  0.810625  0.894462  0.837024  0.845279  0.891530  0.801701  0.797421 
16  0.404489  0.585270  0.283264  0.318080  0.399376  0.435719  0.513748  0.312395  0.370625  0.367938  0.363851  0.303388  0.449540  0.782098  0.480163  0.882969 0.0  0.463336  0.493674  0.296165  0.426856  0.316303  0.473950  0.410229  0.841966  0.551938  0.504664  0.458161  0.526051  0.512075  0.393130  0.671065  0.272443  0.496722  0.351040  0.384399  0.431046  0.642294  0.372808  0.514797  0.595341  0.572501  0.350507  0.808529  0.346850  0.381248  0.629076  0.790125  0.382313  0.427831  0.357996  0.343350  0.317358  0.437035  0.933194  0.601848  0.512946  0.274142  0.317662  0.398029  0.260651  0.393449  0.384496  0.563444  0.785173  0.529700  0.482578  0.351416  0.559436  0.386682  0.328540  0.493223  0.254640  0.352257  0.601978  0.603485  0.574025  0.453711  0.263615  0.396522  0.325140  0.429233  0.322215  0.885996  0.499265  0.842443  0.408860  0.359957  0.312116  0.369369  0.503349  0.448656  0.409160  0.572911  0.565344  0.419074  0.684553  0.560905 
17  0.428757  0.696593  0.477374  0.413449  0.520480  0.348122  0.359657  0.403676  0.382275  0.506529  0.387485  0.436550  0.469960  0.666718  0.526781  0.903715  0.463336 0.0  0.465288  0.520649  0.454770  0.389645  0.512461  0.395388  0.832261  0.551543  0.397380  0.452732  0.490960  0.474062  0.480091  0.727312  0.478998  0.555329  0.434807  0.360281  0.492352  0.641772  0.470078  0.585404  0.520765  0.596328  0.448751  0.751038  0.441718  0.340096  0.701089  0.741666  0.533596  0.495987  0.456029  0.410274  0.454338  0.388086  0.830736  0.512313  0.469743  0.464138  0.445850  0.510803  0.459022  0.385849  0.518041  0.430069  0.823383  0.525151  0.497716  0.400893  0.417553  0.461881  0.385745  0.535878  0.409878  0.465211  0.588768  0.624197  0.553378  0.365325  0.447995  0.396733  0.483950  0.435653  0.512199  0.863298  0.478555  0.774016  0.549815  0.430779  0.411383  0.511252  0.588162  0.426642  0.429042  0.488890  0.662060  0.423133  0.514772  0.508775 
18  0.320074  0.653270  0.383241  0.273470  0.412062  0.314780  0.560786  0.325445  0.330277  0.376050  0.278496  0.301379  0.592142  0.748125  0.573367  0.806019  0.493674  0.465288 0.0  0.332169  0.372681  0.361452  0.473058  0.270352  0.836853  0.573013  0.470071  0.253846  0.453124  0.462074  0.350176  0.596503  0.294365  0.493740  0.327832  0.292345  0.545571  0.712190  0.454479  0.546699  0.568478  0.514593  0.364999  0.859768  0.445261  0.397365  0.776874  0.706524  0.377899  0.258562  0.343179  0.320629  0.247535  0.407195  0.976681  0.529523  0.572493  0.320469  0.394026  0.250545  0.334567  0.265514  0.344575  0.544483  0.810382  0.625900  0.519482  0.408141  0.548198  0.334495  0.371850  0.560567  0.440092  0.417703  0.534827  0.701852  0.565561  0.350782  0.387791  0.466647  0.421952  0.516912  0.239279  0.842379  0.549898  0.731058  0.235664  0.406091  0.384510  0.366683  0.588864  0.250467  0.340583  0.619671  0.604450  0.478063  0.607712  0.573279 
19  0.364651  0.757953  0.334630  0.277039  0.451473  0.373524  0.479978  0.383393  0.368403  0.361388  0.336848  0.274739  0.525849  0.801493  0.472025  0.855813  0.296165  0.520649  0.332169 0.0  0.361515  0.318705  0.551837  0.352520  0.900184  0.575861  0.406863  0.324031  0.546940  0.553627  0.436114  0.837818  0.292674  0.600660  0.274014  0.397102  0.479971  0.585720  0.332066  0.499787  0.546269  0.528839  0.325914  0.854040  0.365529  0.292148  0.665025  0.785860  0.393774  0.347137  0.289450  0.415537  0.416967  0.456218  0.856748  0.590151  0.530909  0.300620  0.293866  0.278121  0.286722  0.247206  0.352298  0.550209  0.986468  0.608380  0.456991  0.275333  0.729802  0.418766  0.294899  0.516132  0.311396  0.584755  0.660245  0.700338  0.586973  0.358130  0.434725  0.477607  0.338473  0.499953  0.395883  0.896754  0.560729  0.738764  0.343266  0.341153  0.218668  0.308539  0.571528  0.418320  0.286725  0.411024  0.728081  0.477576  0.638313  0.520388 
20  0.381083  0.681833  0.354194  0.397012  0.371117  0.361959  0.471639  0.253900  0.371571  0.354395  0.375195  0.268672  0.511861  0.666046  0.521073  0.763945  0.426856  0.454770  0.372681  0.361515 0.0  0.315111  0.585975  0.351220  0.817408  0.539774  0.430743  0.303840  0.531571  0.580943  0.319961  0.702446  0.354712  0.608667  0.339945  0.464157  0.333823  0.730878  0.380821  0.532108  0.495111  0.602827  0.254337  0.721027  0.357116  0.388422  0.712679  0.814966  0.346523  0.380189  0.402652  0.373048  0.314261  0.515016  0.824662  0.504593  0.606705  0.433460  0.399296  0.374660  0.342907  0.392269  0.280411  0.507798  0.879238  0.572582  0.435550  0.289215  0.573170  0.372381  0.411738  0.457891  0.332757  0.449696  0.539037  0.626809  0.725850  0.522060  0.345792  0.553421  0.247361  0.587515  0.469036  0.832191  0.592682  0.639132  0.419467  0.353358  0.360584  0.290356  0.530097  0.405388  0.307942  0.501778  0.684284  0.460122  0.546073  0.580407 
21  0.381540  0.612097  0.415653  0.217138  0.323003  0.411306  0.444928  0.255999  0.471535  0.302374  0.356192  0.420052  0.548897  0.782471  0.559695  0.859303  0.316303  0.389645  0.361452  0.318705  0.315111 0.0  0.581257  0.372434  0.733475  0.481189  0.350313  0.425316  0.446932  0.491814  0.399180  0.616975  0.275856  0.607254  0.311917  0.400971  0.482668  0.610060  0.285833  0.497382  0.612646  0.482947  0.354965  0.843709  0.398756  0.404749  0.770994  0.814435  0.450561  0.313313  0.296428  0.381901  0.340128  0.396844  0.809567  0.575563  0.666688  0.275811  0.376795  0.286410  0.229765  0.414937  0.367841  0.512739  0.746719  0.571142  0.408829  0.378728  0.511521  0.297160  0.252190  0.620413  0.448155  0.448453  0.586228  0.674693  0.481642  0.359207  0.372788  0.401087  0.266335  0.513273  0.342263  0.894270  0.506242  0.689397  0.364069  0.298790  0.413099  0.420813  0.481270  0.378051  0.341721  0.487990  0.550705  0.564155  0.652743  0.527391 
22  0.509424  0.656457  0.559143  0.526017  0.632112  0.508674  0.630255  0.553699  0.581045  0.505090  0.590966  0.538966  0.397753  0.649235  0.367254  0.897996  0.473950  0.512461  0.473058  0.551837  0.585975  0.581257 0.0  0.545716  0.894591  0.443863  0.574314  0.573018  0.546418  0.321843  0.620617  0.628673  0.601815  0.394664  0.622378  0.532185  0.419417  0.588164  0.445119  0.418433  0.490520  0.330473  0.549123  0.873458  0.571281  0.528650  0.605700  0.932842  0.541196  0.465069  0.584652  0.490701  0.604787  0.352433  0.859963  0.662279  0.280932  0.549739  0.496331  0.576977  0.567223  0.543794  0.536614  0.578407  0.887012  0.527850  0.468908  0.481696  0.366583  0.529752  0.521217  0.527677  0.535110  0.487841  0.433242  0.686473  0.546653  0.589823  0.474623  0.497896  0.524148  0.472579  0.516134  0.787700  0.437116  0.726874  0.613790  0.504200  0.484735  0.541958  0.450305  0.543469  0.530236  0.425449  0.505825  0.644553  0.513657  0.544913 
23  0.383800  0.668984  0.273334  0.295694  0.401228  0.353126  0.435305  0.346325  0.254896  0.318017  0.360351  0.407951  0.425521  0.758670  0.473175  0.865140  0.410229  0.395388  0.270352  0.352520  0.351220  0.372434  0.545716 0.0  0.768071  0.524915  0.481733  0.333001  0.609361  0.550949  0.297388  0.550777  0.439956  0.661874  0.433015  0.364008  0.561463  0.626870  0.431987  0.558051  0.566849  0.551188  0.449874  0.893344  0.382507  0.470277  0.641617  0.852942  0.262259  0.324153  0.469861  0.291952  0.364240  0.394622  0.954986  0.505801  0.548299  0.294331  0.276743  0.380167  0.400073  0.436704  0.335749  0.647149  0.870840  0.488941  0.469619  0.344730  0.677588  0.414289  0.389810  0.525952  0.337918  0.437584  0.567982  0.714684  0.520254  0.262897  0.466295  0.380048  0.355874  0.499491  0.353067  0.835219  0.563426  0.702929  0.300771  0.467404  0.408682  0.373334  0.465221  0.302168  0.353682  0.491808  0.595165  0.475064  0.552395  0.541510 
24  0.791440  0.863469  0.849329  0.889905  0.794132  0.956120  0.788243  0.866322  0.813397  0.770084  0.887789  0.849129  0.888809  0.837695  0.850038  0.297516  0.841966  0.832261  0.836853  0.900184  0.817408  0.733475  0.894591  0.768071 0.0  0.763910  0.844041  0.733483  0.850409  0.809579  0.868877  0.861373  0.783226  0.737174  0.830062  0.800309  0.894902  0.835455  0.681952  0.869881  0.864378  0.857030  0.843217  0.223286  0.833201  0.909973  0.707273  0.272307  0.836011  0.806215  0.824088  0.891049  0.939137  0.784422  0.773335  0.776405  0.880843  0.815234  0.852407  0.792585  0.939975  0.850409  0.760426  0.911200  0.349630  0.888937  0.842996  0.864812  0.890550  0.757168  0.815106  0.896232  0.919091  0.860966  0.804376  0.855152  0.885194  0.815407  0.844214  0.807027  0.803672  0.822293  0.804028  0.650534  0.961546  0.713089  0.777144  0.773395  0.856472  0.962136  0.854958  0.865120  0.852255  0.841696  0.741400  0.858257  0.860350  0.855730 
25  0.482412  0.717740  0.487106  0.555652  0.519283  0.531287  0.428169  0.413771  0.482277  0.482329  0.506370  0.512750  0.403121  0.766739  0.551492  0.905608  0.551938  0.551543  0.573013  0.575861  0.539774  0.481189  0.443863  0.524915  0.763910 0.0  0.499808  0.482290  0.440101  0.467236  0.538307  0.661927  0.489189  0.512067  0.452995  0.420036  0.544435  0.722739  0.634064  0.571248  0.516944  0.404537  0.526642  0.880177  0.618357  0.506853  0.698204  0.854980  0.416017  0.595900  0.527980  0.405221  0.555941  0.372360  0.820841  0.386848  0.470658  0.473293  0.554317  0.423832  0.469402  0.481646  0.566964  0.522828  0.948662  0.529358  0.444877  0.617358  0.413199  0.536717  0.428250  0.536766  0.491704  0.439207  0.301614  0.601687  0.346833  0.516351  0.574139  0.449656  0.546633  0.482310  0.475052  0.803825  0.518400  0.703964  0.611389  0.514456  0.474236  0.606452  0.435046  0.472405  0.529567  0.531777  0.498359  0.446140  0.659530  0.467560 
26  0.376726  0.659646  0.292516  0.359299  0.425706  0.517877  0.426680  0.329178  0.363830  0.534112  0.406366  0.397646  0.598708  0.635941  0.386938  0.784504  0.504664  0.397380  0.470071  0.406863  0.430743  0.350313  0.574314  0.481733  0.844041  0.499808 0.0  0.535612  0.543403  0.444646  0.435558  0.655039  0.364794  0.507824  0.441147  0.395373  0.497241  0.600502  0.441745  0.442822  0.498168  0.493800  0.420246  0.800134  0.388693  0.363390  0.731268  0.874718  0.383820  0.387074  0.448636  0.388700  0.447085  0.417464  0.828379  0.626455  0.449723  0.439435  0.493424  0.378811  0.513540  0.433505  0.461276  0.574684  0.752544  0.510511  0.453191  0.509690  0.548752  0.497135  0.387749  0.459777  0.409614  0.415477  0.512914  0.709511  0.589969  0.337978  0.400420  0.384698  0.435524  0.521755  0.469987  0.956007  0.490851  0.658080  0.442013  0.427644  0.450153  0.375576  0.576580  0.427008  0.543205  0.545269  0.691684  0.416910  0.606400  0.460201 
27  0.353989  0.674180  0.417311  0.288698  0.378787  0.491844  0.485403  0.388578  0.343656  0.401296  0.208141  0.359040  0.423841  0.781247  0.496903  0.877283  0.458161  0.452732  0.253846  0.324031  0.303840  0.425316  0.573018  0.333001  0.733483  0.482290  0.535612 0.0  0.502049  0.634724  0.231947  0.614705  0.300808  0.510832  0.325823  0.349075  0.456898  0.691874  0.282743  0.464709  0.517550  0.503822  0.353029  0.894434  0.360216  0.461043  0.698281  0.764491  0.394571  0.235860  0.428435  0.388549  0.366410  0.456684  0.834682  0.568842  0.591606  0.367005  0.239187  0.263342  0.307424  0.462220  0.309863  0.611166  0.866587  0.508267  0.298870  0.320898  0.522808  0.329814  0.303322  0.494729  0.341804  0.388762  0.576265  0.614046  0.490076  0.251121  0.287085  0.445905  0.362789  0.473292  0.237030  0.794962  0.534618  0.714987  0.355413  0.356388  0.338624  0.366298  0.497479  0.398354  0.408752  0.595211  0.558906  0.429845  0.659727  0.538070 
28  0.606518  0.591961  0.469849  0.558894  0.464726  0.425536  0.546222  0.508440  0.491795  0.495349  0.423355  0.536129  0.623532  0.676301  0.538609  0.892884  0.526051  0.490960  0.453124  0.546940  0.531571  0.446932  0.546418  0.609361  0.850409  0.440101  0.543403  0.502049 0.0  0.538795  0.565566  0.633484  0.495276  0.532325  0.496301  0.550721  0.449518  0.601316  0.538725  0.489214  0.553608  0.496080  0.549581  0.830404  0.675159  0.477142  0.679415  0.859205  0.513978  0.523685  0.500893  0.640078  0.536739  0.369214  0.918491  0.375873  0.552344  0.615633  0.448040  0.443367  0.469463  0.538705  0.536882  0.586961  0.911691  0.550154  0.566382  0.599916  0.590652  0.579402  0.603353  0.569063  0.510968  0.618223  0.414058  0.721497  0.377956  0.553774  0.525624  0.453324  0.608843  0.284411  0.578155  0.840813  0.530180  0.732544  0.485049  0.448884  0.475922  0.563974  0.334430  0.435906  0.588209  0.508225  0.488525  0.467182  0.489903  0.518141 
29  0.655886  0.672466  0.540018  0.502127  0.444750  0.514529  0.482637  0.562466  0.551791  0.535770  0.517628  0.573454  0.397679  0.765007  0.475349  0.799883  0.512075  0.474062  0.462074  0.553627  0.580943  0.491814  0.321843  0.550949  0.809579  0.467236  0.444646  0.634724  0.538795 0.0  0.440036  0.635802  0.531561  0.273014  0.528981  0.608414  0.500041  0.605961  0.511852  0.307279  0.521742  0.491608  0.496989  0.955213  0.439039  0.567104  0.740822  0.771990  0.523614  0.464134  0.523985  0.509578  0.592762  0.341494  0.880505  0.441873  0.232285  0.507446  0.526697  0.591135  0.531469  0.483783  0.588042  0.575239  0.899655  0.435159  0.406742  0.499055  0.441021  0.480328  0.498069  0.378031  0.485037  0.612496  0.536395  0.720951  0.508753  0.537948  0.527916  0.528450  0.521672  0.551372  0.461580  0.872145  0.521505  0.791741  0.560286  0.687008  0.588832  0.505756  0.536110  0.465539  0.566177  0.374760  0.584835  0.574143  0.602919  0.409244 
30  0.371366  0.664432  0.379953  0.308980  0.400448  0.431988  0.454439  0.328438  0.285602  0.327483  0.313821  0.319303  0.621194  0.701889  0.507309  0.841881  0.393130  0.480091  0.350176  0.436114  0.319961  0.399180  0.620617  0.297388  0.868877  0.538307  0.435558  0.231947  0.565566  0.440036 0.0  0.586780  0.348988  0.468484  0.309277  0.425742  0.465727  0.625891  0.357720  0.556913  0.586793  0.444530  0.253136  0.875515  0.381164  0.324779  0.762286  0.904224  0.412575  0.296123  0.396304  0.260894  0.262989  0.337544  0.872961  0.625471  0.509753  0.339979  0.312346  0.379323  0.228463  0.413617  0.322927  0.521372  0.891122  0.563244  0.496820  0.317978  0.549891  0.381062  0.454302  0.602645  0.419667  0.425746  0.611647  0.607848  0.460076  0.332780  0.341522  0.474209  0.285726  0.569711  0.306727  0.943670  0.536272  0.657496  0.298607  0.337994  0.439553  0.281842  0.530104  0.342836  0.404400  0.526718  0.609141  0.380603  0.669126  0.646562 
31  0.699437  0.283240  0.625956  0.597313  0.607888  0.711915  0.651264  0.739514  0.685789  0.574357  0.596703  0.722370  0.631408  0.688580  0.554389  0.893169  0.671065  0.727312  0.596503  0.837818  0.702446  0.616975  0.628673  0.550777  0.861373  0.661927  0.655039  0.614705  0.633484  0.635802  0.586780 0.0  0.738703  0.721736  0.709342  0.653361  0.537862  0.537190  0.713215  0.725263  0.593313  0.593468  0.682325  0.977356  0.570569  0.631703  0.714772  0.806968  0.644621  0.588477  0.688524  0.610232  0.546198  0.535317  0.839166  0.594896  0.813399  0.746852  0.685218  0.688368  0.657520  0.494941  0.729868  0.646344  0.843159  0.603877  0.680060  0.750119  0.662816  0.715606  0.748587  0.647561  0.576069  0.669231  0.701647  0.395264  0.539762  0.551324  0.689888  0.651257  0.759687  0.619867  0.689870  0.863175  0.570373  0.753505  0.596588  0.662093  0.759214  0.721066  0.654943  0.629327  0.589554  0.640269  0.575554  0.606337  0.425109  0.628251 
32  0.280931  0.711833  0.338828  0.322790  0.453129  0.380691  0.448070  0.409083  0.422721  0.299383  0.340328  0.312430  0.591342  0.698247  0.516722  0.876835  0.272443  0.478998  0.294365  0.292674  0.354712  0.275856  0.601815  0.439956  0.783226  0.489189  0.364794  0.300808  0.495276  0.531561  0.348988  0.738703 0.0  0.595513  0.465372  0.387425  0.553309  0.635277  0.346878  0.435585  0.502524  0.517146  0.425148  0.911660  0.340625  0.294381  0.732216  0.821529  0.305871  0.324937  0.520067  0.405866  0.394673  0.476220  0.879379  0.590747  0.525711  0.383529  0.346549  0.293676  0.348961  0.347556  0.328764  0.479550  0.895638  0.556939  0.484717  0.485143  0.555319  0.312568  0.395878  0.531917  0.337362  0.493163  0.598233  0.730229  0.555064  0.385623  0.404553  0.496380  0.200246  0.535453  0.287826  0.777003  0.581030  0.700987  0.371602  0.361562  0.395737  0.415388  0.396890  0.339504  0.285921  0.541835  0.680338  0.379132  0.710934  0.613751 
33  0.614629  0.617688  0.544935  0.675255  0.512931  0.443412  0.474966  0.537159  0.578909  0.547654  0.522394  0.565338  0.279614  0.774865  0.286808  0.822249  0.496722  0.555329  0.493740  0.600660  0.608667  0.607254  0.394664  0.661874  0.737174  0.512067  0.507824  0.510832  0.532325  0.273014  0.468484  0.721736  0.595513 0.0  0.515596  0.455227  0.539475  0.679686  0.545066  0.343756  0.504122  0.295928  0.551943  0.878353  0.582890  0.435942  0.741168  0.827134  0.523189  0.473953  0.469820  0.536677  0.550642  0.444156  0.720754  0.656894  0.390541  0.569965  0.447140  0.594664  0.526041  0.542462  0.578878  0.360565  0.891317  0.594408  0.531359  0.586677  0.348341  0.647308  0.607267  0.473417  0.519085  0.538688  0.557373  0.649109  0.513871  0.395965  0.571921  0.596662  0.616542  0.492363  0.583189  0.842615  0.414063  0.784903  0.614805  0.494830  0.496446  0.602895  0.545704  0.588943  0.569782  0.281304  0.507425  0.481017  0.587805  0.451821 
34  0.412940  0.635952  0.358005  0.431042  0.405226  0.386522  0.492170  0.279818  0.309702  0.246021  0.315165  0.362158  0.576793  0.689650  0.532645  0.864042  0.351040  0.434807  0.327832  0.274014  0.339945  0.311917  0.622378  0.433015  0.830062  0.452995  0.441147  0.325823  0.496301  0.528981  0.309277  0.709342  0.465372  0.515596 0.0  0.421443  0.380330  0.669963  0.395924  0.553939  0.583409  0.497416  0.353243  0.790658  0.261382  0.441548  0.657643  0.825283  0.370968  0.290941  0.405906  0.268780  0.333886  0.363918  0.866038  0.612503  0.562905  0.403986  0.439302  0.399943  0.285540  0.356849  0.226703  0.655468  0.869139  0.533215  0.425125  0.339781  0.496126  0.365377  0.322500  0.621215  0.453909  0.509530  0.607780  0.705718  0.588104  0.324282  0.434918  0.416022  0.310228  0.540638  0.274225  0.761052  0.516964  0.781454  0.315191  0.388719  0.363381  0.393519  0.558233  0.290081  0.377670  0.570951  0.592943  0.450929  0.551698  0.648559 
35  0.339313  0.663174  0.347830  0.410695  0.385123  0.472679  0.511115  0.446880  0.384912  0.379180  0.385368  0.378585  0.529852  0.711414  0.575142  0.917018  0.384399  0.360281  0.292345  0.397102  0.464157  0.400971  0.532185  0.364008  0.800309  0.420036  0.395373  0.349075  0.550721  0.608414  0.425742  0.653361  0.387425  0.455227  0.421443 0.0  0.436798  0.640756  0.275306  0.584376  0.516685  0.595337  0.385215  0.798800  0.375126  0.394099  0.824923  0.795373  0.289651  0.477511  0.404495  0.322200  0.308381  0.433763  0.923241  0.510410  0.593096  0.311517  0.472973  0.437402  0.402044  0.362421  0.295879  0.460453  0.833382  0.641171  0.391249  0.336319  0.417313  0.365690  0.359958  0.592388  0.283737  0.556551  0.535691  0.681954  0.579297  0.414344  0.349328  0.414265  0.305350  0.555909  0.320532  0.752822  0.497242  0.883099  0.390610  0.307890  0.369645  0.387905  0.422618  0.361458  0.359267  0.510791  0.627840  0.500741  0.652950  0.528258 
36  0.499372  0.570459  0.629948  0.560522  0.433332  0.432564  0.490217  0.454982  0.563891  0.560007  0.471197  0.529406  0.357947  0.767987  0.384944  0.837252  0.431046  0.492352  0.545571  0.479971  0.333823  0.482668  0.419417  0.561463  0.894902  0.544435  0.497241  0.456898  0.449518  0.500041  0.465727  0.537862  0.553309  0.539475  0.380330  0.436798 0.0  0.669110  0.514256  0.515364  0.413539  0.441659  0.477422  0.749459  0.495207  0.504655  0.769304  0.728103  0.513544  0.417727  0.454157  0.531978  0.458142  0.438620  0.736555  0.491047  0.557532  0.497377  0.422341  0.374497  0.438358  0.453385  0.591537  0.444068  0.824861  0.501256  0.509027  0.505473  0.482225  0.458602  0.475063  0.304473  0.482393  0.420263  0.540626  0.628287  0.422179  0.472397  0.459024  0.549107  0.509873  0.488098  0.470484  0.798355  0.529453  0.716049  0.451638  0.438197  0.379974  0.448976  0.409702  0.459292  0.469746  0.466044  0.573957  0.502042  0.577544  0.471112 
37  0.554210  0.544567  0.615129  0.532400  0.688410  0.627570  0.754716  0.664433  0.576869  0.673028  0.757790  0.684631  0.687845  0.824767  0.567519  0.902927  0.642294  0.641772  0.712190  0.585720  0.730878  0.610060  0.588164  0.626870  0.835455  0.722739  0.600502  0.691874  0.601316  0.605961  0.625891  0.537190  0.635277  0.679686  0.669963  0.640756  0.669110 0.0  0.599411  0.787314  0.701285  0.779530  0.692091  0.794708  0.642774  0.676070  0.812763  0.842160  0.660928  0.649373  0.635848  0.686956  0.708641  0.635923  0.766737  0.577852  0.620281  0.686197  0.641916  0.597345  0.751057  0.650465  0.661221  0.643128  0.839944  0.682387  0.728754  0.652940  0.595216  0.694058  0.686840  0.667875  0.719033  0.605848  0.624164  0.502483  0.695948  0.559927  0.621091  0.629289  0.694641  0.640598  0.574762  0.810106  0.589737  0.725119  0.619528  0.723796  0.706350  0.752651  0.717665  0.591451  0.698276  0.583846  0.568834  0.591888  0.419271  0.681911 
38  0.374918  0.668725  0.327332  0.431074  0.329326  0.399685  0.407829  0.320590  0.363389  0.381376  0.317665  0.325411  0.529375  0.859823  0.482947  0.764876  0.372808  0.470078  0.454479  0.332066  0.380821  0.285833  0.445119  0.431987  0.681952  0.634064  0.441745  0.282743  0.538725  0.511852  0.357720  0.713215  0.346878  0.545066  0.395924  0.275306  0.514256  0.599411 0.0  0.626650  0.382340  0.510873  0.449123  0.958690  0.198554  0.307722  0.809804  0.640714  0.479114  0.315578  0.378261  0.279357  0.426234  0.458242  0.813695  0.530597  0.528334  0.432065  0.362038  0.430027  0.417120  0.396629  0.488949  0.468682  0.823919  0.519924  0.414139  0.398374  0.591821  0.381549  0.325783  0.687924  0.432910  0.454144  0.532182  0.752976  0.609807  0.407680  0.470088  0.489056  0.349532  0.571823  0.329639  0.825524  0.584414  0.754760  0.286689  0.428442  0.353209  0.376331  0.515267  0.319549  0.441265  0.620156  0.688311  0.518495  0.641420  0.518488 
39  0.538940  0.678370  0.391939  0.539467  0.425183  0.585981  0.629502  0.485343  0.426060  0.556114  0.588790  0.465697  0.327539  0.831075  0.440585  0.783115  0.514797  0.585404  0.546699  0.499787  0.532108  0.497382  0.418433  0.558051  0.869881  0.571248  0.442822  0.464709  0.489214  0.307279  0.556913  0.725263  0.435585  0.343756  0.553939  0.584376  0.515364  0.787314  0.626650 0.0  0.495937  0.465337  0.605512  0.785653  0.539532  0.528390  0.786359  0.723600  0.576652  0.542855  0.466032  0.489771  0.550831  0.374608  0.706761  0.552289  0.356930  0.514250  0.535806  0.618409  0.433803  0.589607  0.589163  0.509604  0.832315  0.501110  0.516079  0.578056  0.333850  0.457409  0.556643  0.425500  0.501659  0.499487  0.472536  0.602577  0.518154  0.642472  0.566432  0.416200  0.523159  0.486223  0.696418  0.933615  0.480549  0.659286  0.515862  0.561675  0.536934  0.464909  0.597080  0.466109  0.585905  0.426347  0.699829  0.542932  0.611369  0.381507 
