98
0 0.0  0.509566  0.654998  0.442002  0.494024  0.441011  0.502945  0.575880  0.769893  0.551199  0.457402  0.596363  0.513498  0.819069  0.377182  0.491075  0.486150  0.471945  0.394192  0.576504  0.528066  0.578061  0.553484  0.480228  0.468373  0.542775  0.542179  0.507043  0.582588  0.577283  0.620784  0.290691  0.783927  0.532422  0.510061  0.455052  0.874163  0.442499  0.473778  0.512982  0.522028  0.578531  0.452752  0.460990  0.374368  0.539027  0.489561  0.537429  0.860052  0.521300  0.539118  0.736652  0.475971  0.524484  0.662719  0.485004  0.568148  0.469923  0.612189  0.593912  0.563166  0.434354  0.555673  0.480915  0.565307  0.454719  0.362490  0.441300  0.527978  0.580735  0.522239  0.348264  0.601754  0.583734  0.581990  0.624406  0.496379  0.576279  0.475141  0.442835  0.567841  0.552952  0.813868  0.445731  0.472543  0.507586  0.395648  0.865295  0.286737  0.865586  0.491403  0.472881  0.507101  0.550376  0.613799  0.630439  0.556782  0.530489 
1  0.509566 0.0  0.660473  0.344848  0.334523  0.399195  0.304752  0.588878  0.799364  0.457713  0.381801  0.298600  0.493359  0.739484  0.547381  0.447331  0.249659  0.346592  0.362417  0.396413  0.233373  0.342611  0.465017  0.323737  0.305674  0.462734  0.546128  0.413091  0.390541  0.402513  0.563308  0.474347  0.896012  0.467135  0.355713  0.684749  0.882883  0.225964  0.276743  0.471755  0.300289  0.560001  0.387096  0.324791  0.362279  0.426052  0.384251  0.347437  0.870076  0.312540  0.501511  0.722565  0.471515  0.353077  0.623654  0.613919  0.477202  0.511174  0.503543  0.512100  0.329985  0.427365  0.462475  0.274167  0.251778  0.457153  0.591649  0.553693  0.432044  0.445811  0.399476  0.397726  0.482104  0.468330  0.465828  0.569743  0.602692  0.399561  0.369800  0.573623  0.363965  0.441728  0.792196  0.396541  0.355821  0.640313  0.487038  0.755092  0.572681  0.745427  0.281430  0.417972  0.431316  0.355590  0.441101  0.667950  0.517329  0.494520 
2  0.654998  0.660473 0.0  0.648537  0.618574  0.661674  0.500774  0.622305  0.839929  0.688641  0.665105  0.673703  0.689700  0.864524  0.547851  0.686512  0.699201  0.685329  0.632445  0.697649  0.707581  0.682174  0.758838  0.681885  0.655957  0.661549  0.729120  0.690455  0.614157  0.537612  0.619648  0.670299  0.842053  0.490311  0.729960  0.635393  0.862567  0.616013  0.548947  0.591934  0.711653  0.637290  0.730936  0.674519  0.662641  0.616118  0.628461  0.585717  1.000000  0.633339  0.633770  0.719075  0.498988  0.691652  0.520786  0.708081  0.650181  0.675036  0.724374  0.408207  0.641619  0.732932  0.576211  0.738550  0.729192  0.635344  0.695268  0.642960  0.644188  0.722703  0.573266  0.585480  0.767703  0.627945  0.636124  0.305014  0.600201  0.770441  0.683872  0.594005  0.679904  0.600654  0.804816  0.662317  0.577992  0.595309  0.698693  0.811310  0.707275  0.833403  0.583523  0.680975  0.538542  0.625132  0.638968  0.316887  0.604800  0.553609 
3  0.442002  0.344848  0.648537 0.0  0.345310  0.331172  0.338161  0.541259  0.761280  0.294847  0.378983  0.325470  0.379481  0.809581  0.463392  0.346888  0.369326  0.378526  0.368418  0.336603  0.364835  0.277644  0.411705  0.391057  0.367819  0.522612  0.540834  0.294824  0.351873  0.355839  0.527188  0.528510  0.793431  0.237383  0.353970  0.571113  0.909819  0.420561  0.512464  0.414771  0.267198  0.529552  0.556674  0.414231  0.430585  0.359419  0.316348  0.398576  0.850824  0.347129  0.482656  0.794388  0.351848  0.415587  0.611768  0.657086  0.443852  0.347852  0.415397  0.588886  0.407591  0.347670  0.479333  0.339826  0.310737  0.310267  0.548409  0.498414  0.547806  0.434087  0.330961  0.365882  0.267092  0.407066  0.421036  0.699812  0.540956  0.412336  0.314640  0.633494  0.360362  0.392687  0.819279  0.351209  0.333773  0.591748  0.519997  0.797147  0.601771  0.825988  0.395959  0.348639  0.442184  0.307819  0.353796  0.673349  0.544981  0.582992 
4  0.494024  0.334523  0.618574  0.345310 0.0  0.470734  0.429238  0.631818  0.874357  0.401903  0.433381  0.320870  0.439724  0.823553  0.446840  0.412072  0.354171  0.268114  0.296639  0.324279  0.266513  0.279749  0.273212  0.352495  0.241706  0.407114  0.568264  0.311591  0.350476  0.240034  0.550941  0.581768  0.919416  0.338503  0.441429  0.550674  0.817815  0.388183  0.457382  0.391796  0.290571  0.578058  0.562769  0.347636  0.248675  0.323716  0.264577  0.259910  0.841685  0.284408  0.582079  0.692337  0.299842  0.248382  0.703040  0.543900  0.448141  0.344289  0.367176  0.666916  0.362691  0.266349  0.578626  0.343669  0.423931  0.217276  0.567146  0.611889  0.430769  0.360735  0.333795  0.571655  0.411649  0.314150  0.511309  0.644953  0.606437  0.415228  0.418466  0.571528  0.310996  0.334828  0.796213  0.357997  0.388730  0.511143  0.558516  0.824551  0.620107  0.809429  0.298545  0.341949  0.489447  0.343422  0.353034  0.711066  0.535263  0.569984 
5  0.441011  0.399195  0.661674  0.331172  0.470734 0.0  0.409139  0.539912  0.841637  0.377543  0.307338  0.400691  0.432842  0.833936  0.635320  0.477136  0.351138  0.452950  0.432914  0.335911  0.402299  0.375895  0.413529  0.304007  0.452087  0.417185  0.647227  0.431891  0.307121  0.301299  0.480835  0.526179  0.830390  0.426791  0.422713  0.616711  0.972963  0.388896  0.301813  0.451539  0.374562  0.609487  0.484656  0.394561  0.259378  0.388808  0.359263  0.452327  0.764442  0.344000  0.521161  0.734736  0.310628  0.436428  0.604658  0.587542  0.392414  0.446709  0.423033  0.646953  0.344683  0.414065  0.444748  0.311053  0.294447  0.390847  0.463085  0.609780  0.398534  0.424817  0.359836  0.544892  0.438659  0.506350  0.382825  0.610481  0.496354  0.292317  0.289690  0.550130  0.382375  0.322013  0.777585  0.444787  0.346100  0.518844  0.451981  0.904802  0.457590  0.768295  0.504898  0.340643  0.459157  0.288364  0.474887  0.579999  0.492695  0.660588 
6  0.502945  0.304752  0.500774  0.338161  0.429238  0.409139 0.0  0.429867  0.847109  0.447713  0.358404  0.368856  0.469279  0.805795  0.484263  0.447395  0.397752  0.466719  0.273422  0.414486  0.458295  0.439080  0.370305  0.441098  0.348560  0.463589  0.492324  0.367094  0.493001  0.498458  0.457430  0.497816  0.829752  0.373286  0.489961  0.532010  0.822971  0.445204  0.342547  0.447208  0.419393  0.367527  0.547790  0.392845  0.250420  0.344623  0.438144  0.349212  0.764498  0.390589  0.491723  0.745201  0.413268  0.425226  0.605027  0.529569  0.333622  0.425636  0.439697  0.590964  0.403737  0.390985  0.456954  0.418189  0.433156  0.461138  0.578944  0.518305  0.267000  0.349779  0.463885  0.420309  0.476763  0.417927  0.447079  0.563344  0.469077  0.281418  0.404094  0.519636  0.266255  0.426771  0.771646  0.358700  0.396612  0.465778  0.518525  0.694454  0.443693  0.775252  0.447154  0.365936  0.372619  0.446194  0.396351  0.697594  0.478109  0.535288 
7  0.575880  0.588878  0.622305  0.541259  0.631818  0.539912  0.429867 0.0  0.808193  0.633079  0.538511  0.562407  0.288711  0.853377  0.467553  0.443170  0.624854  0.517124  0.499343  0.567997  0.533864  0.449078  0.527157  0.487270  0.575236  0.487926  0.352636  0.608818  0.566313  0.511420  0.458506  0.590710  0.783434  0.551968  0.482743  0.372979  0.797486  0.565184  0.424459  0.569469  0.489836  0.289017  0.357643  0.442373  0.461251  0.597260  0.575814  0.446822  0.815621  0.583794  0.431525  0.732113  0.545472  0.556884  0.678614  0.509262  0.474403  0.577092  0.607778  0.621045  0.617565  0.485985  0.369750  0.559952  0.565492  0.588170  0.572197  0.476060  0.517267  0.526510  0.505414  0.552784  0.597954  0.548450  0.609830  0.513528  0.315683  0.542618  0.516684  0.471165  0.389256  0.570243  0.943316  0.577665  0.493418  0.331935  0.523032  0.875297  0.486877  0.767982  0.463842  0.575538  0.584463  0.525369  0.539122  0.668268  0.434380  0.413521 
8  0.769893  0.799364  0.839929  0.761280  0.874357  0.841637  0.847109  0.808193 0.0  0.802700  0.814363  0.825273  0.929962  0.598700  0.788000  0.841937  0.794420  0.814885  0.849023  0.817794  0.716516  0.862142  0.922120  0.824620  0.836219  0.821366  0.790436  0.826139  0.806850  0.715354  0.820751  0.859913  0.718427  0.812618  0.807654  0.867358  0.573656  0.752995  0.739624  0.890129  0.801289  0.817919  0.788269  0.773017  0.691178  0.751367  0.798912  0.696297  0.661826  0.796213  0.780026  0.774516  0.821891  0.777357  0.778267  0.799058  0.781124  0.768813  0.795610  0.880138  0.769159  0.866626  0.845809  0.823526  0.807112  0.818346  0.755481  0.898133  0.839571  0.815802  0.822071  0.904780  0.835788  0.850540  0.848328  0.748755  0.781481  0.802966  0.869621  0.821492  0.827357  0.772501  0.618828  0.780893  0.818262  0.806669  0.754228  0.480425  0.759706  0.445411  0.818686  0.796757  0.901653  0.800448  0.819336  0.790408  0.813893  0.890002 
9  0.551199  0.457713  0.688641  0.294847  0.401903  0.377543  0.447713  0.633079  0.802700 0.0  0.294807  0.333362  0.550195  0.797034  0.472388  0.497000  0.322351  0.389595  0.370697  0.302597  0.286257  0.432475  0.353404  0.406401  0.323488  0.454094  0.537513  0.395648  0.335172  0.311940  0.579280  0.448055  0.864917  0.329600  0.208058  0.573002  0.825360  0.388393  0.346006  0.372794  0.239420  0.595802  0.541810  0.335576  0.374466  0.421106  0.347454  0.394938  0.850059  0.377639  0.557512  0.662946  0.261925  0.323756  0.647350  0.504256  0.319386  0.340155  0.451223  0.617387  0.357346  0.381725  0.475842  0.364894  0.314277  0.322325  0.454845  0.657759  0.386001  0.397511  0.390657  0.551443  0.364004  0.444141  0.335822  0.662604  0.456650  0.318323  0.316070  0.581237  0.381349  0.299092  0.913872  0.362285  0.290900  0.521538  0.521310  0.915711  0.544765  0.766900  0.372139  0.454316  0.522357  0.385594  0.366545  0.590953  0.517837  0.541478 
10  0.457402  0.381801  0.665105  0.378983  0.433381  0.307338  0.358404  0.538511  0.814363  0.294807 0.0  0.180963  0.509698  0.821666  0.406826  0.476549  0.181908  0.290030  0.340502  0.363296  0.297995  0.365360  0.269015  0.419541  0.326405  0.459503  0.636332  0.401072  0.368176  0.334096  0.468994  0.540235  0.850732  0.431519  0.341690  0.624250  0.878648  0.479635  0.450944  0.352695  0.360190  0.443976  0.532616  0.313607  0.284762  0.321634  0.223557  0.364326  0.848237  0.260514  0.493734  0.654181  0.372878  0.416609  0.688393  0.517924  0.329203  0.265616  0.259276  0.626630  0.282364  0.413905  0.469366  0.396365  0.318440  0.378759  0.611531  0.529156  0.466532  0.381572  0.295693  0.370608  0.364750  0.329608  0.447513  0.745895  0.636832  0.330800  0.377778  0.482376  0.443559  0.457510  0.960984  0.433796  0.408704  0.415856  0.538082  0.822781  0.566971  0.745754  0.390487  0.382087  0.407525  0.377586  0.293401  0.575026  0.558538  0.505711 
11  0.596363  0.298600  0.673703  0.325470  0.320870  0.400691  0.368856  0.562407  0.825273  0.333362  0.180963 0.0  0.526478  0.946330  0.475032  0.386829  0.308127  0.365951  0.387847  0.403324  0.430470  0.337409  0.367610  0.315682  0.307899  0.537256  0.541006  0.293861  0.403692  0.349351  0.508603  0.462480  0.843429  0.300481  0.321148  0.507803  0.729814  0.325776  0.375815  0.395973  0.381452  0.569325  0.453592  0.345075  0.328907  0.352625  0.315090  0.473991  0.793279  0.413425  0.522746  0.763837  0.355166  0.280755  0.873903  0.601739  0.388197  0.317027  0.363104  0.691823  0.310042  0.324540  0.601224  0.336882  0.334950  0.326738  0.552345  0.497285  0.376586  0.453167  0.431758  0.365307  0.304521  0.549568  0.419804  0.541288  0.570215  0.462425  0.254343  0.594568  0.282552  0.462384  0.893268  0.285859  0.242735  0.453581  0.512153  0.819482  0.530100  0.858513  0.364235  0.280702  0.450207  0.324811  0.364162  0.718756  0.578608  0.513733 
12  0.513498  0.493359  0.689700  0.379481  0.439724  0.432842  0.469279  0.288711  0.929962  0.550195  0.509698  0.526478 0.0  0.841183  0.568036  0.549927  0.444297  0.532162  0.576663  0.493241  0.438453  0.493042  0.499889  0.537176  0.662672  0.541109  0.308551  0.549214  0.537918  0.464090  0.553497  0.447770  0.756423  0.563225  0.483275  0.364998  0.726683  0.595996  0.404288  0.475396  0.437536  0.429936  0.551957  0.465712  0.531616  0.484230  0.492459  0.594868  0.687618  0.440122  0.479005  0.827042  0.581024  0.497901  0.659995  0.409017  0.446040  0.568945  0.545168  0.574648  0.497009  0.478716  0.375033  0.458762  0.564510  0.387614  0.539383  0.411592  0.399723  0.484112  0.493457  0.404819  0.511692  0.504934  0.595728  0.539269  0.476160  0.529791  0.449157  0.450006  0.472158  0.507615  0.742843  0.506682  0.541980  0.474698  0.546573  0.975594  0.493836  0.869065  0.609860  0.611688  0.463908  0.543096  0.571588  0.694691  0.410122  0.371562 
13  0.819069  0.739484  0.864524  0.809581  0.823553  0.833936  0.805795  0.853377  0.598700  0.797034  0.821666  0.946330  0.841183 0.0  0.824633  0.858460  0.854312  0.831120  0.869646  0.780975  0.811190  0.820110  0.782060  0.704531  0.788730  0.824224  0.938406  0.863487  0.837963  0.881549  0.867102  0.780379  0.302847  0.747527  0.792487  0.773207  0.285445  0.790102  0.840440  0.827912  0.839941  0.825219  0.806479  0.821691  0.793754  0.843694  0.833236  0.788813  0.564703  0.810565  0.654050  0.708184  0.777215  0.777574  0.847024  0.813890  0.970016  0.783018  0.720005  0.766665  0.828265  0.831767  0.791833  0.815136  0.761119  0.813218  0.839186  0.928293  0.834156  0.803599  0.892653  0.805287  0.853485  0.921565  0.859421  0.857687  0.798592  0.886501  0.763280  0.722248  0.874560  0.832379  0.308654  0.844785  0.939418  0.826135  0.838190  0.365367  0.729305  0.592601  0.931661  0.717674  0.726673  0.922323  0.784374  0.776837  0.762545  0.720891 
14  0.377182  0.547381  0.547851  0.463392  0.446840  0.635320  0.484263  0.467553  0.788000  0.472388  0.406826  0.475032  0.568036  0.824633 0.0  0.409525  0.491829  0.541139  0.467037  0.480353  0.510673  0.525860  0.449328  0.589914  0.441706  0.509083  0.572678  0.399098  0.417391  0.437713  0.484309  0.386469  0.791247  0.504091  0.419268  0.469908  0.832787  0.532876  0.407491  0.515882  0.412900  0.440789  0.396987  0.441633  0.559616  0.495223  0.423871  0.537903  0.721153  0.517961  0.489044  0.637006  0.456770  0.433464  0.565311  0.526336  0.463987  0.557680  0.562909  0.609510  0.463582  0.468631  0.475171  0.528826  0.459691  0.513217  0.332132  0.464435  0.417089  0.472771  0.464680  0.450760  0.578377  0.411475  0.527383  0.548728  0.551843  0.526768  0.517134  0.538355  0.559523  0.470515  0.735219  0.395335  0.488743  0.503202  0.283568  0.843884  0.368945  0.815630  0.482328  0.571742  0.454392  0.469996  0.545779  0.551437  0.509787  0.410504 
15  0.491075  0.447331  0.686512  0.346888  0.412072  0.477136  0.447395  0.443170  0.841937  0.497000  0.476549  0.386829  0.549927  0.858460  0.409525 0.0  0.468641  0.547094  0.420059  0.466746  0.535775  0.395219  0.360927  0.408256  0.455097  0.506126  0.583810  0.450171  0.487910  0.472224  0.480765  0.524272  0.820388  0.506239  0.455503  0.534805  0.778637  0.412718  0.382239  0.431390  0.425342  0.505341  0.568436  0.441917  0.408673  0.435531  0.470454  0.495677  0.735505  0.534871  0.496348  0.739346  0.534127  0.448266  0.723317  0.447224  0.382043  0.531172  0.416609  0.717459  0.508997  0.394984  0.521668  0.374527  0.425052  0.370583  0.493182  0.540294  0.382620  0.440423  0.363658  0.456481  0.398787  0.478668  0.376465  0.607531  0.534488  0.436904  0.437963  0.518771  0.461596  0.474710  0.740113  0.427252  0.423286  0.495658  0.464830  0.744066  0.503978  0.796068  0.539429  0.520953  0.339381  0.335477  0.381337  0.536594  0.601411  0.612130 
16  0.486150  0.249659  0.699201  0.369326  0.354171  0.351138  0.397752  0.624854  0.794420  0.322351  0.181908  0.308127  0.444297  0.854312  0.491829  0.468641 0.0  0.401277  0.369686  0.372020  0.309676  0.349268  0.349230  0.249779  0.391257  0.506690  0.550472  0.366668  0.305357  0.336847  0.574421  0.561710  0.878700  0.306863  0.398477  0.564797  0.881503  0.436550  0.412888  0.433552  0.389620  0.606703  0.489758  0.253142  0.287661  0.313723  0.346307  0.339919  0.845526  0.299923  0.534463  0.711429  0.313965  0.369901  0.780671  0.577649  0.451603  0.376380  0.380119  0.627101  0.348677  0.360907  0.492924  0.296386  0.301362  0.307550  0.524117  0.542962  0.420219  0.484878  0.388111  0.366612  0.368268  0.356779  0.445977  0.538769  0.506111  0.292049  0.320409  0.547328  0.312150  0.365111  0.850342  0.324895  0.363830  0.489659  0.511805  0.889820  0.533916  0.771483  0.303479  0.337058  0.429218  0.305431  0.339269  0.612584  0.608390  0.554169 
17  0.471945  0.346592  0.685329  0.378526  0.268114  0.452950  0.466719  0.517124  0.814885  0.389595  0.290030  0.365951  0.532162  0.831120  0.541139  0.547094  0.401277 0.0  0.334741  0.399644  0.447171  0.336717  0.396722  0.346833  0.353267  0.658221  0.479747  0.358290  0.407550  0.332023  0.523795  0.569484  0.828943  0.406944  0.273212  0.593772  0.837784  0.347155  0.488351  0.403614  0.346945  0.537540  0.420420  0.422281  0.380645  0.375401  0.388056  0.422908  0.789825  0.354802  0.628555  0.730066  0.307955  0.409846  0.663826  0.592185  0.437314  0.279518  0.473841  0.645029  0.412970  0.401675  0.464178  0.341472  0.309274  0.318311  0.546522  0.513179  0.353823  0.435784  0.350695  0.399244  0.278780  0.422099  0.417790  0.567369  0.605351  0.357488  0.306076  0.586069  0.388808  0.358954  0.868390  0.239633  0.403401  0.561550  0.544878  0.802165  0.557150  0.948872  0.359211  0.351454  0.482345  0.412150  0.305178  0.674891  0.523815  0.571388 
18  0.394192  0.362417  0.632445  0.368418  0.296639  0.432914  0.273422  0.499343  0.849023  0.370697  0.340502  0.387847  0.576663  0.869646  0.467037  0.420059  0.369686  0.334741 0.0  0.256647  0.349826  0.388875  0.320550  0.291709  0.337175  0.500031  0.485349  0.334217  0.300018  0.367876  0.583728  0.520417  0.905810  0.278373  0.227040  0.485029  0.689011  0.309397  0.380720  0.478743  0.284433  0.564548  0.471997  0.282182  0.398755  0.486961  0.324783  0.278839  0.832321  0.280455  0.408003  0.720680  0.379051  0.325839  0.635354  0.618275  0.488785  0.272942  0.288990  0.608978  0.403099  0.296097  0.472994  0.312956  0.413585  0.399565  0.584246  0.524729  0.484318  0.395512  0.428593  0.437207  0.287232  0.474410  0.496616  0.675564  0.585288  0.389579  0.372997  0.550890  0.258447  0.359236  0.793758  0.332542  0.311471  0.492606  0.550349  0.871283  0.630338  0.753845  0.297036  0.283622  0.499714  0.263905  0.266353  0.725766  0.572279  0.636435 
19  0.576504  0.396413  0.697649  0.336603  0.324279  0.335911  0.414486  0.567997  0.817794  0.302597  0.363296  0.403324  0.493241  0.780975  0.480353  0.466746  0.372020  0.399644  0.256647 0.0  0.407353  0.388370  0.378235  0.349134  0.289187  0.501829  0.449145  0.371054  0.436770  0.277424  0.626547  0.466099  0.874283  0.304573  0.329726  0.623998  0.805150  0.370458  0.464032  0.399232  0.304708  0.491089  0.514063  0.258879  0.376133  0.305168  0.222524  0.297637  0.815877  0.327600  0.432618  0.760345  0.339079  0.285321  0.679049  0.503519  0.297318  0.217589  0.382900  0.626720  0.285822  0.307660  0.537720  0.398600  0.352262  0.352923  0.510527  0.598005  0.480079  0.397302  0.306767  0.348237  0.454656  0.394292  0.386238  0.654771  0.553348  0.363542  0.440736  0.509071  0.233473  0.318242  0.819424  0.229458  0.357188  0.588159  0.521693  0.936772  0.693680  0.744310  0.339914  0.323220  0.457986  0.393327  0.294144  0.706619  0.516158  0.597339 
20  0.528066  0.233373  0.707581  0.364835  0.266513  0.402299  0.458295  0.533864  0.716516  0.286257  0.297995  0.430470  0.438453  0.811190  0.510673  0.535775  0.309676  0.447171  0.349826  0.407353 0.0  0.266360  0.374643  0.333960  0.337408  0.500821  0.528064  0.355278  0.354873  0.225479  0.396992  0.643019  0.829886  0.450914  0.277172  0.596483  0.767643  0.427073  0.370322  0.409314  0.295289  0.490425  0.414470  0.438395  0.389951  0.324294  0.349700  0.295703  0.813860  0.362037  0.456155  0.712991  0.316889  0.491724  0.638741  0.603092  0.341208  0.332942  0.278051  0.685489  0.378088  0.391267  0.485322  0.292415  0.255715  0.365142  0.551173  0.540190  0.428190  0.429970  0.347590  0.404482  0.395746  0.469233  0.422126  0.680773  0.586006  0.377511  0.381390  0.504438  0.209830  0.324847  0.737821  0.331627  0.501142  0.574340  0.563215  0.770025  0.373027  0.911573  0.332403  0.263733  0.484189  0.241938  0.226605  0.624730  0.520595  0.473150 
21  0.578061  0.342611  0.682174  0.277644  0.279749  0.375895  0.439080  0.449078  0.862142  0.432475  0.365360  0.337409  0.493042  0.820110  0.525860  0.395219  0.349268  0.336717  0.388875  0.388370  0.266360 0.0  0.258503  0.447013  0.279174  0.407270  0.616409  0.374938  0.298209  0.245987  0.471444  0.539032  0.829818  0.295958  0.303660  0.586792  0.879514  0.381732  0.412582  0.480315  0.197046  0.591602  0.456864  0.341816  0.391667  0.302674  0.343704  0.280551  0.931167  0.404375  0.569752  0.763107  0.339142  0.327235  0.674534  0.540035  0.353793  0.407717  0.457950  0.601575  0.376637  0.441161  0.481796  0.308741  0.280612  0.397515  0.544302  0.603189  0.495044  0.381082  0.300041  0.470116  0.341768  0.332287  0.411555  0.604791  0.590756  0.465990  0.427705  0.583959  0.283625  0.285721  0.737922  0.301052  0.326002  0.532081  0.572685  0.864446  0.495280  0.877129  0.331209  0.324127  0.435197  0.402292  0.397642  0.585503  0.467259  0.510655 
22  0.553484  0.465017  0.758838  0.411705  0.273212  0.413529  0.370305  0.527157  0.922120  0.353404  0.269015  0.367610  0.499889  0.782060  0.449328  0.360927  0.349230  0.396722  0.320550  0.378235  0.374643  0.258503 0.0  0.353573  0.390938  0.499110  0.565001  0.304616  0.316942  0.360906  0.550342  0.668494  0.847372  0.416101  0.314745  0.605481  0.894992  0.384658  0.396183  0.441349  0.376194  0.526659  0.581756  0.365280  0.401533  0.383546  0.243462  0.297769  0.819642  0.405027  0.677860  0.676724  0.429066  0.196039  0.685259  0.615191  0.344965  0.324236  0.356662  0.601985  0.406012  0.349856  0.490896  0.266649  0.268996  0.289976  0.594851  0.610960  0.441060  0.437195  0.293003  0.524364  0.321471  0.459662  0.436540  0.652515  0.551279  0.408428  0.370417  0.594832  0.298127  0.351920  0.857489  0.367355  0.305420  0.587438  0.573304  0.796313  0.523162  0.899288  0.330886  0.333749  0.502568  0.288705  0.291540  0.628563  0.609369  0.518973 
23  0.480228  0.323737  0.681885  0.391057  0.352495  0.304007  0.441098  0.487270  0.824620  0.406401  0.419541  0.315682  0.537176  0.704531  0.589914  0.408256  0.249779  0.346833  0.291709  0.349134  0.333960  0.447013  0.353573 0.0  0.374276  0.561605  0.562334  0.339673  0.374327  0.455429  0.520716  0.595824  0.801103  0.371504  0.273374  0.630359  0.837756  0.280736  0.263084  0.388676  0.392783  0.534536  0.478055  0.289736  0.366953  0.201074  0.337182  0.276606  0.792907  0.398809  0.586606  0.830251  0.428844  0.440120  0.663709  0.532949  0.340812  0.320072  0.377420  0.731899  0.348123  0.217765  0.541066  0.308139  0.260547  0.324030  0.464100  0.496506  0.390718  0.433716  0.333682  0.424864  0.428217  0.460994  0.377804  0.630592  0.559674  0.316441  0.290968  0.473258  0.302501  0.497213  0.780282  0.462772  0.220011  0.612945  0.542811  0.743853  0.557339  0.787655  0.295100  0.325384  0.492828  0.370596  0.317303  0.589801  0.490512  0.486432 
24  0.468373  0.305674  0.655957  0.367819  0.241706  0.452087  0.348560  0.575236  0.836219  0.323488  0.326405  0.307899  0.662672  0.788730  0.441706  0.455097  0.391257  0.353267  0.337175  0.289187  0.337408  0.279174  0.390938  0.374276 0.0  0.458674  0.543134  0.348841  0.354963  0.337601  0.472778  0.550706  0.812094  0.257726  0.208086  0.512128  0.888836  0.354118  0.407794  0.418600  0.361235  0.544559  0.485723  0.450622  0.319072  0.391974  0.220016  0.354882  0.854115  0.213658  0.525563  0.745294  0.307967  0.314289  0.615677  0.510870  0.364324  0.350524  0.362481  0.659992  0.386937  0.404751  0.587143  0.350285  0.420113  0.284496  0.558647  0.523083  0.420661  0.455158  0.379107  0.375135  0.353916  0.385155  0.557242  0.598552  0.471541  0.306474  0.380626  0.551388  0.369765  0.404206  0.852342  0.384482  0.329138  0.481608  0.596505  0.866175  0.624704  0.763608  0.337743  0.269869  0.489784  0.417659  0.391702  0.636279  0.484225  0.516267 
25  0.542775  0.462734  0.661549  0.522612  0.407114  0.417185  0.463589  0.487926  0.821366  0.454094  0.459503  0.537256  0.541109  0.824224  0.509083  0.506126  0.506690  0.658221  0.500031  0.501829  0.500821  0.407270  0.499110  0.561605  0.458674 0.0  0.525893  0.492607  0.446154  0.504183  0.463140  0.478469  0.794391  0.540082  0.619247  0.666217  0.780857  0.554491  0.424215  0.456232  0.418483  0.592927  0.500298  0.658588  0.470597  0.588630  0.522082  0.595492  0.851998  0.546700  0.575508  0.789390  0.504621  0.475063  0.726266  0.431222  0.562527  0.493326  0.549761  0.556795  0.580755  0.533033  0.630028  0.505882  0.539024  0.618890  0.490671  0.592697  0.534222  0.564829  0.480924  0.575673  0.452427  0.520423  0.507682  0.607845  0.501987  0.503637  0.531741  0.426008  0.517199  0.524251  0.772203  0.548486  0.457210  0.537345  0.487843  0.768837  0.588208  0.869159  0.519186  0.472143  0.587001  0.489415  0.518393  0.660634  0.512389  0.490764 
26  0.542179  0.546128  0.729120  0.540834  0.568264  0.647227  0.492324  0.352636  0.790436  0.537513  0.636332  0.541006  0.308551  0.938406  0.572678  0.583810  0.550472  0.479747  0.485349  0.449145  0.528064  0.616409  0.565001  0.562334  0.543134  0.525893 0.0  0.494939  0.562961  0.529639  0.496952  0.524696  0.803731  0.468950  0.624997  0.370503  0.812158  0.552142  0.406320  0.469909  0.447364  0.486202  0.545000  0.468659  0.588798  0.580297  0.480216  0.512445  0.748887  0.449388  0.569678  0.776519  0.485099  0.584667  0.623564  0.418453  0.437947  0.603409  0.516515  0.658488  0.518447  0.509759  0.445215  0.623366  0.482177  0.557090  0.573799  0.558871  0.444099  0.455273  0.596767  0.517903  0.599768  0.554555  0.556108  0.668544  0.415600  0.493384  0.517280  0.430017  0.520925  0.582308  0.747912  0.528085  0.575994  0.461532  0.600848  0.824690  0.579054  0.800326  0.512394  0.561862  0.574553  0.635172  0.601143  0.614076  0.509949  0.386517 
27  0.507043  0.413091  0.690455  0.294824  0.311591  0.431891  0.367094  0.608818  0.826139  0.395648  0.401072  0.293861  0.549214  0.863487  0.399098  0.450171  0.366668  0.358290  0.334217  0.371054  0.355278  0.374938  0.304616  0.339673  0.348841  0.492607  0.494939 0.0  0.367979  0.346144  0.465653  0.563869  0.856139  0.422474  0.251787  0.536556  0.827163  0.355348  0.486902  0.412893  0.279040  0.555698  0.519370  0.321321  0.358090  0.364553  0.386925  0.310219  0.807454  0.401919  0.589362  0.749335  0.414977  0.385642  0.669775  0.546732  0.469634  0.314792  0.361686  0.621740  0.359327  0.291494  0.664060  0.338767  0.290721  0.383415  0.520845  0.589537  0.477575  0.427076  0.409471  0.440149  0.311681  0.520686  0.417756  0.624089  0.565641  0.436165  0.248308  0.550464  0.324309  0.363782  0.813102  0.385864  0.378244  0.545981  0.611003  0.876845  0.394371  0.781429  0.348209  0.334638  0.418590  0.259272  0.172585  0.617924  0.652806  0.534650 
28  0.582588  0.390541  0.614157  0.351873  0.350476  0.307121  0.493001  0.566313  0.806850  0.335172  0.368176  0.403692  0.537918  0.837963  0.417391  0.487910  0.305357  0.407550  0.300018  0.436770  0.354873  0.298209  0.316942  0.374327  0.354963  0.446154  0.562961  0.367979 0.0  0.273172  0.474896  0.530311  0.893016  0.424279  0.319241  0.585978  0.864514  0.382977  0.476943  0.431305  0.308602  0.583386  0.609321  0.408116  0.362444  0.364906  0.308662  0.301846  0.783958  0.354423  0.529705  0.730581  0.306334  0.343568  0.687428  0.543805  0.304001  0.351426  0.369710  0.615873  0.437368  0.338215  0.539959  0.299745  0.359886  0.321373  0.512515  0.552307  0.440531  0.362031  0.338977  0.369684  0.381009  0.472532  0.435872  0.663077  0.566446  0.311687  0.433243  0.529569  0.375507  0.361978  0.762009  0.422816  0.399735  0.618547  0.400166  0.789923  0.586680  0.793599  0.330114  0.248733  0.473354  0.368551  0.353042  0.742209  0.502581  0.631265 
29  0.577283  0.402513  0.537612  0.355839  0.240034  0.301299  0.498458  0.511420  0.715354  0.311940  0.334096  0.349351  0.464090  0.881549  0.437713  0.472224  0.336847  0.332023  0.367876  0.277424  0.225479  0.245987  0.360906  0.455429  0.337601  0.504183  0.529639  0.346144  0.273172 0.0  0.435609  0.483653  0.867068  0.342614  0.298719  0.494584  0.843918  0.347747  0.498690  0.381339  0.386563  0.485798  0.486955  0.337067  0.265264  0.359174  0.350502  0.283908  0.864180  0.281331  0.532398  0.753911  0.306916  0.328457  0.648682  0.611109  0.499040  0.188082  0.258432  0.647414  0.373777  0.307455  0.574189  0.336412  0.343804  0.341451  0.445450  0.480849  0.356760  0.416683  0.298797  0.443115  0.294651  0.361536  0.386087  0.530309  0.463563  0.316544  0.321894  0.426258  0.296095  0.328145  0.724728  0.230152  0.367674  0.418729  0.578601  0.763134  0.544088  0.725283  0.436395  0.388517  0.443807  0.231634  0.393935  0.758290  0.579393  0.595023 
30  0.620784  0.563308  0.619648  0.527188  0.550941  0.480835  0.457430  0.458506  0.820751  0.579280  0.468994  0.508603  0.553497  0.867102  0.484309  0.480765  0.574421  0.523795  0.583728  0.626547  0.396992  0.471444  0.550342  0.520716  0.472778  0.463140  0.496952  0.465653  0.474896  0.435609 0.0  0.499645  0.863285  0.478359  0.486821  0.293041  0.925224  0.518531  0.422742  0.437449  0.503305  0.458742  0.486751  0.494184  0.560861  0.433689  0.503814  0.532064  0.862893  0.521060  0.340891  0.731375  0.464524  0.509068  0.634321  0.359818  0.527506  0.500529  0.365106  0.605533  0.475483  0.540681  0.434754  0.534100  0.466282  0.512204  0.418527  0.437256  0.460562  0.533439  0.564410  0.427650  0.474570  0.533137  0.576476  0.649097  0.393443  0.512231  0.647097  0.490527  0.479477  0.525317  0.847419  0.551800  0.474820  0.416915  0.537523  0.798480  0.369306  0.772728  0.521885  0.538545  0.525388  0.467151  0.489864  0.577265  0.342777  0.423281 
31  0.290691  0.474347  0.670299  0.528510  0.581768  0.526179  0.497816  0.590710  0.859913  0.448055  0.540235  0.462480  0.447770  0.780379  0.386469  0.524272  0.561710  0.569484  0.520417  0.466099  0.643019  0.539032  0.668494  0.595824  0.550706  0.478469  0.524696  0.563869  0.530311  0.483653  0.499645 0.0  0.769750  0.514774  0.434741  0.545940  0.824607  0.537668  0.397147  0.550688  0.502858  0.554724  0.407865  0.562677  0.464677  0.564036  0.603428  0.582410  0.840047  0.426695  0.538681  0.793232  0.584013  0.517396  0.615696  0.509455  0.469937  0.473880  0.504623  0.630794  0.478312  0.474515  0.566756  0.544067  0.480029  0.590658  0.396410  0.478830  0.418618  0.483632  0.514615  0.513783  0.501939  0.622344  0.594880  0.597016  0.504492  0.465570  0.558767  0.603004  0.492800  0.538113  0.897433  0.554862  0.544550  0.536915  0.405367  0.791195  0.323232  0.789376  0.537978  0.511859  0.506187  0.470017  0.490419  0.671593  0.485921  0.443266 
32  0.783927  0.896012  0.842053  0.793431  0.919416  0.830390  0.829752  0.783434  0.718427  0.864917  0.850732  0.843429  0.756423  0.302847  0.791247  0.820388  0.878700  0.828943  0.905810  0.874283  0.829886  0.829818  0.847372  0.801103  0.812094  0.794391  0.803731  0.856139  0.893016  0.867068  0.863285  0.769750 0.0  0.929602  0.890405  0.919371  0.298384  0.814729  0.738461  0.847240  0.862451  0.770446  0.691957  0.814150  0.811871  0.836746  0.743884  0.915331  0.447452  0.839725  0.844136  0.660663  0.781995  0.837147  0.854364  0.813930  0.816994  0.814771  0.884093  0.756991  0.806833  0.886138  0.798357  0.923079  0.790587  0.750316  0.946561  0.777742  0.854264  0.870624  0.888278  0.814140  0.806199  0.807733  0.850341  0.817843  0.789934  0.875582  0.797298  0.884238  0.892766  0.811381  0.241888  0.808199  0.800562  0.903334  0.907723  0.366379  0.824100  0.482896  0.858380  0.892331  0.907838  0.861655  0.920498  0.853167  0.729486  0.778241 
33  0.532422  0.467135  0.490311  0.237383  0.338503  0.426791  0.373286  0.551968  0.812618  0.329600  0.431519  0.300481  0.563225  0.747527  0.504091  0.506239  0.306863  0.406944  0.278373  0.304573  0.450914  0.295958  0.416101  0.371504  0.257726  0.540082  0.468950  0.422474  0.424279  0.342614  0.478359  0.514774  0.929602 0.0  0.306854  0.474088  0.806365  0.367771  0.446434  0.414390  0.326233  0.622992  0.457480  0.280421  0.352158  0.329635  0.301346  0.265848  0.836552  0.289404  0.511368  0.693203  0.273917  0.361963  0.594162  0.540373  0.416821  0.449052  0.421680  0.691858  0.383055  0.319749  0.522962  0.266317  0.317227  0.363966  0.554928  0.603051  0.374112  0.468123  0.370896  0.429925  0.432912  0.422911  0.446482  0.543303  0.554659  0.328054  0.337355  0.632081  0.320164  0.398163  0.876434  0.330417  0.285783  0.582983  0.644850  0.912754  0.514751  0.767416  0.303468  0.350265  0.434496  0.307625  0.394383  0.598969  0.498128  0.541927 
34  0.510061  0.355713  0.729960  0.353970  0.441429  0.422713  0.489961  0.482743  0.807654  0.208058  0.341690  0.321148  0.483275  0.792487  0.419268  0.455503  0.398477  0.273212  0.227040  0.329726  0.277172  0.303660  0.314745  0.273374  0.208086  0.619247  0.624997  0.251787  0.319241  0.298719  0.486821  0.434741  0.890405  0.306854 0.0  0.579979  0.772608  0.447117  0.384574  0.408985  0.357747  0.512071  0.530125  0.368245  0.366918  0.358655  0.351021  0.400587  0.761070  0.310463  0.430585  0.762586  0.291657  0.312540  0.579632  0.499315  0.399263  0.264308  0.465315  0.610567  0.235343  0.310610  0.648978  0.354277  0.382026  0.326208  0.628416  0.592443  0.396774  0.587619  0.360427  0.485930  0.298159  0.439491  0.419385  0.652170  0.586533  0.346857  0.341054  0.556360  0.326985  0.391420  0.837041  0.299468  0.291747  0.450318  0.496876  0.809427  0.549192  0.847050  0.243369  0.371048  0.611835  0.362775  0.441576  0.708771  0.576194  0.582197 
35  0.455052  0.684749  0.635393  0.571113  0.550674  0.616711  0.532010  0.372979  0.867358  0.573002  0.624250  0.507803  0.364998  0.773207  0.469908  0.534805  0.564797  0.593772  0.485029  0.623998  0.596483  0.586792  0.605481  0.630359  0.512128  0.666217  0.370503  0.536556  0.585978  0.494584  0.293041  0.545940  0.919371  0.474088  0.579979 0.0  0.749489  0.554688  0.384379  0.477139  0.490267  0.447198  0.509454  0.595194  0.549773  0.487432  0.540922  0.609958  0.786898  0.550942  0.499515  0.681147  0.620753  0.531134  0.613718  0.439293  0.457440  0.523588  0.460210  0.669646  0.530721  0.474284  0.337183  0.524955  0.615933  0.509647  0.595555  0.503991  0.460172  0.555598  0.595835  0.616925  0.552473  0.543449  0.472959  0.712212  0.362265  0.586637  0.543664  0.567228  0.516787  0.573008  0.796639  0.652663  0.509791  0.467790  0.617823  0.846667  0.489989  0.889535  0.434813  0.596742  0.516202  0.589101  0.542237  0.677303  0.496697  0.355017 
36  0.874163  0.882883  0.862567  0.909819  0.817815  0.972963  0.822971  0.797486  0.573656  0.825360  0.878648  0.729814  0.726683  0.285445  0.832787  0.778637  0.881503  0.837784  0.689011  0.805150  0.767643  0.879514  0.894992  0.837756  0.888836  0.780857  0.812158  0.827163  0.864514  0.843918  0.925224  0.824607  0.298384  0.806365  0.772608  0.749489 0.0  0.900133  0.823374  0.820125  0.884511  0.839187  0.837130  0.799663  0.826287  0.862579  0.884470  0.958126  0.513022  0.866948  0.904786  0.689420  0.889107  0.907136  0.813832  0.836234  0.899397  0.754132  0.764336  0.784885  0.882548  0.826863  0.905013  0.909612  0.875339  0.881611  0.777348  0.763847  0.800092  0.801921  0.848812  0.873367  0.884114  0.779677  0.770091  0.933370  0.790587  0.913096  0.831156  0.897968  0.902520  0.921703  0.310758  0.841594  0.924107  0.813471  0.816730  0.424971  0.797031  0.666690  0.865603  0.693733  0.847292  0.811816  0.846723  0.803697  0.814613  0.887968 
37  0.442499  0.225964  0.616013  0.420561  0.388183  0.388896  0.445204  0.565184  0.752995  0.388393  0.479635  0.325776  0.595996  0.790102  0.532876  0.412718  0.436550  0.347155  0.309397  0.370458  0.427073  0.381732  0.384658  0.280736  0.354118  0.554491  0.552142  0.355348  0.382977  0.347747  0.518531  0.537668  0.814729  0.367771  0.447117  0.554688  0.900133 0.0  0.412932  0.439577  0.362489  0.491686  0.552700  0.403688  0.423911  0.367562  0.348565  0.472574  0.739502  0.362797  0.574249  0.648999  0.372212  0.367113  0.654453  0.493093  0.442005  0.375538  0.365882  0.632439  0.423777  0.429677  0.576601  0.271762  0.350603  0.358038  0.640027  0.453257  0.400780  0.446234  0.386426  0.380196  0.389510  0.386416  0.425648  0.538987  0.481716  0.309836  0.397984  0.480938  0.401562  0.258184  0.849901  0.348636  0.353138  0.566097  0.549976  0.779121  0.525084  0.799782  0.441241  0.256813  0.542443  0.336248  0.321303  0.646023  0.613962  0.474828 
38  0.473778  0.276743  0.548947  0.512464  0.457382  0.301813  0.342547  0.424459  0.739624  0.346006  0.450944  0.375815  0.404288  0.840440  0.407491  0.382239  0.412888  0.488351  0.380720  0.464032  0.370322  0.412582  0.396183  0.263084  0.407794  0.424215  0.406320  0.486902  0.476943  0.498690  0.422742  0.397147  0.738461  0.446434  0.384574  0.384379  0.823374  0.412932 0.0  0.338854  0.445799  0.385042  0.348459  0.473485  0.397512  0.374534  0.353421  0.480777  0.731042  0.374189  0.354573  0.729661  0.439945  0.371524  0.501542  0.522449  0.417442  0.512332  0.334597  0.486609  0.360664  0.442186  0.426985  0.395168  0.293115  0.441474  0.469493  0.390912  0.412744  0.420407  0.386801  0.389580  0.427977  0.472752  0.412813  0.557439  0.392328  0.369204  0.493144  0.490130  0.408625  0.394246  0.749672  0.417671  0.367839  0.453267  0.398102  0.781304  0.429532  0.676081  0.497546  0.467446  0.414961  0.456021  0.433650  0.495105  0.367213  0.357727 
39  0.512982  0.471755  0.591934  0.414771  0.391796  0.451539  0.447208  0.569469  0.890129  0.372794  0.352695  0.395973  0.475396  0.827912  0.515882  0.431390  0.433552  0.403614  0.478743  0.399232  0.409314  0.480315  0.441349  0.388676  0.418600  0.456232  0.469909  0.412893  0.431305  0.381339  0.437449  0.550688  0.847240  0.414390  0.408985  0.477139  0.820125  0.439577  0.338854 0.0  0.463670  0.386829  0.551787  0.359248  0.322225  0.381343  0.397825  0.401189  0.825824  0.405150  0.546862  0.643914  0.385995  0.336990  0.667387  0.569378  0.317189  0.448163  0.423787  0.617239  0.380483  0.470203  0.582884  0.367933  0.477544  0.391562  0.487430  0.396746  0.360021  0.327546  0.445525  0.397752  0.372214  0.417518  0.382673  0.571018  0.530637  0.392360  0.435942  0.440638  0.391917  0.411748  0.818885  0.353824  0.437066  0.586136  0.494477  0.794774  0.547238  0.889313  0.366770  0.487661  0.509151  0.325269  0.415703  0.602463  0.462505  0.402736 
