98
0 0.0  0.590592  0.539002  0.643832  0.647218  0.580920  0.587244  0.656850  0.642859  0.580816  0.652782  0.712473  0.649697  0.580599  0.727519  0.729864  0.529339  0.544201  0.613393  0.788283  0.564059  0.595768  0.581752  0.422087  0.633723  0.627813  0.602479  0.625785  0.516606  0.607346  0.588999  0.578571  0.537481  0.567937  0.594948  0.574356  0.673629  0.592267  0.555755  0.547392  0.642689  0.625651  0.643102  0.676911  0.641007  0.868067  0.648093  0.612383  0.733857  0.648546  0.615177  0.692181  0.571620  0.543756  0.631687  0.623177  0.515358  0.607243  0.253968  0.587328  0.616002  0.576370  0.552583  0.808546  0.586945  0.548818  0.618998  0.587487  0.639383  0.597061  0.616596  0.346924  0.453641  0.549107  0.648017  0.766334  0.592901  0.660992  0.628520  0.715005  0.630853  0.637899  0.632356  0.643868  0.629235  0.509236  0.646731  0.591290  0.553261  0.649839  0.507010  0.645929  0.588225  0.613457  0.656057  0.646282  0.530941  0.655544 
1  0.590592 0.0  0.320725  0.584970  0.302632  0.620799  0.505305  0.419398  0.228541  0.526798  0.434063  0.744264  0.343728  0.406873  0.459150  0.668338  0.607113  0.359643  0.452880  0.385318  0.405853  0.332064  0.406386  0.649927  0.488115  0.292237  0.349694  0.441823  0.436871  0.540893  0.332114  0.575724  0.460931  0.490275  0.350762  0.376138  0.224627  0.327221  0.526805  0.329509  0.349738  0.449485  0.432740  0.403654  0.593330  0.778446  0.326251  0.349676  0.664885  0.422935  0.444138  0.758920  0.458029  0.334328  0.408010  0.423468  0.340398  0.409430  0.694521  0.607578  0.349966  0.297048  0.587344  0.785958  0.379276  0.406277  0.398130  0.407503  0.318486  0.576363  0.535216  0.699819  0.385034  0.272744  0.522825  0.759956  0.556673  0.406247  0.479712  0.318457  0.459910  0.381322  0.436507  0.297059  0.475710  0.346902  0.379777  0.314998  0.479318  0.696485  0.428354  0.342084  0.544287  0.496105  0.755005  0.323948  0.372199  0.306148 
2  0.539002  0.320725 0.0  0.475916  0.344056  0.510492  0.492549  0.391700  0.325583  0.530809  0.334475  0.666831  0.461846  0.343466  0.425911  0.700456  0.555360  0.319757  0.542945  0.451100  0.696809  0.440114  0.296871  0.642891  0.317916  0.439822  0.393035  0.562918  0.597742  0.487517  0.316335  0.533635  0.471289  0.540296  0.309144  0.354210  0.359502  0.280313  0.475194  0.419060  0.177700  0.364557  0.298511  0.330581  0.631679  0.754004  0.294066  0.281763  0.682923  0.299456  0.368160  0.795698  0.325145  0.305963  0.280772  0.320056  0.413721  0.414644  0.581964  0.552860  0.260428  0.355417  0.436541  0.798251  0.391926  0.351902  0.238648  0.299977  0.354664  0.571138  0.517840  0.722824  0.431389  0.204299  0.526326  0.777069  0.629048  0.314482  0.579358  0.289925  0.488139  0.409370  0.368456  0.300179  0.559948  0.338844  0.401880  0.284063  0.558467  0.650659  0.390503  0.397436  0.622247  0.520049  0.832751  0.307820  0.296366  0.391927 
3  0.643832  0.584970  0.475916 0.0  0.477261  0.580115  0.439899  0.570599  0.497014  0.304248  0.524915  0.779900  0.480127  0.505275  0.416928  0.827247  0.596445  0.548881  0.525922  0.447499  0.519474  0.514603  0.452965  0.549797  0.571733  0.416858  0.484630  0.506790  0.462988  0.625071  0.435604  0.370884  0.520840  0.452481  0.511862  0.600506  0.581143  0.545305  0.527452  0.452571  0.560431  0.588428  0.537306  0.500104  0.546010  0.843794  0.523663  0.664121  0.766269  0.570855  0.412133  0.748415  0.542563  0.586059  0.485071  0.463244  0.393835  0.596918  0.626907  0.525008  0.481121  0.558208  0.421491  0.830382  0.581434  0.555337  0.503980  0.595949  0.466082  0.390552  0.544384  0.605178  0.521549  0.590499  0.498938  0.767570  0.550960  0.506402  0.500855  0.452263  0.318287  0.546964  0.488557  0.479069  0.579026  0.488158  0.435336  0.440359  0.465224  0.713509  0.307757  0.517409  0.505921  0.376244  0.810061  0.536364  0.522608  0.527211 
4  0.647218  0.302632  0.344056  0.477261 0.0  0.579542  0.643380  0.228422  0.185464  0.513221  0.489231  0.759752  0.440814  0.282357  0.507166  0.726381  0.612448  0.379208  0.501333  0.373218  0.447813  0.372349  0.443519  0.715328  0.354214  0.357079  0.393329  0.407320  0.533705  0.579683  0.314234  0.470300  0.311477  0.470258  0.403234  0.306537  0.247702  0.281247  0.437230  0.391981  0.257366  0.333099  0.295594  0.218077  0.529541  0.870610  0.364642  0.258472  0.819393  0.382407  0.404254  0.755289  0.329293  0.308331  0.345212  0.395363  0.432381  0.403136  0.612883  0.532378  0.388988  0.420419  0.477146  0.822984  0.345542  0.353174  0.243374  0.256798  0.372695  0.558718  0.654132  0.621851  0.496009  0.403445  0.507430  0.865183  0.523182  0.254777  0.587575  0.388171  0.435090  0.274492  0.453225  0.325347  0.498352  0.416944  0.233675  0.354699  0.536848  0.717252  0.427455  0.402229  0.485029  0.499333  0.854477  0.239176  0.282357  0.404669 
5  0.580920  0.620799  0.510492  0.580115  0.579542 0.0  0.503081  0.509005  0.591205  0.638946  0.562242  0.682450  0.613300  0.595262  0.517731  0.798637  0.515029  0.546858  0.351807  0.583089  0.375794  0.610650  0.560298  0.653734  0.567758  0.522758  0.542010  0.487681  0.419749  0.314612  0.561214  0.643926  0.629058  0.314644  0.613256  0.595907  0.563674  0.495331  0.570623  0.449910  0.580066  0.498170  0.491751  0.490716  0.413845  0.823873  0.531687  0.552862  0.599093  0.532529  0.519422  0.798400  0.460339  0.473943  0.517393  0.531945  0.598445  0.542191  0.657121  0.475200  0.546619  0.546485  0.459243  0.778027  0.589068  0.638592  0.555167  0.593965  0.421308  0.529464  0.342240  0.659686  0.489564  0.588481  0.425277  0.670996  0.484404  0.604761  0.374563  0.596622  0.439340  0.466872  0.409404  0.563345  0.488021  0.538065  0.532559  0.536388  0.551175  0.683742  0.361395  0.508908  0.541064  0.439048  0.791061  0.524591  0.587094  0.558874 
6  0.587244  0.505305  0.492549  0.439899  0.643380  0.503081 0.0  0.472628  0.503632  0.379837  0.527674  0.669916  0.499358  0.495874  0.346841  0.762739  0.436613  0.572297  0.460910  0.453142  0.553324  0.553033  0.566957  0.653366  0.618667  0.491682  0.517460  0.438241  0.456893  0.649225  0.438602  0.519251  0.571886  0.525112  0.520651  0.502946  0.574153  0.535576  0.487228  0.441313  0.525186  0.492199  0.502776  0.515881  0.539400  0.770942  0.599347  0.489126  0.719246  0.501548  0.511154  0.759375  0.539263  0.532210  0.574910  0.516691  0.467221  0.484712  0.653701  0.544503  0.415792  0.590124  0.318927  0.746201  0.604762  0.546591  0.466580  0.519576  0.509121  0.441948  0.387412  0.577661  0.492375  0.564364  0.438170  0.791052  0.471107  0.556567  0.501152  0.495570  0.351291  0.551463  0.496679  0.561054  0.373500  0.558793  0.558679  0.614512  0.536730  0.714651  0.392475  0.418724  0.522589  0.465448  0.804479  0.492520  0.495268  0.463851 
7  0.656850  0.419398  0.391700  0.570599  0.228422  0.509005  0.472628 0.0  0.289342  0.514313  0.378003  0.696622  0.372522  0.416409  0.541495  0.764031  0.481450  0.394301  0.435954  0.349570  0.454061  0.344650  0.268526  0.621553  0.236002  0.316772  0.516127  0.499553  0.580800  0.504867  0.297238  0.474011  0.298197  0.603961  0.378086  0.334232  0.387422  0.351771  0.554418  0.431348  0.328388  0.326868  0.438128  0.287954  0.547136  0.827459  0.311559  0.443463  0.737128  0.364576  0.280242  0.798908  0.306632  0.398099  0.380967  0.360340  0.321291  0.344845  0.561936  0.584931  0.323849  0.376284  0.481117  0.753536  0.350750  0.366290  0.294683  0.319169  0.312220  0.482104  0.533750  0.615608  0.453891  0.346171  0.450774  0.898843  0.515082  0.255708  0.478785  0.359656  0.489054  0.429688  0.501327  0.442380  0.528599  0.391058  0.509303  0.274383  0.576646  0.765276  0.450780  0.241951  0.638632  0.498459  0.806331  0.380725  0.269335  0.327051 
8  0.642859  0.228541  0.325583  0.497014  0.185464  0.591205  0.503632  0.289342 0.0  0.578368  0.506160  0.732591  0.390028  0.300334  0.503499  0.667095  0.506960  0.354263  0.453747  0.364697  0.551082  0.314631  0.261121  0.689023  0.319068  0.326772  0.354561  0.494175  0.505035  0.515035  0.206878  0.529937  0.415160  0.412473  0.230962  0.300884  0.327169  0.388258  0.464907  0.372921  0.387874  0.364557  0.295943  0.323986  0.522101  0.840339  0.287108  0.292765  0.831930  0.393386  0.396001  0.899240  0.344170  0.325617  0.336989  0.367957  0.486170  0.417640  0.675642  0.470877  0.383340  0.371812  0.548353  0.818900  0.330842  0.357709  0.326133  0.290241  0.320129  0.410458  0.478694  0.634163  0.477527  0.285682  0.580882  0.829449  0.612099  0.430786  0.485529  0.386803  0.380972  0.233376  0.458243  0.454395  0.624221  0.425281  0.493902  0.391589  0.553749  0.742018  0.443414  0.350611  0.633819  0.507814  0.837801  0.293037  0.352789  0.314795 
9  0.580816  0.526798  0.530809  0.304248  0.513221  0.638946  0.379837  0.514313  0.578368 0.0  0.530063  0.792301  0.543273  0.532898  0.298746  0.720427  0.530673  0.512442  0.606233  0.507127  0.507942  0.525325  0.464826  0.606599  0.598445  0.545161  0.612382  0.549578  0.485130  0.557563  0.497075  0.291106  0.588457  0.452443  0.518762  0.556982  0.582215  0.570696  0.474012  0.375340  0.545500  0.514206  0.485802  0.501480  0.495864  0.798454  0.635204  0.466632  0.763951  0.470981  0.600775  0.788254  0.485888  0.474475  0.525469  0.648168  0.439595  0.512952  0.679075  0.549869  0.479625  0.462822  0.400326  0.838917  0.437855  0.507695  0.537948  0.551352  0.603696  0.280230  0.623583  0.528580  0.612387  0.497888  0.433560  0.761711  0.606880  0.502584  0.437584  0.535674  0.286732  0.489771  0.598559  0.439064  0.422262  0.458147  0.434209  0.582560  0.562891  0.719942  0.494314  0.579922  0.623329  0.359586  0.788215  0.503223  0.454437  0.525006 
10  0.652782  0.434063  0.334475  0.524915  0.489231  0.562242  0.527674  0.378003  0.506160  0.530063 0.0  0.685496  0.405063  0.362133  0.430670  0.677455  0.617278  0.453740  0.515397  0.405522  0.466415  0.477429  0.490113  0.616949  0.407163  0.473837  0.510173  0.529310  0.594972  0.500317  0.461265  0.542442  0.454583  0.450130  0.458287  0.473291  0.386788  0.523039  0.492716  0.290556  0.475197  0.498287  0.475970  0.494610  0.451407  0.761929  0.546252  0.569600  0.774060  0.327818  0.414903  0.853229  0.444514  0.382433  0.399504  0.420008  0.407101  0.362912  0.676886  0.530241  0.450861  0.469734  0.509716  0.907990  0.414987  0.444492  0.452056  0.444253  0.450714  0.420309  0.467564  0.737363  0.423037  0.523361  0.483581  0.818109  0.506864  0.364627  0.480736  0.420788  0.400102  0.459205  0.359233  0.438037  0.482675  0.400746  0.406623  0.498681  0.491064  0.611608  0.348410  0.478833  0.630599  0.446867  0.820966  0.484129  0.568568  0.418363 
11  0.712473  0.744264  0.666831  0.779900  0.759752  0.682450  0.669916  0.696622  0.732591  0.792301  0.685496 0.0  0.716606  0.643042  0.653569  0.436759  0.758089  0.673953  0.617799  0.722911  0.622494  0.722398  0.693172  0.697850  0.612338  0.739067  0.713809  0.742777  0.679510  0.696644  0.708628  0.656804  0.683322  0.682727  0.732165  0.632962  0.705171  0.663417  0.678512  0.657061  0.641120  0.677271  0.655609  0.756913  0.814420  0.720601  0.704746  0.628637  0.271804  0.812494  0.780703  0.768586  0.752537  0.797441  0.667401  0.614008  0.696436  0.625901  0.717426  0.732352  0.718207  0.632673  0.778509  0.771083  0.746635  0.814050  0.732893  0.653743  0.717089  0.709669  0.718851  0.686067  0.611347  0.694258  0.699206  0.719151  0.653094  0.705336  0.804828  0.723731  0.790423  0.742251  0.720230  0.722057  0.775623  0.678103  0.663267  0.717098  0.752594  0.554767  0.733173  0.676631  0.713162  0.664612  0.744012  0.693352  0.753601  0.769373 
12  0.649697  0.343728  0.461846  0.480127  0.440814  0.613300  0.499358  0.372522  0.390028  0.543273  0.405063  0.716606 0.0  0.380902  0.461536  0.680526  0.546575  0.554598  0.597663  0.486918  0.563113  0.420650  0.419657  0.643159  0.481965  0.369690  0.315677  0.467698  0.464051  0.553296  0.423182  0.463100  0.433073  0.460701  0.402590  0.462800  0.449971  0.386902  0.549220  0.402518  0.377256  0.411019  0.445218  0.438269  0.523785  0.846512  0.428807  0.373081  0.702884  0.516593  0.354218  0.961357  0.365661  0.394632  0.360555  0.435536  0.374393  0.436794  0.658836  0.581846  0.392270  0.414030  0.421028  0.802111  0.384379  0.474382  0.552957  0.359735  0.376197  0.522944  0.572824  0.720108  0.464523  0.480455  0.474343  0.811705  0.555710  0.412738  0.508207  0.394523  0.536251  0.397151  0.350553  0.407898  0.427139  0.507873  0.504814  0.362968  0.565643  0.820334  0.393587  0.441741  0.555092  0.532511  0.894767  0.390285  0.462273  0.484380 
13  0.580599  0.406873  0.343466  0.505275  0.282357  0.595262  0.495874  0.416409  0.300334  0.532898  0.362133  0.643042  0.380902 0.0  0.511514  0.681810  0.686857  0.297388  0.645864  0.245298  0.578328  0.343921  0.449627  0.575323  0.336848  0.305422  0.389710  0.535011  0.502857  0.542755  0.323906  0.578553  0.349440  0.553611  0.362182  0.215335  0.374850  0.337562  0.461117  0.323213  0.355270  0.401301  0.438301  0.309588  0.453303  0.888253  0.334061  0.358764  0.662595  0.355789  0.355354  0.803825  0.257678  0.362202  0.229535  0.340961  0.301117  0.429537  0.582184  0.521197  0.397901  0.435241  0.580295  0.758989  0.222326  0.295985  0.292387  0.348594  0.401564  0.673433  0.498148  0.587685  0.505196  0.398144  0.440250  0.862098  0.479556  0.355751  0.463743  0.350693  0.451929  0.278382  0.389088  0.352898  0.436892  0.227307  0.510485  0.402471  0.521975  0.767347  0.429798  0.360929  0.606682  0.615171  0.815708  0.352323  0.336116  0.289155 
14  0.727519  0.459150  0.425911  0.416928  0.507166  0.517731  0.346841  0.541495  0.503499  0.298746  0.430670  0.653569  0.461536  0.511514 0.0  0.751897  0.463093  0.496753  0.411567  0.457256  0.506471  0.456683  0.391047  0.544443  0.540165  0.492110  0.598066  0.470259  0.473699  0.449446  0.524585  0.435187  0.454884  0.487857  0.462900  0.449768  0.578401  0.521651  0.397994  0.475198  0.527953  0.395606  0.367136  0.460773  0.529701  0.783598  0.514715  0.465493  0.571638  0.506471  0.416013  0.847238  0.518574  0.532215  0.480026  0.548229  0.521948  0.443972  0.541584  0.346320  0.522115  0.513274  0.464826  0.847783  0.556239  0.405255  0.408579  0.559393  0.563726  0.323077  0.448274  0.674350  0.416889  0.435262  0.423308  0.829800  0.493967  0.588615  0.471582  0.510198  0.447439  0.594240  0.498946  0.458400  0.519615  0.477663  0.452178  0.504283  0.490216  0.731059  0.400026  0.489644  0.412129  0.414611  0.821120  0.470229  0.551521  0.493844 
15  0.729864  0.668338  0.700456  0.827247  0.726381  0.798637  0.762739  0.764031  0.667095  0.720427  0.677455  0.436759  0.680526  0.681810  0.751897 0.0  0.635192  0.665461  0.720126  0.668865  0.755396  0.693193  0.735214  0.706136  0.769906  0.766487  0.693633  0.642816  0.614171  0.754361  0.765802  0.746587  0.666271  0.730413  0.714480  0.804770  0.779416  0.757067  0.739869  0.621286  0.666758  0.829512  0.686996  0.710913  0.720983  0.805198  0.733404  0.692242  0.433677  0.707866  0.664935  0.701205  0.709763  0.637914  0.702725  0.710652  0.748438  0.692113  0.760426  0.727263  0.744954  0.628823  0.751252  0.824124  0.734541  0.807923  0.642431  0.620474  0.789214  0.728385  0.683128  0.722936  0.707434  0.673895  0.711641  0.765555  0.646916  0.693742  0.675481  0.692877  0.677918  0.660837  0.856447  0.695283  0.716466  0.793610  0.766128  0.697414  0.752994  0.377450  0.711941  0.770910  0.647125  0.791405  0.789031  0.676571  0.619152  0.743462 
16  0.529339  0.607113  0.555360  0.596445  0.612448  0.515029  0.436613  0.481450  0.506960  0.530673  0.617278  0.758089  0.546575  0.686857  0.463093  0.635192 0.0  0.485131  0.555129  0.525658  0.331641  0.508912  0.492592  0.624433  0.595478  0.594520  0.549241  0.270048  0.270805  0.350633  0.557001  0.481241  0.572687  0.496536  0.494996  0.426938  0.549930  0.529850  0.569436  0.452545  0.521924  0.553088  0.568515  0.510850  0.320997  0.853601  0.480778  0.536141  0.774760  0.546920  0.594043  0.832339  0.487700  0.634788  0.586314  0.530894  0.487348  0.452696  0.704860  0.416810  0.514256  0.511896  0.457515  0.858843  0.589936  0.446770  0.416832  0.448187  0.570617  0.522802  0.399647  0.741991  0.562201  0.485006  0.387390  0.965901  0.370245  0.551195  0.408237  0.539541  0.486599  0.514388  0.581896  0.560823  0.491602  0.522707  0.523968  0.481961  0.291856  0.686626  0.443088  0.588295  0.543206  0.446038  0.803093  0.553538  0.539068  0.509276 
17  0.544201  0.359643  0.319757  0.548881  0.379208  0.546858  0.572297  0.394301  0.354263  0.512442  0.453740  0.673953  0.554598  0.297388  0.496753  0.665461  0.485131 0.0  0.531286  0.328213  0.574756  0.269838  0.387589  0.619065  0.374514  0.446036  0.371196  0.537973  0.427447  0.489489  0.216232  0.594925  0.358656  0.496192  0.434144  0.409736  0.328277  0.355356  0.478191  0.412407  0.219444  0.345540  0.336344  0.365260  0.561213  0.813615  0.307486  0.320210  0.689178  0.270323  0.251265  0.861665  0.283600  0.321718  0.420264  0.309153  0.446714  0.483805  0.553449  0.501825  0.263833  0.393082  0.486710  0.826865  0.332010  0.329660  0.317103  0.410701  0.350696  0.561332  0.479713  0.673815  0.430313  0.297115  0.565401  0.756235  0.571783  0.387319  0.524919  0.305801  0.506835  0.325765  0.393962  0.317142  0.544169  0.329372  0.459446  0.417876  0.536568  0.862070  0.319542  0.359764  0.609600  0.641630  0.808900  0.264143  0.373965  0.346617 
18  0.613393  0.452880  0.542945  0.525922  0.501333  0.351807  0.460910  0.435954  0.453747  0.606233  0.515397  0.617799  0.597663  0.645864  0.411567  0.720126  0.555129  0.531286 0.0  0.556058  0.375666  0.566692  0.524689  0.605648  0.555080  0.454112  0.602192  0.504144  0.445779  0.350000  0.552184  0.602021  0.569740  0.240888  0.594477  0.548438  0.515440  0.452395  0.496716  0.541902  0.545636  0.567590  0.572185  0.547989  0.465419  0.801595  0.535241  0.483090  0.760190  0.485125  0.773125  0.792599  0.599825  0.473765  0.588619  0.492822  0.492192  0.477816  0.733535  0.452072  0.530780  0.457095  0.489597  0.887655  0.578854  0.551859  0.573427  0.607428  0.518260  0.632069  0.393108  0.679484  0.497105  0.553621  0.432012  0.909065  0.559190  0.647449  0.288997  0.534948  0.499395  0.389850  0.610729  0.447383  0.464484  0.573008  0.570750  0.577511  0.483255  0.776014  0.344626  0.492643  0.540844  0.623685  0.584720  0.587509  0.423863  0.485962 
19  0.788283  0.385318  0.451100  0.447499  0.373218  0.583089  0.453142  0.349570  0.364697  0.507127  0.405522  0.722911  0.486918  0.245298  0.457256  0.668865  0.525658  0.328213  0.556058 0.0  0.516998  0.355666  0.259671  0.570867  0.341561  0.340631  0.372881  0.617906  0.449113  0.473893  0.395664  0.586533  0.343761  0.564185  0.374800  0.293888  0.322015  0.348156  0.594627  0.343878  0.358490  0.355405  0.353146  0.312601  0.517394  0.884352  0.315557  0.375536  0.736784  0.259942  0.236478  0.796362  0.322757  0.278264  0.382646  0.472370  0.423425  0.459683  0.668595  0.562141  0.252011  0.387293  0.479125  0.735648  0.343478  0.357986  0.353792  0.379449  0.383112  0.595273  0.441800  0.679736  0.431221  0.299689  0.531203  0.886550  0.505955  0.382763  0.524208  0.324831  0.570249  0.315147  0.404112  0.389500  0.487369  0.258077  0.498894  0.319957  0.466203  0.800675  0.440658  0.352399  0.641660  0.539624  0.811011  0.395159  0.195839  0.336462 
20  0.564059  0.405853  0.696809  0.519474  0.447813  0.375794  0.553324  0.454061  0.551082  0.507942  0.466415  0.622494  0.563113  0.578328  0.506471  0.755396  0.331641  0.574756  0.375666  0.516998 0.0  0.558818  0.538317  0.676566  0.674057  0.498745  0.412018  0.261480  0.383097  0.385589  0.486126  0.583004  0.554166  0.530123  0.535469  0.637005  0.510993  0.568755  0.491092  0.543273  0.525113  0.499821  0.569340  0.627588  0.412636  0.732927  0.547146  0.535289  0.714880  0.562051  0.539218  0.893257  0.570925  0.471460  0.551704  0.515047  0.570996  0.532573  0.736541  0.360121  0.564733  0.618659  0.481788  0.865430  0.615911  0.626688  0.458810  0.419062  0.594266  0.559388  0.408650  0.606508  0.474298  0.535592  0.309027  0.809265  0.373808  0.635758  0.407161  0.550308  0.490069  0.550893  0.496615  0.671301  0.490770  0.443654  0.567915  0.553919  0.380362  0.602145  0.461445  0.547462  0.587515  0.451320  0.825976  0.477941  0.608665  0.499505 
21  0.595768  0.332064  0.440114  0.514603  0.372349  0.610650  0.553033  0.344650  0.314631  0.525325  0.477429  0.722398  0.420650  0.343921  0.456683  0.693193  0.508912  0.269838  0.566692  0.355666  0.558818 0.0  0.292006  0.677745  0.304258  0.313709  0.329079  0.459867  0.460405  0.549506  0.294345  0.468527  0.465714  0.553519  0.318507  0.296025  0.192067  0.249673  0.433673  0.426766  0.393682  0.394356  0.341359  0.293393  0.633464  0.819363  0.331626  0.396172  0.692122  0.350365  0.383733  0.906205  0.285017  0.340316  0.312422  0.348903  0.310453  0.457621  0.633515  0.570763  0.382180  0.376313  0.483578  0.780098  0.275991  0.406064  0.278055  0.320117  0.323335  0.529517  0.622428  0.604059  0.430740  0.326797  0.473257  0.811155  0.541432  0.155002  0.524061  0.288085  0.518579  0.312707  0.438363  0.326380  0.459811  0.325008  0.515357  0.326216  0.497495  0.742637  0.408553  0.257370  0.577154  0.560398  0.811284  0.305980  0.335688  0.362308 
22  0.581752  0.406386  0.296871  0.452965  0.443519  0.560298  0.566957  0.268526  0.261121  0.464826  0.490113  0.693172  0.419657  0.449627  0.391047  0.735214  0.492592  0.387589  0.524689  0.259671  0.538317  0.292006 0.0  0.657931  0.275017  0.343940  0.368094  0.560740  0.421421  0.518268  0.402151  0.518431  0.310460  0.509813  0.363141  0.361363  0.319002  0.319949  0.613985  0.364861  0.296799  0.372336  0.280908  0.355379  0.548290  0.847616  0.242908  0.349493  0.729424  0.304496  0.287443  0.808726  0.212589  0.314723  0.372540  0.350044  0.377903  0.393512  0.664381  0.563949  0.255036  0.339952  0.513478  0.875200  0.282273  0.329540  0.274991  0.420382  0.404874  0.599275  0.504313  0.584017  0.426393  0.226575  0.550119  0.801591  0.472664  0.254921  0.481485  0.365792  0.515485  0.310854  0.432904  0.287441  0.551087  0.320083  0.489103  0.352976  0.444395  0.695732  0.448630  0.285719  0.578362  0.559511  0.834958  0.284971  0.321862  0.285586 
23  0.422087  0.649927  0.642891  0.549797  0.715328  0.653734  0.653366  0.621553  0.689023  0.606599  0.616949  0.697850  0.643159  0.575323  0.544443  0.706136  0.624433  0.619065  0.605648  0.570867  0.676566  0.677745  0.657931 0.0  0.525405  0.597767  0.701980  0.657327  0.643296  0.644737  0.670455  0.611158  0.718035  0.596939  0.611571  0.614232  0.639039  0.666342  0.664413  0.576919  0.720203  0.561547  0.559219  0.629670  0.587782  0.849036  0.729638  0.645392  0.698165  0.627119  0.598622  0.758312  0.595028  0.607471  0.639113  0.661473  0.760244  0.569984  0.527900  0.627303  0.666129  0.602934  0.588056  0.882609  0.583635  0.673219  0.694957  0.615060  0.701175  0.720243  0.614546  0.427494  0.613305  0.653749  0.592499  0.859842  0.561773  0.642902  0.660230  0.632746  0.601866  0.704532  0.584410  0.649040  0.530994  0.707136  0.649737  0.634592  0.526874  0.649930  0.578467  0.609787  0.565151  0.663862  0.792579  0.637964  0.609554  0.489385 
24  0.633723  0.488115  0.317916  0.571733  0.354214  0.567758  0.618667  0.236002  0.319068  0.598445  0.407163  0.612338  0.481965  0.336848  0.540165  0.769906  0.595478  0.374514  0.555080  0.341561  0.674057  0.304258  0.275017  0.525405 0.0  0.279466  0.491487  0.495129  0.461122  0.465819  0.324619  0.497557  0.254655  0.594939  0.365152  0.365041  0.295529  0.434260  0.456586  0.454175  0.411107  0.333498  0.317852  0.357919  0.548442  0.810500  0.298036  0.335933  0.635517  0.267730  0.254515  0.870330  0.421473  0.334538  0.364315  0.315022  0.485086  0.391596  0.696777  0.611283  0.367149  0.357276  0.521720  0.876936  0.386239  0.353578  0.360632  0.379546  0.370624  0.527849  0.559348  0.603306  0.533252  0.394895  0.493989  0.779849  0.553843  0.440543  0.558305  0.367377  0.505137  0.333389  0.451591  0.389013  0.515771  0.337075  0.449661  0.272403  0.631033  0.682242  0.416468  0.409301  0.580734  0.471976  0.799131  0.371148  0.385974  0.208872 
25  0.627813  0.292237  0.439822  0.416858  0.357079  0.522758  0.491682  0.316772  0.326772  0.545161  0.473837  0.739067  0.369690  0.305422  0.492110  0.766487  0.594520  0.446036  0.454112  0.340631  0.498745  0.313709  0.343940  0.597767  0.279466 0.0  0.346987  0.538906  0.445561  0.640081  0.346161  0.501940  0.344863  0.500755  0.260597  0.431726  0.375237  0.363291  0.419897  0.266767  0.313826  0.331185  0.405052  0.338767  0.625628  0.812593  0.248068  0.289697  0.691077  0.291934  0.327663  0.880037  0.350375  0.342709  0.342548  0.281856  0.424650  0.477542  0.689893  0.650605  0.387596  0.417960  0.419689  0.801344  0.314415  0.313788  0.404562  0.236393  0.377697  0.537699  0.356878  0.705583  0.384643  0.466202  0.560100  0.741753  0.549967  0.359062  0.455596  0.317646  0.403155  0.310000  0.420730  0.396932  0.450028  0.232033  0.435385  0.383462  0.515987  0.700160  0.403489  0.343534  0.603762  0.516456  0.775762  0.298588  0.377248  0.283101 
26  0.602479  0.349694  0.393035  0.484630  0.393329  0.542010  0.517460  0.516127  0.354561  0.612382  0.510173  0.713809  0.315677  0.389710  0.598066  0.693633  0.549241  0.371196  0.602192  0.372881  0.412018  0.329079  0.368094  0.701980  0.491487  0.346987 0.0  0.530148  0.522305  0.462103  0.434864  0.596252  0.488615  0.558452  0.278939  0.398256  0.361967  0.325844  0.468175  0.419850  0.326435  0.371952  0.399628  0.417586  0.518793  0.843254  0.317718  0.408689  0.706955  0.285365  0.335281  0.794636  0.440880  0.383017  0.389215  0.529889  0.481944  0.408585  0.574271  0.557252  0.339701  0.257183  0.348236  0.766751  0.396524  0.341039  0.361077  0.303047  0.301727  0.531359  0.529583  0.610421  0.469025  0.219795  0.595369  0.753077  0.554697  0.319983  0.499387  0.334427  0.496907  0.368655  0.483007  0.320317  0.385676  0.424247  0.501187  0.341287  0.469006  0.749607  0.458076  0.359718  0.650866  0.553060  0.766965  0.403894  0.322378  0.385226 
27  0.625785  0.441823  0.562918  0.506790  0.407320  0.487681  0.438241  0.499553  0.494175  0.549578  0.529310  0.742777  0.467698  0.535011  0.470259  0.642816  0.270048  0.537973  0.504144  0.617906  0.261480  0.459867  0.560740  0.657327  0.495129  0.538906  0.530148 0.0  0.466989  0.372395  0.626987  0.548893  0.503969  0.449456  0.564704  0.537748  0.550873  0.414723  0.518130  0.485565  0.555248  0.537209  0.640346  0.434112  0.324081  0.819488  0.566294  0.570099  0.744168  0.595240  0.450636  0.831605  0.455804  0.540288  0.451303  0.565827  0.409436  0.567561  0.558238  0.270217  0.485748  0.470553  0.442350  0.820436  0.475291  0.460822  0.511954  0.472635  0.522352  0.551030  0.495673  0.595798  0.395711  0.493785  0.369696  0.865759  0.278545  0.456010  0.550793  0.460423  0.543493  0.555795  0.483268  0.462236  0.585606  0.484461  0.460583  0.525427  0.397704  0.726584  0.371467  0.582389  0.673191  0.569285  0.727192  0.486133  0.484870  0.572179 
28  0.516606  0.436871  0.597742  0.462988  0.533705  0.419749  0.456893  0.580800  0.505035  0.485130  0.594972  0.679510  0.464051  0.502857  0.473699  0.614171  0.270805  0.427447  0.445779  0.449113  0.383097  0.460405  0.421421  0.643296  0.461122  0.445561  0.522305  0.466989 0.0  0.374862  0.483821  0.483791  0.493600  0.438032  0.495663  0.532606  0.597451  0.442999  0.452596  0.453486  0.561108  0.462255  0.482122  0.609915  0.317771  0.871773  0.565599  0.437659  0.738600  0.480689  0.553696  0.819577  0.482746  0.589134  0.543285  0.620560  0.484580  0.573127  0.631710  0.371641  0.526930  0.462163  0.424082  0.791551  0.597538  0.516095  0.464996  0.553159  0.568386  0.490608  0.414484  0.608976  0.541428  0.507069  0.277561  0.807768  0.309822  0.414095  0.355040  0.535111  0.454127  0.426486  0.500591  0.482654  0.440638  0.501032  0.527848  0.626240  0.240986  0.757757  0.302787  0.536731  0.549448  0.511642  0.740757  0.529968  0.522049  0.565804 
29  0.607346  0.540893  0.487517  0.625071  0.579683  0.314612  0.649225  0.504867  0.515035  0.557563  0.500317  0.696644  0.553296  0.542755  0.449446  0.754361  0.350633  0.489489  0.350000  0.473893  0.385589  0.549506  0.518268  0.644737  0.465819  0.640081  0.462103  0.372395  0.374862 0.0  0.615248  0.549111  0.526402  0.281477  0.604013  0.479941  0.520443  0.436196  0.448058  0.471394  0.589512  0.490577  0.527125  0.489046  0.392862  0.842514  0.408365  0.534502  0.652684  0.506775  0.400194  0.845184  0.448497  0.482421  0.551418  0.487261  0.505872  0.400655  0.625505  0.411110  0.535767  0.470872  0.524463  0.864037  0.491871  0.563951  0.521946  0.551219  0.484215  0.418134  0.346106  0.635919  0.523416  0.525116  0.386986  0.870329  0.376424  0.425656  0.349143  0.465949  0.476427  0.470793  0.626808  0.495053  0.455905  0.436083  0.595989  0.596820  0.412458  0.668516  0.478423  0.571600  0.608496  0.411200  0.733197  0.474927  0.511158  0.429312 
30  0.588999  0.332114  0.316335  0.435604  0.314234  0.561214  0.438602  0.297238  0.206878  0.497075  0.461265  0.708628  0.423182  0.323906  0.524585  0.765802  0.557001  0.216232  0.552184  0.395664  0.486126  0.294345  0.402151  0.670455  0.324619  0.346161  0.434864  0.626987  0.483821  0.615248 0.0  0.532310  0.399201  0.560879  0.269604  0.343028  0.228113  0.305800  0.510342  0.405044  0.362352  0.297862  0.304342  0.383518  0.621669  0.837958  0.406890  0.295136  0.792069  0.310419  0.358173  0.959168  0.310131  0.406215  0.341711  0.424761  0.399319  0.538241  0.595797  0.525117  0.270224  0.356679  0.468412  0.786527  0.376981  0.333057  0.296695  0.357608  0.525642  0.488690  0.551804  0.696069  0.497042  0.376238  0.590043  0.812253  0.503549  0.487828  0.533779  0.376879  0.583108  0.333650  0.466750  0.300737  0.555902  0.259831  0.361352  0.305779  0.524722  0.729330  0.403699  0.379444  0.513302  0.472264  0.836264  0.260844  0.365304  0.370029 
31  0.578571  0.575724  0.533635  0.370884  0.470300  0.643926  0.519251  0.474011  0.529937  0.291106  0.542442  0.656804  0.463100  0.578553  0.435187  0.746587  0.481241  0.594925  0.602021  0.586533  0.583004  0.468527  0.518431  0.611158  0.497557  0.501940  0.596252  0.548893  0.483791  0.549111  0.532310 0.0  0.525424  0.600134  0.468148  0.517512  0.588528  0.429701  0.549854  0.465550  0.590456  0.511535  0.556347  0.520073  0.519885  0.786865  0.636112  0.471747  0.646702  0.474790  0.560726  0.894420  0.521305  0.495301  0.545294  0.586124  0.408454  0.551009  0.672502  0.492269  0.467963  0.486287  0.408095  0.903015  0.547018  0.594424  0.482687  0.511143  0.535546  0.404643  0.499216  0.633949  0.508820  0.558502  0.458974  0.791312  0.532844  0.447934  0.553838  0.549566  0.399538  0.593146  0.549004  0.496692  0.477038  0.553362  0.545905  0.559761  0.626716  0.836807  0.412280  0.559506  0.600736  0.364281  0.670351  0.553401  0.523162  0.531486 
32  0.537481  0.460931  0.471289  0.520840  0.311477  0.629058  0.571886  0.298197  0.415160  0.588457  0.454583  0.683322  0.433073  0.349440  0.454884  0.666271  0.572687  0.358656  0.569740  0.343761  0.554166  0.465714  0.310460  0.718035  0.254655  0.344863  0.488615  0.503969  0.493600  0.526402  0.399201  0.525424 0.0  0.534783  0.372813  0.294847  0.336573  0.274887  0.585526  0.414803  0.394486  0.373501  0.320009  0.263461  0.509341  0.851944  0.351414  0.394494  0.687929  0.352752  0.410894  0.886167  0.343302  0.380618  0.279261  0.355616  0.434538  0.520554  0.639965  0.473922  0.349394  0.392189  0.519539  0.858837  0.357551  0.321143  0.304286  0.348752  0.408209  0.527007  0.587183  0.650938  0.472576  0.255716  0.555862  0.764291  0.552382  0.347776  0.540216  0.342759  0.395295  0.290754  0.449088  0.416193  0.513361  0.364533  0.424180  0.329857  0.623319  0.712569  0.364723  0.379701  0.612375  0.464570  0.786200  0.294456  0.285496  0.259095 
33  0.567937  0.490275  0.540296  0.452481  0.470258  0.314644  0.525112  0.603961  0.412473  0.452443  0.450130  0.682727  0.460701  0.553611  0.487857  0.730413  0.496536  0.496192  0.240888  0.564185  0.530123  0.553519  0.509813  0.596939  0.594939  0.500755  0.558452  0.449456  0.438032  0.281477  0.560879  0.600134  0.534783 0.0  0.579165  0.424838  0.576695  0.556269  0.473567  0.470806  0.491021  0.474887  0.380836  0.474907  0.476405  0.829063  0.480052  0.453975  0.639920  0.577200  0.597444  0.883843  0.567219  0.616305  0.535580  0.558440  0.458951  0.490294  0.663641  0.540782  0.574738  0.560350  0.458423  0.826602  0.574741  0.547484  0.484981  0.432975  0.467394  0.583106  0.315430  0.643598  0.456630  0.510771  0.430373  0.733954  0.554657  0.530151  0.380103  0.551769  0.559346  0.538872  0.486295  0.496739  0.542615  0.469554  0.560290  0.584469  0.409115  0.732235  0.411728  0.598408  0.623304  0.467149  0.808844  0.502816  0.470937  0.529578 
34  0.594948  0.350762  0.309144  0.511862  0.403234  0.613256  0.520651  0.378086  0.230962  0.518762  0.458287  0.732165  0.402590  0.362182  0.462900  0.714480  0.494996  0.434144  0.594477  0.374800  0.535469  0.318507  0.363141  0.611571  0.365152  0.260597  0.278939  0.564704  0.495663  0.604013  0.269604  0.468148  0.372813  0.579165 0.0  0.286882  0.331937  0.328022  0.609645  0.325917  0.297742  0.296900  0.320975  0.277751  0.518214  0.870151  0.371124  0.270850  0.725452  0.244861  0.337889  0.824242  0.290674  0.370771  0.341082  0.309919  0.474890  0.397954  0.560086  0.604115  0.184810  0.289110  0.488431  0.866244  0.334449  0.341149  0.339539  0.380939  0.336978  0.542861  0.506747  0.560765  0.392402  0.319104  0.587066  0.815337  0.440043  0.372356  0.596549  0.323877  0.470034  0.290939  0.477011  0.271108  0.505483  0.349526  0.418705  0.333369  0.502902  0.703696  0.379049  0.355188  0.569512  0.453919  0.758835  0.310481  0.384866  0.344757 
35  0.574356  0.376138  0.354210  0.600506  0.306537  0.595907  0.502946  0.334232  0.300884  0.556982  0.473291  0.632962  0.462800  0.215335  0.449768  0.804770  0.426938  0.409736  0.548438  0.293888  0.637005  0.296025  0.361363  0.614232  0.365041  0.431726  0.398256  0.537748  0.532606  0.479941  0.343028  0.517512  0.294847  0.424838  0.286882 0.0  0.244399  0.326936  0.476322  0.440127  0.342823  0.280295  0.376682  0.369199  0.489742  0.757338  0.339713  0.395978  0.762489  0.273716  0.322414  0.863565  0.255889  0.387995  0.293388  0.476811  0.482173  0.429133  0.654231  0.460569  0.304447  0.422849  0.400039  0.823951  0.333577  0.410737  0.382595  0.369976  0.370934  0.507702  0.485492  0.721004  0.568080  0.354405  0.524794  0.771722  0.591346  0.301548  0.572463  0.411251  0.509651  0.324685  0.503650  0.371181  0.542228  0.293583  0.300563  0.307771  0.618717  0.702139  0.377486  0.461164  0.614309  0.480663  0.801986  0.403356  0.337945  0.376504 
36  0.673629  0.224627  0.359502  0.581143  0.247702  0.563674  0.574153  0.387422  0.327169  0.582215  0.386788  0.705171  0.449971  0.374850  0.578401  0.779416  0.549930  0.328277  0.515440  0.322015  0.510993  0.192067  0.319002  0.639039  0.295529  0.375237  0.361967  0.550873  0.597451  0.520443  0.228113  0.588528  0.336573  0.576695  0.331937  0.244399 0.0  0.246091  0.550232  0.263555  0.346251  0.318026  0.216935  0.272313  0.584285  0.874100  0.303543  0.227501  0.639786  0.252356  0.385571  0.872277  0.346850  0.322798  0.353169  0.331342  0.382742  0.447244  0.651857  0.513625  0.359784  0.367527  0.507224  0.830029  0.304044  0.349962  0.337567  0.304324  0.453319  0.451090  0.521839  0.590353  0.351450  0.298056  0.550889  0.913149  0.583051  0.380261  0.536750  0.306111  0.471035  0.272966  0.401028  0.323923  0.485481  0.383839  0.403186  0.329468  0.603501  0.683308  0.352178  0.384158  0.548545  0.491256  0.654672  0.293468  0.366476  0.390440 
37  0.592267  0.327221  0.280313  0.545305  0.281247  0.495331  0.535576  0.351771  0.388258  0.570696  0.523039  0.663417  0.386902  0.337562  0.521651  0.757067  0.529850  0.355356  0.452395  0.348156  0.568755  0.249673  0.319949  0.666342  0.434260  0.363291  0.325844  0.414723  0.442999  0.436196  0.305800  0.429701  0.274887  0.556269  0.328022  0.326936  0.246091 0.0  0.526678  0.367232  0.309454  0.256974  0.201892  0.301997  0.633475  0.857877  0.322648  0.223472  0.739481  0.291748  0.307350  0.792827  0.350892  0.228650  0.333493  0.289065  0.358226  0.494855  0.713491  0.531896  0.286210  0.352974  0.521701  0.905941  0.258355  0.374907  0.396183  0.306964  0.415885  0.497387  0.523812  0.675989  0.421724  0.323863  0.454270  0.836151  0.582975  0.295257  0.527846  0.277526  0.455335  0.242010  0.498768  0.297138  0.445323  0.258204  0.491891  0.387331  0.546333  0.638498  0.350191  0.399613  0.561300  0.603495  0.706056  0.291169  0.288061  0.353471 
38  0.555755  0.526805  0.475194  0.527452  0.437230  0.570623  0.487228  0.554418  0.464907  0.474012  0.492716  0.678512  0.549220  0.461117  0.397994  0.739869  0.569436  0.478191  0.496716  0.594627  0.491092  0.433673  0.613985  0.664413  0.456586  0.419897  0.468175  0.518130  0.452596  0.448058  0.510342  0.549854  0.585526  0.473567  0.609645  0.476322  0.550232  0.526678 0.0  0.475424  0.464205  0.558513  0.464933  0.542929  0.418122  0.807798  0.516955  0.539677  0.682978  0.527592  0.490900  0.736731  0.558710  0.624755  0.530330  0.560064  0.441991  0.464251  0.688548  0.577396  0.428141  0.539760  0.568379  0.860386  0.508156  0.511951  0.587579  0.528085  0.480326  0.487982  0.565962  0.642340  0.530650  0.558373  0.511159  0.760236  0.523530  0.418054  0.536509  0.578030  0.457568  0.502350  0.635030  0.531179  0.364538  0.604111  0.518261  0.399709  0.510151  0.628397  0.377201  0.502517  0.608604  0.567489  0.850846  0.502512  0.585385  0.466145 
39  0.547392  0.329509  0.419060  0.452571  0.391981  0.449910  0.441313  0.431348  0.372921  0.375340  0.290556  0.657061  0.402518  0.323213  0.475198  0.621286  0.452545  0.412407  0.541902  0.343878  0.543273  0.426766  0.364861  0.576919  0.454175  0.266767  0.419850  0.485565  0.453486  0.471394  0.405044  0.465550  0.414803  0.470806  0.325917  0.440127  0.263555  0.367232  0.475424 0.0  0.473727  0.373423  0.429374  0.481871  0.552792  0.835969  0.438694  0.340229  0.810439  0.506691  0.442462  0.772468  0.406855  0.396815  0.440702  0.399257  0.313206  0.453811  0.694513  0.587018  0.401472  0.410435  0.511089  0.739440  0.461130  0.369270  0.506731  0.354664  0.378440  0.581244  0.410463  0.675179  0.339586  0.409454  0.429518  0.836229  0.466653  0.422696  0.519838  0.341068  0.446223  0.302098  0.484395  0.487369  0.423269  0.433830  0.475360  0.319864  0.565046  0.705754  0.387802  0.304356  0.513772  0.427739  0.829026  0.398642  0.322137  0.456036 
