98
0 0.0  0.410251  0.426987  0.739255  0.582153  0.558917  0.451503  0.537071  0.537176  0.573657  0.527165  0.573668  0.521090  0.781883  0.554405  0.568794  0.522605  0.444348  0.497107  0.325419  0.570927  0.492862  0.460127  0.546443  0.498351  0.640450  0.381106  0.491225  0.572164  0.519269  0.690666  0.803575  0.494887  0.544712  0.510747  0.527090  0.479178  0.390606  0.528047  0.312360  0.520147  0.476653  0.404152  0.522700  0.391021  0.816203  0.574391  0.440671  0.464643  0.507876  0.527534  0.501435  0.539571  0.391188  0.554147  0.525930  0.405833  0.459996  0.433782  0.680068  0.771146  0.574804  0.564289  0.327525  0.643173  0.481112  0.851311  0.540202  0.809857  0.608878  0.489563  0.499361  0.565250  0.868747  0.575344  0.571942  0.439676  0.539654  0.839086  0.885183  0.384129  0.505341  0.673798  0.654505  0.431613  0.418737  0.519845  0.507874  0.488828  0.515032  0.469749  0.572895  0.591073  0.563517  0.661531  0.444417  0.553704  0.774610 
1  0.410251 0.0  0.426215  0.633907  0.445457  0.451627  0.427052  0.354187  0.417672  0.360260  0.423552  0.356391  0.405965  0.778013  0.430819  0.431134  0.469152  0.430346  0.423506  0.442033  0.394610  0.397185  0.449064  0.372246  0.343095  0.625008  0.371214  0.388732  0.420453  0.349595  0.529386  0.781758  0.308278  0.308452  0.421285  0.490690  0.511049  0.357089  0.469123  0.343480  0.356139  0.431336  0.356770  0.449839  0.425308  0.746976  0.339462  0.422769  0.408413  0.325373  0.400405  0.362009  0.323841  0.431182  0.345404  0.537688  0.380037  0.455755  0.399746  0.702524  0.770426  0.340981  0.449573  0.344800  0.390807  0.375924  0.745777  0.403063  0.685851  0.434825  0.385384  0.412484  0.364747  0.764099  0.562480  0.396896  0.415713  0.402602  0.773933  0.725399  0.367874  0.420196  0.750311  0.433938  0.396873  0.440641  0.348479  0.449028  0.481538  0.364698  0.429993  0.330313  0.484779  0.430355  0.738987  0.399147  0.327150  0.826089 
2  0.426987  0.426215 0.0  0.837365  0.363544  0.261012  0.566351  0.325036  0.455847  0.320791  0.222516  0.386223  0.398020  0.819323  0.321342  0.284403  0.285641  0.592709  0.343234  0.564317  0.326390  0.345262  0.382170  0.438209  0.315200  0.649811  0.507449  0.394812  0.561776  0.481958  0.608143  0.872435  0.326809  0.427747  0.336049  0.393205  0.431517  0.605940  0.356281  0.620640  0.395925  0.318956  0.490484  0.290749  0.472076  0.859660  0.385998  0.449298  0.441719  0.452965  0.475470  0.342445  0.280781  0.444059  0.338028  0.311630  0.646806  0.589244  0.428912  0.727477  0.734693  0.432553  0.299726  0.476859  0.514887  0.420677  0.785195  0.314749  0.844072  0.242967  0.329574  0.373959  0.336005  0.812280  0.652262  0.396758  0.274146  0.256201  0.817293  0.851105  0.496933  0.272471  0.771691  0.419943  0.235545  0.363155  0.332558  0.318657  0.344935  0.265156  0.386966  0.494756  0.365869  0.308898  0.710829  0.523921  0.439393  0.757682 
3  0.739255  0.633907  0.837365 0.0  0.835319  0.831727  0.799395  0.835656  0.782091  0.741148  0.776657  0.761521  0.759344  0.442575  0.843299  0.771267  0.821840  0.908040  0.802546  0.753109  0.866251  0.794563  0.724831  0.911830  0.807127  0.759568  0.861316  0.797547  0.769258  0.803515  0.787257  0.502705  0.812215  0.775599  0.813201  0.844961  0.642685  0.918749  0.887007  0.683230  0.772600  0.761857  0.793188  0.780905  0.729533  0.640615  0.727620  0.774594  0.813626  0.852586  0.860018  0.756539  0.772109  0.773845  0.844914  0.799139  0.849920  0.785394  0.823497  0.519984  0.694846  0.874863  0.797676  0.810441  1.000000  0.859988  0.458132  0.820418  0.613583  0.877776  0.885838  0.827691  0.985110  0.554257  0.809359  0.828848  0.848202  0.905902  0.582482  0.539102  0.845941  0.845723  0.797699  0.862826  0.858667  0.938625  0.860718  0.640302  0.841085  0.805981  0.925076  0.824900  0.792093  0.796942  0.663749  0.782371  0.811706  0.811992 
4  0.582153  0.445457  0.363544  0.835319 0.0  0.326948  0.511541  0.394977  0.320115  0.311606  0.291553  0.545712  0.379499  0.887410  0.347800  0.323261  0.271504  0.438429  0.423414  0.657175  0.431180  0.449551  0.355848  0.363016  0.260808  0.617511  0.592056  0.306797  0.503244  0.297571  0.639368  0.847513  0.291453  0.301407  0.414588  0.300202  0.202978  0.479981  0.360963  0.627419  0.323011  0.255454  0.567170  0.375764  0.472726  0.902560  0.333765  0.336132  0.485269  0.435332  0.509512  0.385946  0.253899  0.526927  0.309786  0.374988  0.550740  0.515284  0.435034  0.859148  0.757896  0.323709  0.347258  0.596382  0.420594  0.437963  0.817043  0.350385  0.714886  0.287913  0.356191  0.389545  0.343558  0.842263  0.490012  0.370207  0.334653  0.404407  0.812410  0.880084  0.593877  0.229554  0.830525  0.538818  0.241481  0.285224  0.383492  0.381641  0.396820  0.396985  0.316071  0.575012  0.389397  0.374158  0.700750  0.495541  0.295267  0.840128 
5  0.558917  0.451627  0.261012  0.831727  0.326948 0.0  0.557369  0.249595  0.458870  0.330310  0.360505  0.413650  0.343585  0.819271  0.391114  0.282414  0.476746  0.469752  0.342089  0.510688  0.296806  0.317891  0.358435  0.406663  0.327668  0.547593  0.539229  0.247049  0.453693  0.263994  0.581160  0.856459  0.400166  0.232667  0.317858  0.289069  0.249922  0.568980  0.257603  0.531063  0.377774  0.282375  0.562128  0.366249  0.402107  0.907697  0.339150  0.324127  0.475504  0.553514  0.556042  0.358746  0.343963  0.586302  0.233339  0.327701  0.504147  0.556356  0.555851  0.805421  0.811151  0.353954  0.197042  0.630770  0.456897  0.388506  0.810639  0.343304  0.801453  0.266377  0.334208  0.403190  0.307450  0.840425  0.558749  0.282126  0.396631  0.341293  0.821851  0.805161  0.489021  0.420763  0.818191  0.539042  0.322904  0.292086  0.280890  0.384173  0.423899  0.391551  0.409640  0.512847  0.438810  0.365447  0.689644  0.539144  0.285472  0.871839 
6  0.451503  0.427052  0.566351  0.799395  0.511541  0.557369 0.0  0.574116  0.523658  0.556935  0.539436  0.542548  0.459818  0.838418  0.550108  0.475468  0.587052  0.377810  0.506615  0.500575  0.621739  0.566601  0.574273  0.501030  0.588972  0.671950  0.523701  0.485519  0.547234  0.494601  0.499429  0.846500  0.549285  0.569418  0.524629  0.607795  0.605717  0.299771  0.591219  0.433505  0.523397  0.503007  0.316517  0.571699  0.583305  0.830669  0.584684  0.528268  0.453250  0.507271  0.454181  0.541477  0.460789  0.324496  0.578325  0.492961  0.359685  0.381974  0.412479  0.693973  0.732729  0.508905  0.601213  0.466763  0.611268  0.440008  0.790074  0.440406  0.730368  0.444230  0.513259  0.516730  0.455448  0.781527  0.587330  0.481558  0.590843  0.443511  0.840298  0.850650  0.462181  0.601308  0.712790  0.543807  0.636522  0.453216  0.452167  0.554458  0.586864  0.518952  0.560839  0.570177  0.480676  0.524165  0.644867  0.383736  0.434566  0.898361 
7  0.537071  0.354187  0.325036  0.835656  0.394977  0.249595  0.574116 0.0  0.377385  0.276005  0.353294  0.554250  0.436570  0.866709  0.330608  0.326581  0.397420  0.509183  0.419885  0.516686  0.275489  0.303652  0.242087  0.245765  0.315975  0.633617  0.436122  0.424695  0.506648  0.362458  0.552764  0.872710  0.360673  0.301819  0.372511  0.293910  0.307271  0.526475  0.315062  0.512675  0.332706  0.392272  0.610914  0.239185  0.519865  0.855324  0.243926  0.468734  0.437948  0.399317  0.597966  0.239181  0.389185  0.458518  0.390967  0.287837  0.574478  0.491694  0.528934  0.864027  0.679659  0.352648  0.359015  0.499612  0.350964  0.423311  0.829729  0.374518  0.722227  0.316068  0.214266  0.441939  0.313857  0.758162  0.697508  0.508296  0.276631  0.300364  0.833149  0.883104  0.611778  0.355719  0.835938  0.490308  0.299955  0.383373  0.314618  0.282296  0.338241  0.374299  0.269413  0.473908  0.431383  0.308730  0.751066  0.519334  0.353729  0.747681 
8  0.537176  0.417672  0.455847  0.782091  0.320115  0.458870  0.523658  0.377385 0.0  0.524846  0.398250  0.447954  0.445781  0.853779  0.391243  0.446824  0.417746  0.548110  0.385535  0.515710  0.490183  0.394353  0.344311  0.485892  0.522745  0.621056  0.535795  0.464596  0.493659  0.540590  0.587381  0.778502  0.493392  0.394960  0.395384  0.463853  0.381787  0.592213  0.467288  0.470424  0.419249  0.464616  0.509794  0.448777  0.546459  0.851294  0.444743  0.419377  0.428821  0.325558  0.616063  0.423627  0.351117  0.569682  0.502169  0.376420  0.494274  0.517105  0.529603  0.873027  0.793402  0.521149  0.488176  0.607344  0.452096  0.429268  0.769688  0.585372  0.841141  0.475351  0.417780  0.426406  0.469680  0.857214  0.547349  0.433887  0.431121  0.470602  0.790333  0.832010  0.436766  0.473180  0.874141  0.519383  0.521152  0.404373  0.428817  0.417599  0.405818  0.461949  0.412438  0.479088  0.393737  0.421813  0.721775  0.570138  0.490148  0.808874 
9  0.573657  0.360260  0.320791  0.741148  0.311606  0.330310  0.556935  0.276005  0.524846 0.0  0.337644  0.491993  0.341288  0.859573  0.361525  0.310560  0.366364  0.552654  0.376881  0.607879  0.290807  0.379821  0.310919  0.341700  0.259442  0.599563  0.573627  0.333571  0.482948  0.304925  0.498484  0.786652  0.296324  0.252918  0.329929  0.300473  0.361261  0.448404  0.276983  0.553724  0.413926  0.407080  0.516697  0.402911  0.485368  0.791601  0.367329  0.358658  0.470784  0.540946  0.577862  0.287011  0.307856  0.515533  0.341239  0.367321  0.542147  0.611597  0.436718  0.894409  0.780154  0.359636  0.294884  0.491799  0.427736  0.372902  0.897138  0.374133  0.842822  0.290058  0.233558  0.414042  0.375565  0.812099  0.577142  0.535272  0.226972  0.315180  0.775610  0.800654  0.467110  0.338970  0.804374  0.471750  0.358482  0.374283  0.223238  0.397665  0.395396  0.309647  0.337587  0.414170  0.406324  0.501806  0.732249  0.563133  0.358913  0.775527 
10  0.527165  0.423552  0.222516  0.776657  0.291553  0.360505  0.539436  0.353294  0.398250  0.337644 0.0  0.429845  0.509900  0.780263  0.403296  0.354663  0.344309  0.457837  0.332727  0.560708  0.311437  0.450347  0.345529  0.315370  0.225434  0.629935  0.474553  0.219463  0.535804  0.367858  0.628433  0.748642  0.319439  0.248239  0.383566  0.263434  0.269630  0.524171  0.299577  0.465387  0.351605  0.342312  0.495832  0.330487  0.477274  0.771296  0.329258  0.534322  0.466907  0.440471  0.489393  0.301721  0.320309  0.468337  0.381495  0.254495  0.482533  0.494277  0.558471  0.873712  0.699608  0.422918  0.378627  0.582566  0.467061  0.302016  0.752805  0.277505  0.787132  0.299019  0.226747  0.503050  0.318043  0.802619  0.588787  0.428351  0.302792  0.379682  0.752625  0.784228  0.582739  0.361198  0.758823  0.456312  0.339104  0.271890  0.378746  0.438628  0.425740  0.425297  0.339035  0.450975  0.274839  0.202208  0.717823  0.475943  0.283597  0.826135 
11  0.573668  0.356391  0.386223  0.761521  0.545712  0.413650  0.542548  0.554250  0.447954  0.491993  0.429845 0.0  0.359133  0.821243  0.389597  0.407448  0.324676  0.539138  0.472615  0.588066  0.440949  0.448340  0.328435  0.536647  0.358167  0.655239  0.531103  0.540481  0.600386  0.502039  0.528816  0.829437  0.402841  0.394517  0.454688  0.519724  0.318332  0.521283  0.352956  0.557152  0.507296  0.401308  0.580285  0.373736  0.557776  0.846081  0.403435  0.472852  0.485717  0.435739  0.546982  0.478418  0.486054  0.546021  0.454002  0.402964  0.631850  0.589083  0.603757  0.816479  0.755262  0.420650  0.320193  0.488765  0.422842  0.418177  0.797017  0.495547  0.695424  0.447440  0.532225  0.457549  0.430814  0.752755  0.683462  0.444463  0.455051  0.365302  0.752433  0.724988  0.451348  0.427350  0.775526  0.518042  0.419589  0.476721  0.402515  0.383486  0.321792  0.410813  0.295822  0.457157  0.381304  0.364802  0.740658  0.512239  0.426044  0.798800 
12  0.521090  0.405965  0.398020  0.759344  0.379499  0.343585  0.459818  0.436570  0.445781  0.341288  0.509900  0.359133 0.0  0.775216  0.506545  0.466080  0.464919  0.499188  0.440083  0.499917  0.303498  0.383236  0.474089  0.357448  0.396087  0.647990  0.529171  0.467042  0.418186  0.352553  0.619078  0.848733  0.463431  0.427235  0.350441  0.437618  0.393882  0.528309  0.376684  0.457458  0.335642  0.406185  0.429478  0.338980  0.449626  0.843773  0.350075  0.190344  0.407707  0.404716  0.493210  0.360781  0.427151  0.461497  0.344435  0.385061  0.528933  0.457899  0.607034  0.771738  0.572014  0.444297  0.370690  0.432093  0.347142  0.517584  0.790119  0.387691  0.828982  0.429622  0.393021  0.422991  0.405422  0.749063  0.570140  0.443574  0.409545  0.495856  0.808026  0.883174  0.511060  0.472980  0.775377  0.457741  0.383988  0.355449  0.444190  0.402652  0.425714  0.459576  0.453942  0.512171  0.467012  0.422455  0.741078  0.374428  0.329328  0.754710 
13  0.781883  0.778013  0.819323  0.442575  0.887410  0.819271  0.838418  0.866709  0.853779  0.859573  0.780263  0.821243  0.775216 0.0  0.856418  0.857801  0.791192  0.788403  0.814781  0.908639  0.769126  0.845573  0.771052  0.831938  0.857700  0.788874  0.747819  0.935915  0.818604  0.829390  0.734527  0.312462  0.861021  0.819518  0.779974  0.847062  0.786287  0.768073  0.769166  0.776166  0.903854  0.811245  0.841259  0.920326  0.708871  0.459132  0.915692  0.835086  0.731517  0.867242  0.914233  0.817738  0.838922  0.830972  0.804570  0.855259  0.859302  0.805431  0.874157  0.392262  0.729680  0.742141  0.952260  0.769005  0.760099  0.810934  0.173774  0.857237  0.638892  0.810059  0.816402  0.900387  0.734350  0.564925  0.796006  0.830769  0.758294  0.772641  0.546876  0.367889  0.900159  0.747513  0.725570  0.709216  0.714822  0.710734  0.885823  0.797125  0.825663  0.814990  0.849160  0.802474  0.881145  0.829288  0.706971  0.857984  0.816768  0.835541 
14  0.554405  0.430819  0.321342  0.843299  0.347800  0.391114  0.550108  0.330608  0.391243  0.361525  0.403296  0.389597  0.506545  0.856418 0.0  0.292461  0.300555  0.541272  0.356378  0.470969  0.357746  0.292105  0.339124  0.374321  0.371093  0.706105  0.454531  0.384734  0.381799  0.432629  0.523543  0.782239  0.416329  0.298266  0.285617  0.312615  0.283268  0.560193  0.277275  0.454090  0.275702  0.325922  0.442154  0.315792  0.720591  0.839917  0.363247  0.457703  0.507399  0.427675  0.534854  0.395166  0.311324  0.425665  0.361713  0.345721  0.508878  0.539581  0.522678  0.887005  0.777077  0.425110  0.328938  0.538122  0.414723  0.486755  0.851713  0.330535  0.773729  0.314867  0.396163  0.359100  0.341002  0.820878  0.600884  0.406055  0.311246  0.362136  0.824158  0.762076  0.522923  0.383101  0.758875  0.399156  0.229660  0.351720  0.370925  0.362455  0.392275  0.310235  0.313266  0.477623  0.417926  0.312246  0.687337  0.487067  0.373737  0.893718 
15  0.568794  0.431134  0.284403  0.771267  0.323261  0.282414  0.475468  0.326581  0.446824  0.310560  0.354663  0.407448  0.466080  0.857801  0.292461 0.0  0.343927  0.639856  0.384010  0.585338  0.349631  0.418683  0.247470  0.331297  0.251778  0.535222  0.512063  0.348668  0.541621  0.293656  0.640015  0.777475  0.271363  0.318348  0.348799  0.284260  0.435988  0.512008  0.363756  0.607846  0.367756  0.346895  0.567205  0.328465  0.416801  0.813078  0.430012  0.492282  0.423839  0.466805  0.451432  0.286260  0.344682  0.614755  0.352444  0.358695  0.601882  0.584043  0.465983  0.809211  0.746162  0.324228  0.357472  0.530881  0.546008  0.503539  0.766948  0.261270  0.814876  0.307982  0.309583  0.338299  0.285771  0.774077  0.574781  0.305333  0.237754  0.303456  0.844013  0.861160  0.517537  0.322976  0.762328  0.594770  0.244927  0.315894  0.244746  0.469339  0.341823  0.248341  0.286138  0.512491  0.339705  0.327862  0.660774  0.469514  0.393232  0.823364 
16  0.522605  0.469152  0.285641  0.821840  0.271504  0.476746  0.587052  0.397420  0.417746  0.366364  0.344309  0.324676  0.464919  0.791192  0.300555  0.343927 0.0  0.575582  0.416374  0.517610  0.308072  0.349230  0.338035  0.288677  0.352793  0.552664  0.485829  0.331736  0.629479  0.383089  0.655719  0.897685  0.335292  0.336800  0.320637  0.323730  0.324461  0.542263  0.322970  0.561554  0.333501  0.340918  0.522317  0.260733  0.463869  0.845183  0.367005  0.373559  0.488782  0.421801  0.462056  0.303002  0.321145  0.500367  0.404054  0.277866  0.571538  0.575044  0.576064  0.801933  0.763948  0.194605  0.363436  0.498955  0.515266  0.426343  0.918548  0.335239  0.829714  0.302841  0.334242  0.455982  0.251421  0.779360  0.503818  0.482670  0.354664  0.236312  0.837199  0.742660  0.575264  0.371255  0.842887  0.543622  0.351953  0.330134  0.357731  0.344902  0.326793  0.329839  0.411775  0.469486  0.443122  0.343888  0.722183  0.458021  0.361729  0.788231 
17  0.444348  0.430346  0.592709  0.908040  0.438429  0.469752  0.377810  0.509183  0.548110  0.552654  0.457837  0.539138  0.499188  0.788403  0.541272  0.639856  0.575582 0.0  0.517095  0.538056  0.557528  0.519785  0.568265  0.535743  0.509906  0.709195  0.367224  0.537616  0.543573  0.591897  0.695580  0.820724  0.565014  0.596987  0.516581  0.546437  0.511839  0.437547  0.513257  0.406055  0.501981  0.574826  0.323485  0.370688  0.382898  0.887011  0.564083  0.459207  0.596711  0.456269  0.475534  0.549413  0.535238  0.268233  0.397000  0.455577  0.421889  0.389119  0.319802  0.698186  0.680628  0.621661  0.541658  0.364125  0.550322  0.429383  0.730740  0.578042  0.793332  0.479161  0.615663  0.507073  0.524014  0.743596  0.718447  0.573125  0.526369  0.619295  0.795751  0.913389  0.482863  0.513742  0.787541  0.596277  0.569901  0.475067  0.464469  0.437865  0.513319  0.567996  0.461593  0.481658  0.578410  0.485126  0.662207  0.375107  0.517178  0.811040 
18  0.497107  0.423506  0.343234  0.802546  0.423414  0.342089  0.506615  0.419885  0.385535  0.376881  0.332727  0.472615  0.440083  0.814781  0.356378  0.384010  0.416374  0.517095 0.0  0.568652  0.298309  0.546668  0.276755  0.359984  0.316348  0.628663  0.682031  0.318238  0.557627  0.384395  0.655027  0.821726  0.222202  0.314588  0.346875  0.258221  0.323341  0.524819  0.327183  0.452084  0.373629  0.239160  0.547475  0.290874  0.551794  0.807286  0.386891  0.372215  0.456702  0.411637  0.479860  0.321508  0.289956  0.564395  0.349091  0.132948  0.461045  0.583804  0.406251  0.753692  0.689535  0.301919  0.411446  0.551103  0.383987  0.445905  0.900240  0.317987  0.904632  0.364108  0.392736  0.440358  0.305671  0.795578  0.463948  0.515900  0.387824  0.406350  0.717275  0.860623  0.582568  0.345622  0.762924  0.481821  0.315690  0.320939  0.352776  0.385133  0.374219  0.356684  0.318485  0.482467  0.326844  0.323423  0.804966  0.500599  0.350641  0.914618 
19  0.325419  0.442033  0.564317  0.753109  0.657175  0.510688  0.500575  0.516686  0.515710  0.607879  0.560708  0.588066  0.499917  0.908639  0.470969  0.585338  0.517610  0.538056  0.568652 0.0  0.486388  0.526481  0.617980  0.615900  0.528052  0.606369  0.346215  0.476101  0.468059  0.545843  0.551092  0.819807  0.506511  0.502119  0.396741  0.503015  0.587017  0.446108  0.511393  0.350254  0.507723  0.530711  0.412730  0.516812  0.343212  0.785188  0.547878  0.481128  0.526318  0.552637  0.507303  0.622644  0.443974  0.444045  0.514301  0.522458  0.385711  0.425113  0.355734  0.790627  0.741365  0.470928  0.538938  0.350054  0.531493  0.546602  0.878964  0.530284  0.759339  0.591308  0.494641  0.411517  0.465610  0.731785  0.564794  0.571446  0.508844  0.536532  0.703304  0.881437  0.362595  0.479865  0.708272  0.457240  0.584437  0.499182  0.642187  0.427804  0.592335  0.557583  0.483062  0.506980  0.495616  0.441002  0.664416  0.479387  0.546259  0.843666 
20  0.570927  0.394610  0.326390  0.866251  0.431180  0.296806  0.621739  0.275489  0.490183  0.290807  0.311437  0.440949  0.303498  0.769126  0.357746  0.349631  0.308072  0.557528  0.298309  0.486388 0.0  0.427774  0.230531  0.340089  0.322585  0.657048  0.492884  0.327249  0.518859  0.283803  0.577157  0.795956  0.326945  0.254275  0.256528  0.302887  0.229003  0.497718  0.286451  0.521203  0.334717  0.303276  0.440755  0.315084  0.630504  0.897765  0.396630  0.457950  0.491761  0.516296  0.425813  0.282793  0.385454  0.611913  0.430444  0.389960  0.631138  0.570642  0.637177  0.845893  0.810229  0.378119  0.331644  0.461009  0.522342  0.452328  0.770778  0.339240  0.821257  0.388660  0.394296  0.299956  0.306767  0.792622  0.614784  0.427902  0.368018  0.297431  0.826224  0.843783  0.494542  0.327351  0.735243  0.536042  0.350093  0.332684  0.327956  0.352298  0.349112  0.373247  0.345684  0.491298  0.374527  0.315270  0.636032  0.586456  0.291767  0.831454 
21  0.492862  0.397185  0.345262  0.794563  0.449551  0.317891  0.566601  0.303652  0.394353  0.379821  0.450347  0.448340  0.383236  0.845573  0.292105  0.418683  0.349230  0.519785  0.546668  0.526481  0.427774 0.0  0.242010  0.293512  0.313791  0.674886  0.616157  0.360294  0.531917  0.318922  0.629653  0.805973  0.341378  0.315467  0.277211  0.458439  0.355861  0.511264  0.325227  0.557565  0.448182  0.378985  0.658453  0.325767  0.543458  0.778798  0.412240  0.403135  0.519680  0.502689  0.619984  0.307920  0.297337  0.516398  0.440751  0.300802  0.696251  0.558210  0.568459  0.835168  0.668969  0.324097  0.387942  0.442231  0.428230  0.482745  0.803553  0.268817  0.732533  0.255684  0.282848  0.446881  0.220524  0.702921  0.697478  0.457973  0.306976  0.379934  0.818960  0.812929  0.451382  0.354716  0.821092  0.503570  0.424379  0.379215  0.322105  0.417103  0.412633  0.422546  0.303304  0.531406  0.432174  0.327676  0.827148  0.528288  0.420808  0.887848 
22  0.460127  0.449064  0.382170  0.724831  0.355848  0.358435  0.574273  0.242087  0.344311  0.310919  0.345529  0.328435  0.474089  0.771052  0.339124  0.247470  0.338035  0.568265  0.276755  0.617980  0.230531  0.242010 0.0  0.300666  0.306771  0.603766  0.544970  0.259404  0.521442  0.261699  0.610046  0.949256  0.243957  0.365052  0.384554  0.346576  0.303739  0.536590  0.348247  0.495390  0.391982  0.286600  0.493795  0.255325  0.465086  0.798636  0.251531  0.432168  0.511903  0.406165  0.460088  0.322410  0.308754  0.575817  0.382701  0.389004  0.481531  0.591270  0.517385  0.793469  0.720760  0.460795  0.387876  0.568793  0.427010  0.265940  0.782029  0.374331  0.814014  0.238256  0.234713  0.372049  0.283601  0.683913  0.553500  0.376960  0.222392  0.429969  0.825255  0.893605  0.500608  0.342637  0.794812  0.465118  0.253556  0.229041  0.422645  0.499280  0.307777  0.287609  0.419067  0.431530  0.279104  0.370805  0.766076  0.466706  0.438522  0.900952 
23  0.546443  0.372246  0.438209  0.911830  0.363016  0.406663  0.501030  0.245765  0.485892  0.341700  0.315370  0.536647  0.357448  0.831938  0.374321  0.331297  0.288677  0.535743  0.359984  0.615900  0.340089  0.293512  0.300666 0.0  0.237611  0.650584  0.507887  0.464050  0.546573  0.373826  0.620996  0.861188  0.332067  0.338359  0.291394  0.370394  0.466851  0.546536  0.298651  0.440512  0.406938  0.331223  0.661480  0.329380  0.508544  0.730044  0.338300  0.426914  0.459681  0.357370  0.492263  0.344587  0.309127  0.492975  0.544651  0.376045  0.502019  0.466189  0.459988  0.886929  0.694681  0.321792  0.218243  0.546134  0.461596  0.415271  0.838648  0.349475  0.808830  0.266077  0.356654  0.515302  0.458477  0.883299  0.550396  0.355705  0.348292  0.343491  0.774787  0.806525  0.528391  0.354750  0.730145  0.543279  0.291116  0.340386  0.323503  0.381133  0.438292  0.407444  0.343688  0.444282  0.409144  0.370793  0.585623  0.480594  0.261797  0.767628 
24  0.498351  0.343095  0.315200  0.807127  0.260808  0.327668  0.588972  0.315975  0.522745  0.259442  0.225434  0.358167  0.396087  0.857700  0.371093  0.251778  0.352793  0.509906  0.316348  0.528052  0.322585  0.313791  0.306771  0.237611 0.0  0.563406  0.600809  0.378741  0.526379  0.374114  0.576339  0.859463  0.313871  0.382866  0.321654  0.268505  0.339372  0.538657  0.273559  0.446326  0.379651  0.279809  0.492474  0.414389  0.483433  0.763055  0.325346  0.342397  0.549806  0.487999  0.508889  0.388499  0.378235  0.554454  0.384885  0.398014  0.449006  0.579450  0.518337  0.829206  0.768493  0.367401  0.278671  0.481851  0.523436  0.390612  0.863971  0.381227  0.800393  0.331299  0.362011  0.361587  0.357794  0.832093  0.709874  0.473209  0.349511  0.355086  0.739674  0.837165  0.573482  0.300006  0.854573  0.475817  0.291635  0.315353  0.176487  0.431399  0.297957  0.327941  0.402839  0.507879  0.339808  0.371993  0.750159  0.506325  0.444898  0.812439 
25  0.640450  0.625008  0.649811  0.759568  0.617511  0.547593  0.671950  0.633617  0.621056  0.599563  0.629935  0.655239  0.647990  0.788874  0.706105  0.535222  0.552664  0.709195  0.628663  0.606369  0.657048  0.674886  0.603766  0.650584  0.563406 0.0  0.614434  0.646981  0.667554  0.630090  0.520691  0.787417  0.537720  0.690471  0.653208  0.682486  0.634217  0.585401  0.640345  0.830797  0.577471  0.654182  0.701719  0.720133  0.705985  0.856344  0.721230  0.628046  0.600211  0.738594  0.613486  0.637800  0.637860  0.577460  0.678061  0.691277  0.645290  0.550568  0.695840  0.882803  0.701923  0.640496  0.601102  0.560170  0.708560  0.546780  0.702395  0.602750  0.805020  0.564486  0.650660  0.609698  0.562283  0.822862  0.591260  0.603470  0.504282  0.588426  0.845275  0.810878  0.615902  0.662109  0.902518  0.693826  0.653514  0.706758  0.633237  0.613952  0.739929  0.618700  0.690732  0.521576  0.593773  0.658296  0.652010  0.699898  0.568927  0.802662 
26  0.381106  0.371214  0.507449  0.861316  0.592056  0.539229  0.523701  0.436122  0.535795  0.573627  0.474553  0.531103  0.529171  0.747819  0.454531  0.512063  0.485829  0.367224  0.682031  0.346215  0.492884  0.616157  0.544970  0.507887  0.600809  0.614434 0.0  0.567787  0.532736  0.556119  0.605256  0.856051  0.521045  0.607501  0.564732  0.591653  0.537736  0.468724  0.515793  0.307146  0.478833  0.464831  0.530012  0.599083  0.291260  0.846850  0.526253  0.525462  0.517450  0.486504  0.593113  0.437182  0.525967  0.399566  0.425086  0.492576  0.375175  0.441869  0.351981  0.792999  0.698559  0.561334  0.519674  0.361028  0.491352  0.603688  0.760077  0.500405  0.816340  0.520865  0.510267  0.492187  0.576351  0.790292  0.575581  0.541696  0.616686  0.528491  0.764013  0.815066  0.431298  0.563150  0.890038  0.451656  0.530126  0.512538  0.476423  0.542679  0.471289  0.497727  0.561078  0.471398  0.550059  0.546791  0.729636  0.449602  0.596103  0.924324 
27  0.491225  0.388732  0.394812  0.797547  0.306797  0.247049  0.485519  0.424695  0.464596  0.333571  0.219463  0.540481  0.467042  0.935915  0.384734  0.348668  0.331736  0.537616  0.318238  0.476101  0.327249  0.360294  0.259404  0.464050  0.378741  0.646981  0.567787 0.0  0.574693  0.276051  0.671972  0.755097  0.318386  0.308250  0.387090  0.346713  0.383514  0.533136  0.344824  0.610613  0.444850  0.354588  0.560694  0.347990  0.421211  0.873444  0.338774  0.476805  0.466940  0.453006  0.497027  0.325120  0.430535  0.486253  0.415360  0.298954  0.527201  0.532895  0.436320  0.918478  0.648974  0.342221  0.357257  0.532625  0.392166  0.471634  0.894133  0.297163  0.815926  0.335110  0.419415  0.302483  0.297037  0.779872  0.618978  0.349153  0.294964  0.369246  0.861249  0.895378  0.469767  0.344817  0.738263  0.559853  0.378906  0.430760  0.329985  0.456972  0.311634  0.386629  0.426178  0.533459  0.251659  0.391742  0.631424  0.436205  0.354730  0.795937 
28  0.572164  0.420453  0.561776  0.769258  0.503244  0.453693  0.547234  0.506648  0.493659  0.482948  0.535804  0.600386  0.418186  0.818604  0.381799  0.541621  0.629479  0.543573  0.557627  0.468059  0.518859  0.531917  0.521442  0.546573  0.526379  0.667554  0.532736  0.574693 0.0  0.487509  0.624301  0.818171  0.589797  0.549795  0.502875  0.607153  0.519962  0.538033  0.496001  0.684993  0.554065  0.523779  0.539135  0.596755  0.426017  0.807592  0.440655  0.521924  0.299989  0.575716  0.408282  0.424907  0.544697  0.484447  0.482462  0.504869  0.601155  0.540078  0.579401  0.876751  0.767423  0.530588  0.504914  0.497424  0.599996  0.545175  0.727846  0.556722  0.830484  0.553527  0.522508  0.465973  0.455824  0.742765  0.629901  0.585087  0.453517  0.560754  0.874726  0.834084  0.648495  0.569552  0.674722  0.405905  0.576069  0.582548  0.441975  0.484004  0.527128  0.561967  0.540476  0.348790  0.472357  0.565609  0.752142  0.557337  0.472467  0.892010 
29  0.519269  0.349595  0.481958  0.803515  0.297571  0.263994  0.494601  0.362458  0.540590  0.304925  0.367858  0.502039  0.352553  0.829390  0.432629  0.293656  0.383089  0.591897  0.384395  0.545843  0.283803  0.318922  0.261699  0.373826  0.374114  0.630090  0.556119  0.276051  0.487509 0.0  0.605137  0.905229  0.294901  0.215242  0.447542  0.213823  0.333901  0.574956  0.449076  0.533773  0.367543  0.370290  0.535501  0.339927  0.494095  0.776598  0.283252  0.438856  0.485807  0.455538  0.491797  0.276337  0.343862  0.521760  0.321063  0.311926  0.489380  0.483513  0.541595  0.809064  0.625942  0.339199  0.440638  0.498654  0.457097  0.447608  0.868985  0.265738  0.783863  0.365334  0.386047  0.371613  0.281131  0.758894  0.501636  0.461790  0.396317  0.313509  0.874617  0.875204  0.519241  0.371471  0.690605  0.547738  0.267709  0.388530  0.308688  0.324651  0.308963  0.304027  0.325191  0.479681  0.398813  0.299398  0.626534  0.547011  0.355905  0.776289 
30  0.690666  0.529386  0.608143  0.787257  0.639368  0.581160  0.499429  0.552764  0.587381  0.498484  0.628433  0.528816  0.619078  0.734527  0.523543  0.640015  0.655719  0.695580  0.655027  0.551092  0.577157  0.629653  0.610046  0.620996  0.576339  0.520691  0.605256  0.671972  0.624301  0.605137 0.0  0.730070  0.683633  0.572357  0.651902  0.719012  0.614231  0.565313  0.610920  0.514500  0.627351  0.607281  0.524757  0.578231  0.466068  0.727222  0.625370  0.659601  0.605187  0.601570  0.616867  0.562822  0.696066  0.624505  0.686999  0.662990  0.507700  0.617619  0.624590  0.770971  0.789841  0.568747  0.594427  0.632119  0.560036  0.594790  0.790988  0.653794  0.849263  0.588286  0.592766  0.476437  0.561074  0.671653  0.603241  0.640574  0.622184  0.680056  0.801263  0.778050  0.690825  0.601950  0.783123  0.599977  0.642392  0.591984  0.590696  0.645198  0.630532  0.658055  0.591931  0.612948  0.636251  0.558892  0.733871  0.637166  0.591128  0.869167 
31  0.803575  0.781758  0.872435  0.502705  0.847513  0.856459  0.846500  0.872710  0.778502  0.786652  0.748642  0.829437  0.848733  0.312462  0.782239  0.777475  0.897685  0.820724  0.821726  0.819807  0.795956  0.805973  0.949256  0.861188  0.859463  0.787417  0.856051  0.755097  0.818171  0.905229  0.730070 0.0  0.842933  0.793015  0.838440  0.711118  0.891906  0.838369  0.794936  0.939389  0.821787  0.838344  0.820710  0.897896  0.798265  0.712266  0.882945  0.809192  0.848211  0.839612  0.811862  0.858406  0.881405  0.846625  0.898179  0.774352  0.810060  0.843968  0.846158  0.320424  0.758789  0.864104  0.850040  0.874325  0.864519  0.825363  0.294867  0.865185  0.580647  0.810885  0.860807  0.819552  0.714848  0.550556  0.897882  0.828701  0.794848  0.876636  0.581601  0.302916  0.890536  0.892209  0.783100  0.835614  0.750698  0.753826  0.844080  0.868141  0.634826  0.815042  0.857212  0.804447  0.782330  0.801847  0.687691  0.804461  0.831922  0.755569 
32  0.494887  0.308278  0.326809  0.812215  0.291453  0.400166  0.549285  0.360673  0.493392  0.296324  0.319439  0.402841  0.463431  0.861021  0.416329  0.271363  0.335292  0.565014  0.222202  0.506511  0.326945  0.341378  0.243957  0.332067  0.313871  0.537720  0.521045  0.318386  0.589797  0.294901  0.683633  0.842933 0.0  0.252973  0.343775  0.288115  0.321043  0.542845  0.406359  0.562777  0.378143  0.364013  0.505169  0.346024  0.566842  0.746995  0.261888  0.339132  0.450622  0.503115  0.503733  0.359945  0.275615  0.529667  0.394457  0.422781  0.493147  0.620500  0.573643  0.875956  0.826684  0.196109  0.330181  0.453419  0.531834  0.499562  0.732232  0.364006  0.877319  0.226756  0.373855  0.381229  0.310523  0.725377  0.718283  0.416770  0.246497  0.313247  0.784083  0.826885  0.502988  0.362437  0.777149  0.467503  0.450961  0.281997  0.332017  0.512444  0.399744  0.416679  0.265842  0.444759  0.409525  0.265533  0.693093  0.499576  0.361587  0.793684 
33  0.544712  0.308452  0.427747  0.775599  0.301407  0.232667  0.569418  0.301819  0.394960  0.252918  0.248239  0.394517  0.427235  0.819518  0.298266  0.318348  0.336800  0.596987  0.314588  0.502119  0.254275  0.315467  0.365052  0.338359  0.382866  0.690471  0.607501  0.308250  0.549795  0.215242  0.572357  0.793015  0.252973 0.0  0.406108  0.338801  0.274937  0.591035  0.330185  0.418312  0.358243  0.349321  0.501179  0.424909  0.458709  0.975609  0.272537  0.411819  0.580190  0.472750  0.522278  0.166943  0.291435  0.461324  0.321821  0.307308  0.572990  0.543756  0.498132  0.842798  0.664822  0.383857  0.289479  0.507909  0.472802  0.451144  0.846850  0.345292  0.713843  0.361306  0.366203  0.435602  0.175204  0.830832  0.623299  0.583234  0.358848  0.370783  0.851225  0.794670  0.501776  0.291094  0.752466  0.650443  0.381593  0.363226  0.347340  0.493747  0.361612  0.507714  0.297900  0.477693  0.386364  0.318744  0.657302  0.490378  0.349467  0.878267 
34  0.510747  0.421285  0.336049  0.813201  0.414588  0.317858  0.524629  0.372511  0.395384  0.329929  0.383566  0.454688  0.350441  0.779974  0.285617  0.348799  0.320637  0.516581  0.346875  0.396741  0.256528  0.277211  0.384554  0.291394  0.321654  0.653208  0.564732  0.387090  0.502875  0.447542  0.651902  0.838440  0.343775  0.406108 0.0  0.294249  0.306323  0.585804  0.345886  0.655884  0.335995  0.327567  0.624303  0.255623  0.452337  0.792083  0.386456  0.398111  0.416161  0.435577  0.489213  0.339339  0.262319  0.493289  0.403319  0.421838  0.496466  0.507786  0.523515  0.856277  0.759121  0.315865  0.258340  0.566879  0.468438  0.429848  0.802439  0.188886  0.871959  0.384981  0.293414  0.450574  0.354678  0.880939  0.601399  0.442532  0.330438  0.323510  0.835591  0.865763  0.453513  0.257544  0.804117  0.494861  0.275984  0.347075  0.243582  0.434411  0.446214  0.363690  0.325118  0.407626  0.407506  0.396537  0.777847  0.490687  0.465887  0.917095 
35  0.527090  0.490690  0.393205  0.844961  0.300202  0.289069  0.607795  0.293910  0.463853  0.300473  0.263434  0.519724  0.437618  0.847062  0.312615  0.284260  0.323730  0.546437  0.258221  0.503015  0.302887  0.458439  0.346576  0.370394  0.268505  0.682486  0.591653  0.346713  0.607153  0.213823  0.719012  0.711118  0.288115  0.338801  0.294249 0.0  0.293574  0.570494  0.353372  0.523459  0.409439  0.389554  0.603801  0.305288  0.596172  0.841338  0.315204  0.391438  0.434369  0.491285  0.541702  0.308644  0.316316  0.423889  0.339105  0.387712  0.550123  0.474271  0.452306  0.742198  0.759626  0.278977  0.303357  0.660442  0.444825  0.322169  0.911212  0.398589  0.771490  0.322925  0.238712  0.349532  0.248127  0.748566  0.581078  0.448373  0.405120  0.344552  0.776796  0.826420  0.477865  0.457094  0.759179  0.603426  0.379408  0.321266  0.289227  0.427432  0.497622  0.364030  0.384877  0.541607  0.348135  0.309699  0.737056  0.524618  0.331388  0.777019 
36  0.479178  0.511049  0.431517  0.642685  0.202978  0.249922  0.605717  0.307271  0.381787  0.361261  0.269630  0.318332  0.393882  0.786287  0.283268  0.435988  0.324461  0.511839  0.323341  0.587017  0.229003  0.355861  0.303739  0.466851  0.339372  0.634217  0.537736  0.383514  0.519962  0.333901  0.614231  0.891906  0.321043  0.274937  0.306323  0.293574 0.0  0.449489  0.314405  0.509725  0.350679  0.420560  0.574478  0.307896  0.536920  0.766207  0.175029  0.498146  0.438228  0.570806  0.561995  0.466373  0.298364  0.566345  0.349241  0.210458  0.551414  0.472278  0.369870  0.896076  0.754691  0.321736  0.277950  0.581294  0.434202  0.434852  0.785609  0.340903  0.832765  0.461057  0.324951  0.402570  0.335119  0.783774  0.608147  0.437457  0.287167  0.357351  0.796802  0.751305  0.445536  0.351549  0.778831  0.671987  0.366978  0.413476  0.339575  0.386463  0.389829  0.410604  0.406140  0.591725  0.354670  0.269240  0.701556  0.517593  0.362542  0.739518 
37  0.390606  0.357089  0.605940  0.918749  0.479981  0.568980  0.299771  0.526475  0.592213  0.448404  0.524171  0.521283  0.528309  0.768073  0.560193  0.512008  0.542263  0.437547  0.524819  0.446108  0.497718  0.511264  0.536590  0.546536  0.538657  0.585401  0.468724  0.533136  0.538033  0.574956  0.565313  0.838369  0.542845  0.591035  0.585804  0.570494  0.449489 0.0  0.510463  0.433720  0.516090  0.660409  0.441818  0.429460  0.419711  0.838020  0.598296  0.441625  0.448941  0.518672  0.536544  0.576828  0.622212  0.276905  0.564918  0.514854  0.527418  0.384399  0.423764  0.678808  0.648539  0.550251  0.605020  0.495449  0.505064  0.490624  0.847162  0.525536  0.731359  0.599942  0.498240  0.499136  0.401688  0.781946  0.676894  0.524844  0.646464  0.424575  0.809991  0.926579  0.496625  0.485815  0.785674  0.530687  0.603637  0.538035  0.578496  0.641279  0.484630  0.487790  0.509621  0.460019  0.406024  0.565382  0.718274  0.375007  0.524584  0.733779 
38  0.528047  0.469123  0.356281  0.887007  0.360963  0.257603  0.591219  0.315062  0.467288  0.276983  0.299577  0.352956  0.376684  0.769166  0.277275  0.363756  0.322970  0.513257  0.327183  0.511393  0.286451  0.325227  0.348247  0.298651  0.273559  0.640345  0.515793  0.344824  0.496001  0.449076  0.610920  0.794936  0.406359  0.330185  0.345886  0.353372  0.314405  0.510463 0.0  0.528230  0.343422  0.270434  0.561341  0.312430  0.574727  0.784671  0.434785  0.340188  0.542325  0.391418  0.504932  0.295784  0.215280  0.569500  0.374901  0.294412  0.525738  0.604779  0.469095  0.730812  0.754778  0.260209  0.346722  0.549856  0.465959  0.430232  0.747082  0.315386  0.779311  0.444926  0.317738  0.390736  0.362150  0.796732  0.550980  0.484713  0.374045  0.374041  0.781165  0.871691  0.573779  0.393132  0.790220  0.585837  0.394971  0.415885  0.281439  0.342617  0.398876  0.368468  0.347390  0.488814  0.375793  0.322391  0.635727  0.520764  0.410069  0.806111 
39  0.312360  0.343480  0.620640  0.683230  0.627419  0.531063  0.433505  0.512675  0.470424  0.553724  0.465387  0.557152  0.457458  0.776166  0.454090  0.607846  0.561554  0.406055  0.452084  0.350254  0.521203  0.557565  0.495390  0.440512  0.446326  0.830797  0.307146  0.610613  0.684993  0.533773  0.514500  0.939389  0.562777  0.418312  0.655884  0.523459  0.509725  0.433720  0.528230 0.0  0.402866  0.464463  0.444968  0.597794  0.406117  0.856760  0.513441  0.624607  0.514888  0.440770  0.580710  0.581515  0.584670  0.488115  0.465896  0.619155  0.448736  0.507353  0.349893  0.829604  0.736670  0.648874  0.588755  0.377351  0.529536  0.517146  0.745727  0.438837  0.657294  0.537020  0.481227  0.545461  0.461686  0.806226  0.587877  0.474125  0.627110  0.471030  0.802741  0.839054  0.350884  0.433272  0.749472  0.545645  0.620999  0.477134  0.597690  0.598341  0.420864  0.579761  0.393412  0.445398  0.490024  0.583866  0.615025  0.495574  0.501254  0.697108 
