98
0 0.0  0.530964  0.657162  0.818213  0.561244  0.482902  0.602863  0.485755  0.720369  0.633827  0.582277  0.578143  0.472583  0.562649  0.482418  0.601204  0.433630  0.484204  0.470679  0.532095  0.431388  0.514764  0.636168  0.491994  0.635700  0.796641  0.607473  0.537569  0.560391  0.482332  0.624943  0.613946  0.430649  0.655787  0.492095  0.571870  0.525170  0.466859  0.540400  0.970434  0.593485  0.511273  0.538263  0.482181  0.522873  0.508799  0.604612  0.581078  0.475982  0.438076  0.453205  0.521286  0.504155  0.529420  0.544479  0.570279  0.530744  0.853516  0.567383  0.655636  0.463487  0.366712  0.627369  0.492649  0.689599  0.563408  0.641595  0.546537  0.521781  0.839599  0.580403  0.622843  0.525975  0.444570  0.510468  0.610079  0.556621  0.486645  0.899488  0.896312  0.511648  0.554370  0.498265  0.560691  0.446121  0.461827  0.659728  0.429323  0.570565  0.491618  0.528054  0.500274  0.464238  0.459987  0.433506  0.510616  0.545451  0.784642 
1  0.530964 0.0  0.452826  0.834065  0.526939  0.588197  0.416544  0.471111  0.729234  0.522793  0.531195  0.409812  0.491892  0.312477  0.494670  0.383567  0.405588  0.628249  0.419174  0.409095  0.462684  0.518678  0.651937  0.383988  0.296076  0.795438  0.642787  0.435244  0.374706  0.506566  0.382085  0.375816  0.492912  0.826359  0.306507  0.423242  0.538596  0.355002  0.520945  0.925988  0.385398  0.314988  0.549524  0.436179  0.593895  0.431572  0.295352  0.497885  0.373477  0.554113  0.396688  0.543603  0.343057  0.524676  0.324230  0.625921  0.364406  0.872142  0.415385  0.438050  0.498250  0.328402  0.690997  0.472949  0.587092  0.460095  0.349466  0.409427  0.482097  0.839374  0.390273  0.414493  0.350809  0.370794  0.417093  0.541652  0.529006  0.375442  0.870608  0.927958  0.358302  0.354228  0.518880  0.494736  0.381171  0.399477  0.564273  0.451864  0.390830  0.574133  0.510831  0.389806  0.560499  0.427732  0.363815  0.462962  0.339735  0.903665 
2  0.657162  0.452826 0.0  0.937810  0.580709  0.582680  0.441369  0.464083  0.754107  0.515427  0.503300  0.389657  0.388140  0.483694  0.505521  0.432004  0.445932  0.526426  0.432654  0.443792  0.378683  0.552069  0.725790  0.512232  0.464105  0.879720  0.573347  0.406920  0.519283  0.327862  0.493653  0.392877  0.300944  0.770786  0.468894  0.546202  0.566249  0.400760  0.583032  0.942214  0.449823  0.482190  0.576861  0.372804  0.467446  0.448917  0.348492  0.482966  0.392380  0.445723  0.660615  0.491425  0.373307  0.474174  0.351212  0.604641  0.461869  0.872638  0.438527  0.504858  0.446125  0.448979  0.677819  0.509040  0.632071  0.386672  0.473453  0.383529  0.480686  0.703739  0.441701  0.353011  0.452935  0.465568  0.431161  0.583821  0.521480  0.459647  0.817865  0.910294  0.429684  0.446076  0.519469  0.515884  0.363945  0.489317  0.664353  0.461530  0.431991  0.518068  0.394265  0.426428  0.517854  0.492607  0.359241  0.536612  0.392113  0.805806 
3  0.818213  0.834065  0.937810 0.0  0.866493  0.905460  0.823813  0.836540  0.689201  0.862224  0.818918  0.932267  0.814756  0.909705  0.866892  0.930179  0.867590  0.856566  0.923463  0.941154  0.872047  0.894038  0.919164  0.854146  0.787917  0.492233  0.777991  0.808143  0.786388  0.767823  0.899990  0.834775  0.734537  0.708069  0.884147  0.755281  0.875088  0.948820  0.876716  0.807400  0.895838  0.782982  0.868778  0.921844  0.795845  0.861852  0.784304  0.809532  0.844898  0.901357  0.832578  0.843133  0.845705  0.961890  0.868884  0.843807  0.897877  0.405882  0.765018  0.744872  0.909456  0.725716  0.811843  0.837494  0.755153  0.783638  0.823801  0.887718  0.782404  0.300280  0.984751  0.859046  0.780090  0.911368  0.778529  0.920509  0.792913  0.822677  0.273167  0.613472  0.834370  0.779055  0.879318  0.841373  0.796913  0.810676  0.852404  0.829715  0.853450  0.846009  0.898109  0.873737  0.790930  0.809631  0.821168  0.919067  0.854231  0.880656 
4  0.561244  0.526939  0.580709  0.866493 0.0  0.305037  0.627210  0.408399  0.769557  0.473399  0.326551  0.492681  0.533971  0.510575  0.487613  0.599228  0.611449  0.404859  0.628722  0.515432  0.612212  0.533876  0.729370  0.601838  0.445696  0.880140  0.655238  0.520751  0.590985  0.548402  0.460192  0.531518  0.451942  0.740886  0.552331  0.632654  0.406627  0.573652  0.427007  0.831485  0.510554  0.526544  0.500612  0.648858  0.316724  0.544056  0.494767  0.408654  0.686986  0.570125  0.455971  0.423688  0.560656  0.384602  0.533594  0.645876  0.540631  0.848871  0.619271  0.581555  0.611061  0.385209  0.727132  0.554849  0.539274  0.548701  0.549709  0.466242  0.380870  0.667885  0.500621  0.521789  0.586441  0.601850  0.631189  0.526034  0.563051  0.594095  0.850207  0.756853  0.484150  0.458064  0.374388  0.330349  0.417519  0.547803  0.681848  0.588902  0.514283  0.510032  0.502091  0.594757  0.522782  0.487729  0.550359  0.398918  0.469016  0.741418 
5  0.482902  0.588197  0.582680  0.905460  0.305037 0.0  0.462740  0.408961  0.705088  0.521124  0.487211  0.545744  0.487275  0.547153  0.496249  0.531504  0.553924  0.307452  0.637358  0.593311  0.572582  0.577113  0.701403  0.661222  0.624546  0.783230  0.542624  0.562654  0.594915  0.476893  0.581419  0.603293  0.365146  0.744310  0.663851  0.663772  0.430876  0.545008  0.471601  0.776375  0.625980  0.600224  0.457058  0.592326  0.404056  0.533891  0.459338  0.332024  0.576926  0.609169  0.411926  0.495362  0.591703  0.423472  0.576316  0.698385  0.584471  0.842712  0.668883  0.639880  0.504637  0.476506  0.744856  0.589743  0.729852  0.490536  0.544227  0.515858  0.514889  0.818199  0.645466  0.611959  0.596522  0.606696  0.530032  0.507034  0.544905  0.643693  0.804756  0.753141  0.497489  0.566799  0.308495  0.247676  0.527067  0.519237  0.644852  0.476211  0.528044  0.507701  0.503217  0.649044  0.565912  0.557607  0.442591  0.402438  0.507835  0.854401 
6  0.602863  0.416544  0.441369  0.823813  0.627210  0.462740 0.0  0.462699  0.768773  0.565070  0.549048  0.285194  0.319300  0.441846  0.544392  0.264647  0.309145  0.678357  0.337356  0.404520  0.409378  0.537082  0.590521  0.290176  0.238187  0.965957  0.635590  0.258756  0.521584  0.325488  0.329625  0.343794  0.465012  0.785096  0.392570  0.323024  0.548402  0.338876  0.549236  0.825248  0.336355  0.392916  0.547948  0.301047  0.372868  0.284763  0.282631  0.706386  0.346870  0.446105  0.612098  0.505091  0.341606  0.592469  0.309699  0.678107  0.422183  0.821722  0.337522  0.399540  0.478808  0.485648  0.688841  0.534116  0.638727  0.459663  0.493004  0.365066  0.590450  0.903458  0.382367  0.376963  0.363132  0.344170  0.313621  0.694118  0.302713  0.320838  0.948978  0.800463  0.334659  0.306720  0.639612  0.572635  0.440499  0.317772  0.750030  0.372610  0.262856  0.472805  0.226519  0.315038  0.530482  0.259628  0.364305  0.545388  0.329447  0.850578 
7  0.485755  0.471111  0.464083  0.836540  0.408399  0.408961  0.462699 0.0  0.746202  0.475943  0.382713  0.561311  0.450687  0.562667  0.440941  0.452874  0.529831  0.357320  0.627907  0.521877  0.588514  0.477569  0.622235  0.565684  0.543718  0.784354  0.723570  0.468589  0.621571  0.527202  0.548743  0.560552  0.319124  0.802206  0.469528  0.516592  0.462934  0.603655  0.489279  0.835320  0.537474  0.422925  0.501713  0.547277  0.427520  0.477265  0.488333  0.383461  0.514127  0.564292  0.430926  0.548975  0.518420  0.340134  0.584690  0.504642  0.569825  0.823064  0.577041  0.643254  0.610511  0.387439  0.641686  0.479000  0.653904  0.565054  0.538466  0.531833  0.552487  0.922630  0.569524  0.493885  0.520056  0.534309  0.516996  0.455357  0.486369  0.567992  0.916361  0.944146  0.493925  0.563410  0.345262  0.321417  0.537043  0.492991  0.681625  0.567487  0.507326  0.425913  0.491373  0.594896  0.561647  0.512780  0.565256  0.450616  0.540100  0.839222 
8  0.720369  0.729234  0.754107  0.689201  0.769557  0.705088  0.768773  0.746202 0.0  0.641622  0.772175  0.745064  0.755166  0.742811  0.659632  0.758791  0.669708  0.631119  0.714909  0.816189  0.788010  0.660879  0.870739  0.830986  0.839370  0.774071  0.760261  0.746423  0.712436  0.635591  0.704098  0.771755  0.807756  0.285154  0.730439  0.651601  0.650976  0.714433  0.785254  0.431820  0.696783  0.676054  0.635657  0.714230  0.742639  0.641025  0.848647  0.774584  0.785581  0.780612  0.782507  0.842456  0.697761  0.728397  0.714464  0.744297  0.702300  0.747713  0.660120  0.866780  0.691870  0.760891  0.705430  0.777188  0.698031  0.815459  0.702420  0.832198  0.744278  0.776032  0.722252  0.692605  0.813954  0.734921  0.782983  0.794155  0.781770  0.717270  0.692167  0.801769  0.733374  0.811638  0.778044  0.702720  0.738321  0.794746  0.649766  0.623670  0.589440  0.810412  0.793690  0.794741  0.795644  0.583656  0.722614  0.767650  0.647800  0.540782 
9  0.633827  0.522793  0.515427  0.862224  0.473399  0.521124  0.565070  0.475943  0.641622 0.0  0.378613  0.677253  0.564577  0.485146  0.293593  0.616340  0.630563  0.554496  0.667957  0.647698  0.455371  0.325638  0.625353  0.608215  0.567720  0.844758  0.570599  0.541444  0.598975  0.423348  0.622032  0.554165  0.439585  0.812710  0.596102  0.647573  0.437065  0.561574  0.404553  0.883662  0.621789  0.425962  0.205109  0.632845  0.442275  0.469225  0.547622  0.475897  0.688564  0.546636  0.330745  0.301133  0.593214  0.451900  0.597233  0.680697  0.615034  0.743273  0.574122  0.552758  0.540653  0.345662  0.605469  0.517385  0.695100  0.566747  0.506322  0.517451  0.266453  0.798349  0.516171  0.509589  0.505770  0.494580  0.544962  0.328905  0.469405  0.493762  0.812116  0.812722  0.540700  0.608372  0.522620  0.578337  0.573620  0.571978  0.656836  0.614242  0.595978  0.343552  0.512605  0.554750  0.571501  0.657645  0.532279  0.558502  0.513147  0.846080 
10  0.582277  0.531195  0.503300  0.818918  0.326551  0.487211  0.549048  0.382713  0.772175  0.378613 0.0  0.610317  0.553551  0.444936  0.404277  0.598056  0.530680  0.552906  0.557362  0.575918  0.516372  0.436236  0.548889  0.622233  0.585731  0.794966  0.612905  0.459835  0.572968  0.415841  0.636116  0.685444  0.356076  0.702563  0.445014  0.559267  0.410813  0.626130  0.237345  0.847101  0.467594  0.469893  0.455958  0.653874  0.478447  0.568776  0.489503  0.333183  0.614527  0.488078  0.391860  0.366635  0.415149  0.495415  0.459751  0.567556  0.549955  0.753351  0.528753  0.519749  0.539567  0.332605  0.709132  0.632997  0.572982  0.574791  0.519723  0.529748  0.428642  0.845906  0.558619  0.525012  0.681743  0.559010  0.596204  0.359422  0.526194  0.525207  0.762962  0.760754  0.563361  0.621755  0.316839  0.303763  0.548901  0.561383  0.609122  0.477729  0.575580  0.407305  0.661790  0.500106  0.489174  0.550345  0.569476  0.348933  0.578238  0.899039 
11  0.578143  0.409812  0.389657  0.932267  0.492681  0.545744  0.285194  0.561311  0.745064  0.677253  0.610317 0.0  0.374580  0.439294  0.557333  0.369165  0.311648  0.641636  0.248504  0.337239  0.360789  0.542232  0.556435  0.356298  0.421760  0.825607  0.584489  0.406837  0.455169  0.427686  0.487191  0.342581  0.531780  0.859913  0.370969  0.397610  0.587842  0.332452  0.543562  0.852684  0.289134  0.394333  0.564647  0.322979  0.598109  0.407407  0.349289  0.498489  0.357516  0.340349  0.607122  0.567354  0.323979  0.558301  0.464222  0.595338  0.372973  0.918071  0.418055  0.440957  0.521218  0.483809  0.587327  0.492497  0.568022  0.342176  0.398545  0.489009  0.630719  0.919346  0.350994  0.350316  0.328824  0.329598  0.377011  0.539285  0.373007  0.349468  0.858672  0.909691  0.459514  0.336237  0.560038  0.598598  0.528241  0.387943  0.660781  0.371853  0.382586  0.593426  0.261310  0.337484  0.568389  0.341668  0.288780  0.576253  0.240812  0.797714 
12  0.472583  0.491892  0.388140  0.814756  0.533971  0.487275  0.319300  0.450687  0.755166  0.564577  0.553551  0.374580 0.0  0.349178  0.575128  0.300991  0.404488  0.571717  0.349022  0.339678  0.350851  0.570422  0.734830  0.292188  0.421954  0.826063  0.707131  0.356004  0.396773  0.448665  0.453469  0.342536  0.436972  0.816257  0.300852  0.291503  0.569224  0.346809  0.550978  0.754732  0.339645  0.418902  0.555281  0.264515  0.535124  0.396700  0.297252  0.509138  0.386123  0.386004  0.455100  0.435821  0.381323  0.581250  0.379898  0.655862  0.260595  0.836330  0.357052  0.382786  0.522453  0.331764  0.648904  0.405216  0.598275  0.343042  0.514002  0.501795  0.528124  0.936499  0.268220  0.286720  0.277160  0.488539  0.370774  0.467766  0.330599  0.346549  0.865807  0.723469  0.276972  0.484692  0.527509  0.485933  0.428957  0.416062  0.668239  0.347935  0.307370  0.568273  0.304828  0.288642  0.568827  0.323564  0.337465  0.508198  0.276245  0.736755 
13  0.562649  0.312477  0.483694  0.909705  0.510575  0.547153  0.441846  0.562667  0.742811  0.485146  0.444936  0.439294  0.349178 0.0  0.593551  0.383919  0.407099  0.660162  0.370110  0.358039  0.377108  0.462008  0.661377  0.381587  0.337877  0.817447  0.602054  0.396331  0.400794  0.387649  0.485714  0.444765  0.426252  0.703249  0.389081  0.421838  0.593311  0.334673  0.536564  0.885799  0.421807  0.424720  0.523533  0.352632  0.588230  0.314890  0.354543  0.474706  0.424695  0.256965  0.598960  0.561735  0.350334  0.479213  0.325766  0.599764  0.403107  0.784532  0.386006  0.509274  0.431413  0.403569  0.639732  0.598123  0.755533  0.380767  0.411994  0.559940  0.631800  0.874992  0.394266  0.368227  0.338171  0.418875  0.427928  0.544665  0.390427  0.285792  0.838941  0.817332  0.379298  0.437201  0.419141  0.644895  0.426171  0.466070  0.642721  0.373786  0.313904  0.411570  0.288085  0.298095  0.585791  0.347162  0.312200  0.574069  0.357150  0.748319 
14  0.482418  0.494670  0.505521  0.866892  0.487613  0.496249  0.544392  0.440941  0.659632  0.293593  0.404277  0.557333  0.575128  0.593551 0.0  0.622627  0.485907  0.582458  0.540974  0.544256  0.569312  0.317960  0.690505  0.589120  0.645354  0.918545  0.571820  0.513809  0.508723  0.532002  0.475248  0.579956  0.435903  0.737403  0.604067  0.539190  0.370446  0.598811  0.413132  0.803576  0.544640  0.364052  0.299257  0.634119  0.514913  0.670319  0.628106  0.496407  0.625711  0.553887  0.262032  0.378852  0.433214  0.387750  0.572634  0.618438  0.665277  0.916980  0.643315  0.542657  0.503989  0.410271  0.645079  0.489009  0.687664  0.655815  0.568844  0.525791  0.247674  0.951449  0.468213  0.565890  0.522165  0.519292  0.575652  0.386550  0.561057  0.620586  0.902220  0.804854  0.479021  0.581360  0.374274  0.444807  0.594856  0.625823  0.667671  0.543256  0.625795  0.395204  0.527110  0.557056  0.591267  0.623070  0.547127  0.379232  0.551698  0.818926 
15  0.601204  0.383567  0.432004  0.930179  0.599228  0.531504  0.264647  0.452874  0.758791  0.616340  0.598056  0.369165  0.300991  0.383919  0.622627 0.0  0.315523  0.469291  0.447338  0.315654  0.317853  0.600917  0.674543  0.366601  0.454773  0.791686  0.604416  0.304416  0.560305  0.417356  0.422878  0.476722  0.465769  0.765392  0.465421  0.345496  0.580289  0.346951  0.613765  0.932043  0.380471  0.522037  0.560177  0.304488  0.553342  0.362637  0.319287  0.525119  0.430867  0.389030  0.568544  0.532800  0.422338  0.545947  0.342282  0.616978  0.448837  0.937864  0.347201  0.448469  0.492994  0.522712  0.567629  0.519308  0.719086  0.235280  0.434114  0.527595  0.501134  0.911145  0.354968  0.395246  0.411299  0.361575  0.228978  0.514693  0.356261  0.324679  0.804531  0.742582  0.290870  0.375144  0.569074  0.603611  0.445620  0.423834  0.607042  0.331937  0.455165  0.525827  0.348056  0.285165  0.593416  0.328949  0.314266  0.493669  0.254175  0.758018 
16  0.433630  0.405588  0.445932  0.867590  0.611449  0.553924  0.309145  0.529831  0.669708  0.630563  0.530680  0.311648  0.404488  0.407099  0.485907  0.315523 0.0  0.518840  0.393263  0.438529  0.340826  0.604770  0.620490  0.272170  0.319388  0.937287  0.626738  0.360751  0.391254  0.451251  0.402229  0.387695  0.520528  0.697319  0.306857  0.273085  0.569664  0.358522  0.471900  0.835463  0.400259  0.468104  0.581561  0.430433  0.601085  0.481761  0.428909  0.579938  0.334840  0.353428  0.589223  0.532802  0.438870  0.564082  0.293593  0.648380  0.344938  0.914448  0.286398  0.451921  0.569310  0.387776  0.670632  0.531272  0.816074  0.453152  0.434650  0.509639  0.545358  0.808943  0.417269  0.314821  0.288385  0.425751  0.240668  0.499559  0.348683  0.408942  0.903377  0.819914  0.365189  0.224583  0.483849  0.480792  0.376156  0.391266  0.729790  0.365070  0.303733  0.517329  0.405052  0.290776  0.572752  0.331250  0.361987  0.568085  0.207829  0.863416 
17  0.484204  0.628249  0.526426  0.856566  0.404859  0.307452  0.678357  0.357320  0.631119  0.554496  0.552906  0.641636  0.571717  0.660162  0.582458  0.469291  0.518840 0.0  0.615260  0.680935  0.525396  0.551252  0.727671  0.563623  0.639155  0.813023  0.547528  0.519536  0.566817  0.551583  0.498287  0.542207  0.400780  0.720033  0.577671  0.526037  0.522613  0.548185  0.561470  0.851208  0.485854  0.365612  0.414249  0.461530  0.471513  0.627308  0.562099  0.368891  0.541902  0.575017  0.511665  0.371921  0.612012  0.406726  0.497067  0.626357  0.555807  0.752103  0.567749  0.625576  0.556296  0.349175  0.595963  0.461317  0.598622  0.507095  0.500874  0.574971  0.562895  0.872386  0.589343  0.448360  0.605758  0.572823  0.592734  0.493014  0.567588  0.566210  0.902288  0.654168  0.548505  0.503917  0.396423  0.322628  0.529135  0.564122  0.812304  0.433332  0.595615  0.443230  0.526956  0.611790  0.542741  0.513138  0.454703  0.326806  0.590220  0.946972 
18  0.470679  0.419174  0.432654  0.923463  0.628722  0.637358  0.337356  0.627907  0.714909  0.667957  0.557362  0.248504  0.349022  0.370110  0.540974  0.447338  0.393263  0.615260 0.0  0.189493  0.273252  0.636396  0.640856  0.311260  0.288887  0.824749  0.667534  0.301166  0.417557  0.407273  0.311815  0.350861  0.498291  0.803269  0.379591  0.262805  0.548373  0.371897  0.528176  0.810441  0.408402  0.448740  0.528337  0.363004  0.523132  0.369702  0.362316  0.522630  0.233353  0.403604  0.626365  0.483419  0.292300  0.502238  0.370841  0.662442  0.342784  0.777159  0.339911  0.495187  0.476790  0.451838  0.630374  0.508433  0.675329  0.291993  0.426261  0.432077  0.615056  0.920665  0.375255  0.323544  0.318349  0.385981  0.354902  0.550147  0.328434  0.303064  0.948010  0.850454  0.250124  0.436082  0.605034  0.543271  0.387045  0.354231  0.738649  0.431735  0.254540  0.601162  0.317918  0.317700  0.551126  0.416714  0.221789  0.572024  0.378397  0.756851 
19  0.532095  0.409095  0.443792  0.941154  0.515432  0.593311  0.404520  0.521877  0.816189  0.647698  0.575918  0.337239  0.339678  0.358039  0.544256  0.315654  0.438529  0.680935  0.189493 0.0  0.310531  0.551269  0.608691  0.294074  0.391806  0.838674  0.636816  0.269270  0.526461  0.499683  0.445933  0.351837  0.384493  0.801003  0.372194  0.300430  0.646365  0.301935  0.497403  0.795690  0.402480  0.444138  0.547363  0.346131  0.534345  0.541257  0.437412  0.523028  0.390394  0.364202  0.568875  0.534954  0.392358  0.521971  0.362647  0.636516  0.344360  0.860612  0.381131  0.478651  0.531840  0.433332  0.598892  0.563115  0.616500  0.318602  0.388795  0.490619  0.578367  0.831092  0.267256  0.336621  0.312978  0.337601  0.313509  0.579245  0.314029  0.336206  0.896519  0.827953  0.386672  0.397619  0.419066  0.544045  0.499354  0.366154  0.592850  0.386829  0.345362  0.570838  0.369765  0.368868  0.537811  0.310644  0.300444  0.636048  0.312649  0.769123 
20  0.431388  0.462684  0.378683  0.872047  0.612212  0.572582  0.409378  0.588514  0.788010  0.455371  0.516372  0.360789  0.350851  0.377108  0.569312  0.317853  0.340826  0.525396  0.273252  0.310531 0.0  0.698064  0.658250  0.335197  0.356636  0.912878  0.630436  0.314076  0.446514  0.319928  0.480648  0.420992  0.434736  0.706412  0.274930  0.368253  0.553705  0.386864  0.458743  0.761571  0.374732  0.488304  0.630134  0.407057  0.482374  0.295154  0.273597  0.546696  0.316338  0.425385  0.529740  0.654375  0.301763  0.600857  0.387164  0.688213  0.236906  0.901732  0.473406  0.465455  0.661940  0.546540  0.682245  0.469587  0.822868  0.337739  0.489389  0.507183  0.502896  0.989467  0.383884  0.251565  0.394047  0.266100  0.345112  0.570094  0.319509  0.428619  0.899045  0.752027  0.431862  0.253981  0.609418  0.714110  0.482633  0.388917  0.672691  0.392193  0.360749  0.488615  0.332646  0.224646  0.536084  0.307090  0.295923  0.513681  0.381392  0.811280 
21  0.514764  0.518678  0.552069  0.894038  0.533876  0.577113  0.537082  0.477569  0.660879  0.325638  0.436236  0.542232  0.570422  0.462008  0.317960  0.600917  0.604770  0.551252  0.636396  0.551269  0.698064 0.0  0.637965  0.560268  0.591752  0.836139  0.654076  0.531906  0.584211  0.559321  0.659557  0.645108  0.457509  0.775234  0.547527  0.533395  0.382258  0.588726  0.576144  0.828701  0.539368  0.496688  0.292723  0.582050  0.457204  0.607922  0.472721  0.536008  0.598774  0.501071  0.434106  0.232192  0.595056  0.414674  0.562908  0.634261  0.579304  0.916295  0.664614  0.557860  0.522186  0.384192  0.785185  0.453569  0.691648  0.492977  0.493714  0.473334  0.260899  0.891387  0.597735  0.645526  0.631230  0.608563  0.500355  0.336927  0.549351  0.523801  0.978034  0.940057  0.505982  0.502525  0.480374  0.532885  0.625200  0.593003  0.644901  0.521321  0.653717  0.424363  0.548289  0.620463  0.508994  0.565378  0.520606  0.438332  0.606575  0.736162 
22  0.636168  0.651937  0.725790  0.919164  0.729370  0.701403  0.590521  0.622235  0.870739  0.625353  0.548889  0.556435  0.734830  0.661377  0.690505  0.674543  0.620490  0.727671  0.640856  0.608691  0.658250  0.637965 0.0  0.684188  0.698515  0.879477  0.430554  0.610696  0.542911  0.570354  0.721622  0.700549  0.429346  0.735204  0.644618  0.589339  0.619706  0.573133  0.600154  0.806869  0.805690  0.621059  0.727382  0.582662  0.731815  0.698652  0.692134  0.674476  0.576423  0.629406  0.679537  0.672126  0.652906  0.644573  0.682943  0.728396  0.702468  0.856056  0.625356  0.736117  0.558933  0.558104  0.531742  0.626975  0.466136  0.652720  0.633987  0.630247  0.577170  0.888544  0.571668  0.609843  0.698787  0.621049  0.692284  0.580395  0.640266  0.728942  0.802466  0.779147  0.617649  0.662536  0.701442  0.573644  0.644152  0.734620  0.322763  0.609914  0.616152  0.662413  0.731715  0.680816  0.636690  0.714805  0.694708  0.638858  0.755987  0.756344 
23  0.491994  0.383988  0.512232  0.854146  0.601838  0.661222  0.290176  0.565684  0.830986  0.608215  0.622233  0.356298  0.292188  0.381587  0.589120  0.366601  0.272170  0.563623  0.311260  0.294074  0.335197  0.560268  0.684188 0.0  0.357591  0.766210  0.584021  0.296993  0.496987  0.446946  0.530547  0.301504  0.447374  0.843232  0.311859  0.349217  0.576482  0.294716  0.571375  0.819197  0.348157  0.533131  0.567774  0.382493  0.491499  0.379556  0.319288  0.495521  0.298810  0.338298  0.543104  0.558811  0.381718  0.475144  0.282332  0.540037  0.386261  0.788166  0.326401  0.417277  0.570633  0.433670  0.604585  0.589677  0.844623  0.295436  0.486072  0.391465  0.558770  0.958944  0.290865  0.407533  0.494257  0.389511  0.317685  0.553220  0.321879  0.360195  0.871786  0.888828  0.399297  0.354318  0.538153  0.564941  0.455882  0.331451  0.602170  0.356918  0.400833  0.540244  0.284247  0.354135  0.487083  0.404424  0.452644  0.621160  0.397326  0.783032 
24  0.635700  0.296076  0.464105  0.787917  0.445696  0.624546  0.238187  0.543718  0.839370  0.567720  0.585731  0.421760  0.421954  0.337877  0.645354  0.454773  0.319388  0.639155  0.288887  0.391806  0.356636  0.591752  0.698515  0.357591 0.0  0.839644  0.635113  0.322018  0.512518  0.331579  0.360497  0.349340  0.456079  0.797007  0.267009  0.406055  0.556559  0.290905  0.571330  0.817976  0.333363  0.355436  0.518410  0.410348  0.507974  0.301444  0.418339  0.630615  0.331879  0.322346  0.655913  0.547651  0.387885  0.533279  0.436333  0.554900  0.385823  0.891806  0.398671  0.490166  0.516157  0.470072  0.579454  0.546355  0.613755  0.349592  0.446506  0.308168  0.505247  0.907747  0.390401  0.344495  0.400827  0.316685  0.336419  0.638144  0.389603  0.291023  0.734336  0.823314  0.314147  0.427355  0.450166  0.531235  0.412724  0.437568  0.745777  0.356487  0.314872  0.575110  0.368065  0.365026  0.514185  0.368879  0.326336  0.517790  0.380278  0.771184 
25  0.796641  0.795438  0.879720  0.492233  0.880140  0.783230  0.965957  0.784354  0.774071  0.844758  0.794966  0.825607  0.826063  0.817447  0.918545  0.791686  0.937287  0.813023  0.824749  0.838674  0.912878  0.836139  0.879477  0.766210  0.839644 0.0  0.801202  0.887171  0.899645  0.820415  0.883175  0.801190  0.838895  0.637726  0.821911  0.800887  0.842682  0.916159  0.884486  0.708759  0.806538  0.898858  0.790483  0.856241  0.930288  0.886479  0.833951  0.930656  0.889163  0.874463  0.887678  0.864993  0.948204  0.839923  0.799741  0.592043  0.792291  0.402550  0.788937  0.870001  0.961761  0.822918  0.871478  0.843446  0.809104  0.881071  0.923879  0.864475  0.877523  0.577383  0.872228  0.702255  0.878648  0.895300  0.944750  0.913251  0.885454  0.816465  0.545008  0.655044  0.794536  0.859381  0.922947  0.821763  0.743673  0.857378  0.853897  0.791765  0.915787  0.929138  0.831932  0.821398  0.894232  0.862877  0.879012  0.794751  1.000000  0.784704 
26  0.607473  0.642787  0.573347  0.777991  0.655238  0.542624  0.635590  0.723570  0.760261  0.570599  0.612905  0.584489  0.707131  0.602054  0.571820  0.604416  0.626738  0.547528  0.667534  0.636816  0.630436  0.654076  0.430554  0.584021  0.635113  0.801202 0.0  0.676183  0.656121  0.501301  0.678115  0.702865  0.519649  0.748329  0.577505  0.655735  0.758249  0.719441  0.623089  0.724342  0.695799  0.653727  0.590042  0.669104  0.661642  0.610144  0.627504  0.533129  0.572224  0.562997  0.624281  0.566880  0.533600  0.614700  0.596999  0.546347  0.683110  0.817768  0.575494  0.621397  0.683414  0.486446  0.289342  0.661472  0.419680  0.570273  0.676009  0.589254  0.714014  0.766195  0.550274  0.622580  0.561431  0.634294  0.630997  0.548420  0.610620  0.611485  0.792528  0.820161  0.648943  0.579290  0.613918  0.610132  0.577251  0.621339  0.419849  0.609075  0.496638  0.592607  0.555103  0.656748  0.665847  0.621902  0.709398  0.652896  0.528329  0.783014 
27  0.537569  0.435244  0.406920  0.808143  0.520751  0.562654  0.258756  0.468589  0.746423  0.541444  0.459835  0.406837  0.356004  0.396331  0.513809  0.304416  0.360751  0.519536  0.301166  0.269270  0.314076  0.531906  0.610696  0.296993  0.322018  0.887171  0.676183 0.0  0.517487  0.476827  0.470725  0.420677  0.506506  0.828930  0.443035  0.271191  0.522038  0.384148  0.523659  0.857704  0.404580  0.454923  0.527607  0.241254  0.406139  0.383480  0.414775  0.552592  0.368341  0.313927  0.592237  0.540277  0.279759  0.513847  0.337163  0.611719  0.417064  0.799336  0.393002  0.496227  0.545640  0.361122  0.595241  0.560302  0.628007  0.377565  0.428392  0.448998  0.584990  0.957287  0.371900  0.385057  0.362462  0.314485  0.275166  0.438693  0.352125  0.396632  0.906439  0.824373  0.332513  0.229376  0.513193  0.500611  0.412398  0.287375  0.663916  0.381116  0.302259  0.453439  0.355717  0.373402  0.564190  0.377916  0.313010  0.540624  0.347808  0.824351 
28  0.560391  0.374706  0.519283  0.786388  0.590985  0.594915  0.521584  0.621571  0.712436  0.598975  0.572968  0.455169  0.396773  0.400794  0.508723  0.560305  0.391254  0.566817  0.417557  0.526461  0.446514  0.584211  0.542911  0.496987  0.512518  0.899645  0.656121  0.517487 0.0  0.503560  0.425009  0.489729  0.437249  0.680521  0.362370  0.380152  0.518407  0.556586  0.579046  0.902944  0.549467  0.471124  0.571845  0.434506  0.590617  0.466344  0.451356  0.595703  0.438151  0.463356  0.607585  0.471347  0.437844  0.612302  0.487196  0.594962  0.421852  0.809186  0.345014  0.405793  0.497409  0.377183  0.637475  0.532966  0.593023  0.368808  0.567885  0.450211  0.391240  0.843570  0.552693  0.396496  0.485254  0.361751  0.354829  0.481007  0.445105  0.445561  0.889747  0.928457  0.457985  0.430691  0.600766  0.550569  0.501330  0.447478  0.651853  0.395179  0.481467  0.566182  0.436007  0.437992  0.454826  0.377936  0.382018  0.624620  0.396619  0.841752 
29  0.482332  0.506566  0.327862  0.767823  0.548402  0.476893  0.325488  0.527202  0.635591  0.423348  0.415841  0.427686  0.448665  0.387649  0.532002  0.417356  0.451251  0.551583  0.407273  0.499683  0.319928  0.559321  0.570354  0.446946  0.331579  0.820415  0.501301  0.476827  0.503560 0.0  0.424395  0.466208  0.427890  0.725901  0.424471  0.438735  0.401091  0.465578  0.534150  0.871041  0.367867  0.502434  0.457083  0.439890  0.472210  0.506500  0.440867  0.568817  0.331244  0.463841  0.509887  0.552512  0.448622  0.484753  0.438937  0.664298  0.474136  0.834330  0.383652  0.311815  0.528162  0.384769  0.552963  0.563808  0.586085  0.569027  0.386781  0.439636  0.421767  0.828895  0.449163  0.453509  0.419719  0.493935  0.447127  0.449299  0.481267  0.450741  0.830232  0.893265  0.368326  0.480110  0.525186  0.614936  0.405944  0.405816  0.615804  0.455262  0.296687  0.496637  0.345179  0.492018  0.516424  0.498733  0.479084  0.444022  0.388172  0.817460 
30  0.624943  0.382085  0.493653  0.899990  0.460192  0.581419  0.329625  0.548743  0.704098  0.622032  0.636116  0.487191  0.453469  0.485714  0.475248  0.422878  0.402229  0.498287  0.311815  0.445933  0.480648  0.659557  0.721622  0.530547  0.360497  0.883175  0.678115  0.470725  0.425009  0.424395 0.0  0.378402  0.457886  0.625814  0.501607  0.475333  0.547775  0.474531  0.517014  0.942333  0.405781  0.517611  0.520341  0.471425  0.489304  0.391733  0.457124  0.588339  0.397133  0.450080  0.458449  0.701856  0.438936  0.483286  0.421516  0.580524  0.438103  0.813821  0.463563  0.493246  0.501182  0.420342  0.651381  0.530567  0.624150  0.432197  0.448555  0.491188  0.518346  0.805347  0.458798  0.466931  0.513053  0.493586  0.450527  0.532022  0.437800  0.431387  0.798869  0.827783  0.485141  0.423058  0.481475  0.585393  0.453510  0.475055  0.635175  0.437642  0.481711  0.545800  0.436844  0.515183  0.531699  0.440252  0.522879  0.603698  0.535556  0.857619 
31  0.613946  0.375816  0.392877  0.834775  0.531518  0.603293  0.343794  0.560552  0.771755  0.554165  0.685444  0.342581  0.342536  0.444765  0.579956  0.476722  0.387695  0.542207  0.350861  0.351837  0.420992  0.645108  0.700549  0.301504  0.349340  0.801190  0.702865  0.420677  0.489729  0.466208  0.378402 0.0  0.344530  0.723104  0.376711  0.227935  0.512810  0.393743  0.634025  0.830672  0.402222  0.384291  0.550315  0.336967  0.489644  0.433512  0.346654  0.627292  0.360802  0.220968  0.482749  0.511700  0.335596  0.629252  0.456311  0.652014  0.406192  0.800677  0.407012  0.484337  0.482953  0.425087  0.684134  0.505666  0.614086  0.377240  0.529476  0.390277  0.534844  0.781967  0.281964  0.267244  0.347295  0.256154  0.364813  0.650896  0.307085  0.336695  0.836821  0.794713  0.381463  0.270899  0.654653  0.574892  0.510608  0.365411  0.764668  0.335959  0.266138  0.613109  0.278401  0.317395  0.537921  0.299441  0.320284  0.515075  0.272201  0.949103 
32  0.430649  0.492912  0.300944  0.734537  0.451942  0.365146  0.465012  0.319124  0.807756  0.439585  0.356076  0.531780  0.436972  0.426252  0.435903  0.465769  0.520528  0.400780  0.498291  0.384493  0.434736  0.457509  0.429346  0.447374  0.456079  0.838895  0.519649  0.506506  0.437249  0.427890  0.457886  0.344530 0.0  0.766164  0.454138  0.498730  0.458990  0.336740  0.449343  0.839651  0.351618  0.344091  0.329993  0.528101  0.441766  0.500037  0.398534  0.360723  0.478494  0.462330  0.401274  0.337446  0.416781  0.420472  0.449770  0.556564  0.434866  0.827706  0.385022  0.484000  0.421359  0.271589  0.543422  0.497799  0.579493  0.476965  0.481805  0.466006  0.476780  0.775953  0.356192  0.422180  0.276415  0.471182  0.440636  0.430072  0.446323  0.361467  0.729406  0.811252  0.397427  0.513827  0.357932  0.436678  0.507275  0.437721  0.434406  0.444863  0.394893  0.490287  0.479655  0.454552  0.433568  0.418959  0.324455  0.352657  0.416029  0.761963 
33  0.655787  0.826359  0.770786  0.708069  0.740886  0.744310  0.785096  0.802206  0.285154  0.812710  0.702563  0.859913  0.816257  0.703249  0.737403  0.765392  0.697319  0.720033  0.803269  0.801003  0.706412  0.775234  0.735204  0.843232  0.797007  0.637726  0.748329  0.828930  0.680521  0.725901  0.625814  0.723104  0.766164 0.0  0.674872  0.738975  0.660354  0.739971  0.819301  0.422846  0.771749  0.782024  0.785766  0.669977  0.811969  0.653903  0.846409  0.812660  0.785615  0.683771  0.701013  0.712060  0.797194  0.673714  0.781303  0.728664  0.771314  0.765293  0.689632  0.693206  0.772911  0.839467  0.624435  0.859193  0.759095  0.699154  0.673269  0.803556  0.823413  0.714387  0.803924  0.778086  0.744611  0.812890  0.704146  0.777998  0.818760  0.743453  0.731651  0.726936  0.771333  0.711593  0.712017  0.712834  0.812866  0.741776  0.756569  0.704352  0.799743  0.817995  0.719307  0.743356  0.632894  0.682934  0.825551  0.825136  0.737007  0.463963 
34  0.492095  0.306507  0.468894  0.884147  0.552331  0.663851  0.392570  0.469528  0.730439  0.596102  0.445014  0.370969  0.300852  0.389081  0.604067  0.465421  0.306857  0.577671  0.379591  0.372194  0.274930  0.547527  0.644618  0.311859  0.267009  0.821911  0.577505  0.443035  0.362370  0.424471  0.501607  0.376711  0.454138  0.674872 0.0  0.292825  0.555286  0.275084  0.561025  0.750370  0.327925  0.448038  0.555242  0.407399  0.524176  0.328272  0.334654  0.507134  0.350844  0.250597  0.496022  0.579463  0.391104  0.579012  0.275385  0.653799  0.254479  0.944741  0.379919  0.459069  0.592468  0.404946  0.643746  0.428115  0.640739  0.298695  0.485470  0.394137  0.509746  0.873342  0.242516  0.263561  0.419360  0.365086  0.313948  0.621252  0.314558  0.275922  0.893076  0.796822  0.321387  0.335598  0.585349  0.556169  0.409198  0.392297  0.690126  0.444907  0.295527  0.458889  0.394347  0.282452  0.606818  0.357269  0.321533  0.490403  0.341528  0.824531 
35  0.571870  0.423242  0.546202  0.755281  0.632654  0.663772  0.323024  0.516592  0.651601  0.647573  0.559267  0.397610  0.291503  0.421838  0.539190  0.345496  0.273085  0.526037  0.262805  0.300430  0.368253  0.533395  0.589339  0.349217  0.406055  0.800887  0.655735  0.271191  0.380152  0.438735  0.475333  0.227935  0.498730  0.738975  0.292825 0.0  0.555475  0.366145  0.676740  0.831152  0.267758  0.516863  0.629475  0.388459  0.557066  0.368794  0.306985  0.632993  0.366564  0.381493  0.537387  0.529259  0.297325  0.597955  0.237997  0.578927  0.351975  0.893091  0.411754  0.456705  0.669943  0.385618  0.671305  0.477441  0.658958  0.320085  0.488348  0.517193  0.596895  0.855426  0.338652  0.330964  0.426283  0.387182  0.353345  0.573267  0.416555  0.369067  0.921613  0.887981  0.383350  0.312377  0.563677  0.501080  0.459722  0.277735  0.750987  0.398638  0.263029  0.469310  0.380538  0.358092  0.574407  0.378987  0.346716  0.540522  0.269375  0.794068 
36  0.525170  0.538596  0.566249  0.875088  0.406627  0.430876  0.548402  0.462934  0.650976  0.437065  0.410813  0.587842  0.569224  0.593311  0.370446  0.580289  0.569664  0.522613  0.548373  0.646365  0.553705  0.382258  0.619706  0.576482  0.556559  0.842682  0.758249  0.522038  0.518407  0.401091  0.547775  0.512810  0.458990  0.660354  0.555286  0.555475 0.0  0.473559  0.452168  0.961687  0.482650  0.392562  0.404646  0.486740  0.413501  0.587296  0.591992  0.461649  0.591643  0.502219  0.344523  0.398472  0.535611  0.288867  0.670167  0.549102  0.567423  0.863835  0.597014  0.581049  0.502794  0.414106  0.648168  0.499250  0.683885  0.595335  0.520821  0.553667  0.394400  0.903812  0.587634  0.654006  0.495364  0.495027  0.583139  0.417806  0.534987  0.644788  0.923244  0.875845  0.565876  0.471022  0.377749  0.444974  0.522818  0.515580  0.660643  0.511430  0.528473  0.336472  0.612884  0.557527  0.649013  0.587827  0.480889  0.485519  0.556463  0.799783 
37  0.466859  0.355002  0.400760  0.948820  0.573652  0.545008  0.338876  0.603655  0.714433  0.561574  0.626130  0.332452  0.346809  0.334673  0.598811  0.346951  0.358522  0.548185  0.371897  0.301935  0.386864  0.588726  0.573133  0.294716  0.290905  0.916159  0.719441  0.384148  0.556586  0.465578  0.474531  0.393743  0.336740  0.739971  0.275084  0.366145  0.473559 0.0  0.544071  0.903377  0.264074  0.426069  0.495272  0.325077  0.508589  0.309185  0.404385  0.611400  0.333360  0.352582  0.536480  0.559725  0.459462  0.402318  0.366590  0.618002  0.364341  0.831518  0.369752  0.426220  0.484691  0.396004  0.715580  0.639203  0.794039  0.365115  0.517032  0.501920  0.590772  0.984062  0.350830  0.300290  0.395373  0.259743  0.437395  0.590766  0.312333  0.310392  0.903352  0.794920  0.303441  0.345670  0.495958  0.590718  0.401402  0.321623  0.717964  0.473761  0.411553  0.495931  0.391449  0.337734  0.557644  0.353401  0.392738  0.502133  0.338045  0.815709 
38  0.540400  0.520945  0.583032  0.876716  0.427007  0.471601  0.549236  0.489279  0.785254  0.404553  0.237345  0.543562  0.550978  0.536564  0.413132  0.613765  0.471900  0.561470  0.528176  0.497403  0.458743  0.576144  0.600154  0.571375  0.571330  0.884486  0.623089  0.523659  0.579046  0.534150  0.517014  0.634025  0.449343  0.819301  0.561025  0.676740  0.452168  0.544071 0.0  0.793917  0.534187  0.407954  0.457847  0.693970  0.416259  0.502121  0.608040  0.368786  0.539271  0.519538  0.436420  0.410657  0.571951  0.426245  0.576220  0.585827  0.623725  0.821714  0.568944  0.471521  0.483470  0.428405  0.644193  0.528225  0.689930  0.520186  0.544309  0.549232  0.413289  0.873685  0.657779  0.436391  0.611018  0.422580  0.677130  0.345865  0.561938  0.633757  0.961734  0.852712  0.533806  0.595849  0.318052  0.400245  0.580280  0.573390  0.688872  0.583632  0.640421  0.489343  0.642918  0.632781  0.603387  0.565819  0.561035  0.262397  0.520942  0.825341 
39  0.970434  0.925988  0.942214  0.807400  0.831485  0.776375  0.825248  0.835320  0.431820  0.883662  0.847101  0.852684  0.754732  0.885799  0.803576  0.932043  0.835463  0.851208  0.810441  0.795690  0.761571  0.828701  0.806869  0.819197  0.817976  0.708759  0.724342  0.857704  0.902944  0.871041  0.942333  0.830672  0.839651  0.422846  0.750370  0.831152  0.961687  0.903377  0.793917 0.0  0.966280  0.882207  0.822186  0.877676  0.845789  0.866647  0.809730  0.841184  0.846082  0.888793  0.799561  0.866096  0.765926  0.765980  0.776653  0.841625  0.874697  0.825974  0.853517  0.830087  0.883549  0.753729  0.861192  0.889027  0.811472  0.957456  0.871293  0.854824  0.785803  0.723851  0.795753  0.747016  0.848172  0.727686  0.868759  0.813600  0.839916  0.705923  0.656302  0.835276  0.917171  0.910821  0.838543  0.842566  0.805550  0.885851  0.890250  0.881121  0.812377  0.848762  0.791729  0.832173  0.857455  0.743584  0.943788  0.954949  0.908245  0.417835 
