44
0 0.0  0.571038  0.763914  0.824882  0.671699  0.764878  0.765847  0.794806  0.792625  0.895289  0.429535  0.856906  0.878998  0.805722  0.740534  0.971511  0.846173  0.572010  0.865975  0.783336  0.772069  0.874800  0.767467  0.680883  0.431204  0.764501  0.753228  0.901321  0.872871  0.745659  0.946545  0.733374  0.934340  0.753187  0.852421  0.822527  1.000000  0.820419  0.412531  0.762151  0.799233  0.730885  0.815700  0.744929 
1  0.571038 0.0  0.844604  0.828627  0.807908  0.826908  0.855794  0.715210  0.778907  0.824378  0.641072  0.838909  0.846268  0.777461  0.748865  0.991981  0.901195  0.565271  0.870073  0.890457  0.691211  0.804373  0.828830  0.765725  0.497984  0.770067  0.765756  0.846279  0.724811  0.888162  0.769668  0.758854  0.805709  0.683826  0.815763  0.769040  0.837182  0.792928  0.538843  0.840513  0.911961  0.787936  0.706171  0.814853 
2  0.763914  0.844604 0.0  0.798229  0.801807  0.692574  0.671844  0.663598  0.443811  0.709992  0.834517  0.735310  0.808730  0.841444  0.739291  0.869211  0.677735  0.790025  0.718109  0.777763  0.879093  0.725622  0.525321  0.721157  0.906482  0.742764  0.448286  0.771979  0.561939  0.767060  0.866575  0.523440  0.827345  0.852180  0.621520  0.778880  0.742720  0.741647  0.731880  0.705360  0.718466  0.651859  0.749418  0.749722 
3  0.824882  0.828627  0.798229 0.0  0.762652  0.821234  0.629068  0.785580  0.795955  0.599403  0.852203  0.566966  0.436923  0.548762  0.521769  0.867139  0.574387  0.921813  0.673790  0.641305  0.367909  0.570235  0.743883  0.973230  0.852039  0.495667  0.902974  0.781076  0.768271  0.586417  0.600096  0.756342  0.877001  0.788278  0.566558  0.764152  0.685311  0.766302  0.790686  0.534790  0.557051  0.644140  0.832669  0.524056 
4  0.671699  0.807908  0.801807  0.762652 0.0  0.850273  0.721705  0.723740  0.833480  0.820824  0.843371  0.718007  0.727028  0.719640  0.770920  0.931272  0.756373  0.683412  0.709496  0.740791  0.645439  0.701852  0.773721  0.829464  0.678324  0.775869  0.677678  0.748980  0.819720  0.728711  0.815864  0.752647  0.757921  0.806281  0.675502  0.682011  0.874426  0.755504  0.830419  0.749486  0.767654  0.795525  0.830870  0.712573 
5  0.764878  0.826908  0.692574  0.821234  0.850273 0.0  0.809759  0.762063  0.797517  0.670888  0.818769  0.935964  0.925886  0.805850  0.820019  0.826159  0.861782  0.836368  0.763702  0.840770  0.785864  0.847644  0.729412  0.676002  0.862519  0.799837  0.752688  0.585188  0.773934  0.873382  0.871619  0.774055  0.707614  0.493196  0.804716  0.638396  0.746658  0.881561  0.917291  0.848355  0.737108  0.827596  0.662632  0.815974 
6  0.765847  0.855794  0.671844  0.629068  0.721705  0.809759 0.0  0.768892  0.736838  0.369757  0.777869  0.560342  0.634955  0.606278  0.448087  0.766494  0.399343  0.917339  0.541486  0.590779  0.368406  0.456882  0.676328  0.898386  0.756580  0.617451  0.781205  0.847815  0.777300  0.472385  0.407025  0.820343  0.782123  0.823191  0.478611  0.778133  0.722845  0.676471  0.842486  0.368798  0.603570  0.731853  0.754219  0.318350 
7  0.794806  0.715210  0.663598  0.785580  0.723740  0.762063  0.768892 0.0  0.813958  0.812113  0.810492  0.665284  0.752238  0.721528  0.693474  0.875242  0.744270  0.844563  0.752828  0.635523  0.800268  0.714994  0.741380  0.652934  0.889438  0.790793  0.793031  0.737091  0.748413  0.777403  0.719153  0.700836  0.739822  0.720320  0.698776  0.795136  0.776856  0.811800  0.748197  0.685002  0.829898  0.467275  0.758780  0.761319 
8  0.792625  0.778907  0.443811  0.795955  0.833480  0.797517  0.736838  0.813958 0.0  0.820016  0.835987  0.743490  0.848621  0.824346  0.764622  0.842905  0.700851  0.807626  0.694795  0.838414  0.778407  0.631925  0.521976  0.648297  0.675572  0.816840  0.545854  0.905995  0.494176  0.811087  0.716844  0.620098  0.772918  0.779936  0.706924  0.691749  0.760910  0.741897  0.707757  0.791969  0.657720  0.675388  0.703184  0.907454 
9  0.895289  0.824378  0.709992  0.599403  0.820824  0.670888  0.369757  0.812113  0.820016 0.0  0.846105  0.542711  0.569512  0.739434  0.547579  0.900757  0.418695  0.753797  0.550145  0.504824  0.416193  0.554645  0.769563  0.806924  0.743791  0.614449  0.789875  0.837482  0.818288  0.425547  0.544019  0.772092  0.792244  0.872947  0.371075  0.777050  0.707413  0.853080  0.762888  0.380921  0.554990  0.792115  0.843535  0.308887 
10  0.429535  0.641072  0.834517  0.852203  0.843371  0.818769  0.777869  0.810492  0.835987  0.846105 0.0  0.853345  0.892541  0.936286  0.898134  0.876643  0.740530  0.672185  0.765372  0.776166  0.674113  0.930928  0.771703  0.853990  0.515170  0.821085  0.799733  0.884029  0.775835  0.939060  0.768050  0.764065  0.708551  0.863308  0.754398  0.750746  0.919864  0.911772  0.480298  0.879407  0.814996  0.801061  0.646060  0.931832 
11  0.856906  0.838909  0.735310  0.566966  0.718007  0.935964  0.560342  0.665284  0.743490  0.542711  0.853345 0.0  0.591510  0.448754  0.510624  0.817221  0.623532  0.767497  0.361592  0.383036  0.429613  0.417914  0.820813  0.901783  0.779144  0.384278  0.890532  0.659444  0.701135  0.482961  0.444771  0.678179  0.831504  0.877861  0.529940  0.733092  0.723075  0.774737  0.942992  0.438386  0.389108  0.766654  0.843878  0.507081 
12  0.878998  0.846268  0.808730  0.436923  0.727028  0.925886  0.634955  0.752238  0.848621  0.569512  0.892541  0.591510 0.0  0.579661  0.561359  0.875343  0.554229  0.857779  0.569946  0.639377  0.423216  0.588483  0.834395  0.878973  0.766800  0.599812  0.756305  0.769311  0.757693  0.456207  0.476707  0.788280  0.906892  0.856570  0.485112  0.865448  0.733861  0.828252  0.799322  0.525253  0.507060  0.718063  0.745148  0.559072 
13  0.805722  0.777461  0.841444  0.548762  0.719640  0.805850  0.606278  0.721528  0.824346  0.739434  0.936286  0.448754  0.579661 0.0  0.411610  0.803772  0.579509  0.819640  0.530097  0.518663  0.315386  0.443880  0.714727  0.834375  0.837256  0.490941  0.796246  0.773585  0.835351  0.637845  0.544142  0.802639  0.887411  0.911059  0.586283  0.895786  0.660396  0.722736  0.770506  0.594934  0.413443  0.823464  0.769660  0.534557 
14  0.740534  0.748865  0.739291  0.521769  0.770920  0.820019  0.448087  0.693474  0.764622  0.547579  0.898134  0.510624  0.561359  0.411610 0.0  0.799509  0.437292  0.891158  0.499506  0.483937  0.453764  0.528813  0.889968  0.890292  0.812360  0.612455  0.769423  0.784947  0.801934  0.586053  0.616767  0.690443  0.807829  0.866220  0.484007  0.820931  0.617928  0.709433  0.834340  0.545458  0.420301  0.750781  0.816034  0.569626 
15  0.971511  0.991981  0.869211  0.867139  0.931272  0.826159  0.766494  0.875242  0.842905  0.900757  0.876643  0.817221  0.875343  0.803772  0.799509 0.0  0.881812  0.908840  0.879603  0.911435  0.808241  0.727376  0.768596  0.862608  0.927968  0.786896  0.766544  0.894897  0.925423  0.794086  0.841928  0.861474  0.802030  0.838994  0.757446  0.799247  0.861038  0.881501  0.862014  0.920492  0.720799  0.801468  0.864046  0.859645 
16  0.846173  0.901195  0.677735  0.574387  0.756373  0.861782  0.399343  0.744270  0.700851  0.418695  0.740530  0.623532  0.554229  0.579509  0.437292  0.881812 0.0  0.847088  0.526083  0.698872  0.411396  0.580843  0.733107  0.747376  0.743426  0.438489  0.723360  0.787989  0.628771  0.384848  0.564527  0.799165  0.765806  0.767057  0.379254  0.891138  0.683043  0.645591  0.804444  0.367850  0.544120  0.767688  0.884802  0.421032 
17  0.572010  0.565271  0.790025  0.921813  0.683412  0.836368  0.917339  0.844563  0.807626  0.753797  0.672185  0.767497  0.857779  0.819640  0.891158  0.908840  0.847088 0.0  0.831435  0.912763  0.657206  0.862134  0.757334  0.808984  0.699047  0.771486  0.784095  0.833863  0.708053  0.865827  0.989243  0.756911  0.865128  0.857213  0.817553  0.845498  0.782499  0.808086  0.656945  0.875346  0.870006  0.728400  0.821110  0.984655 
18  0.865975  0.870073  0.718109  0.673790  0.709496  0.763702  0.541486  0.752828  0.694795  0.550145  0.765372  0.361592  0.569946  0.530097  0.499506  0.879603  0.526083  0.831435 0.0  0.445893  0.342438  0.348349  0.706404  0.924702  0.874535  0.470530  0.809668  0.951060  0.757352  0.563890  0.616357  0.713608  0.758397  0.839177  0.584890  0.878409  0.716343  0.637211  0.810630  0.547430  0.402921  0.780762  0.808295  0.579316 
19  0.783336  0.890457  0.777763  0.641305  0.740791  0.840770  0.590779  0.635523  0.838414  0.504824  0.776166  0.383036  0.639377  0.518663  0.483937  0.911435  0.698872  0.912763  0.445893 0.0  0.478006  0.436004  0.756971  0.929160  0.853725  0.467857  0.747310  0.800945  0.779799  0.368371  0.540193  0.844996  0.811851  0.832622  0.457430  0.859275  0.589890  0.687549  0.915279  0.605474  0.391287  0.844908  0.783475  0.551478 
20  0.772069  0.691211  0.879093  0.367909  0.645439  0.785864  0.368406  0.800268  0.778407  0.416193  0.674113  0.429613  0.423216  0.315386  0.453764  0.808241  0.411396  0.657206  0.342438  0.478006 0.0  0.486137  0.784049  0.839441  0.791299  0.289688  0.864011  0.836659  0.741913  0.326830  0.569329  0.824785  0.865066  0.677294  0.328600  0.688305  0.567460  0.580181  0.823069  0.481800  0.466011  0.762171  0.831811  0.416125 
21  0.874800  0.804373  0.725622  0.570235  0.701852  0.847644  0.456882  0.714994  0.631925  0.554645  0.930928  0.417914  0.588483  0.443880  0.528813  0.727376  0.580843  0.862134  0.348349  0.436004  0.486137 0.0  0.728892  0.828413  0.753312  0.408957  0.738279  0.794070  0.754384  0.613652  0.599129  0.686880  0.824159  0.733500  0.581151  0.926811  0.647510  0.592126  0.846248  0.660297  0.417950  0.895380  0.873842  0.578589 
22  0.767467  0.828830  0.525321  0.743883  0.773721  0.729412  0.676328  0.741380  0.521976  0.769563  0.771703  0.820813  0.834395  0.714727  0.889968  0.768596  0.733107  0.757334  0.706404  0.756971  0.784049  0.728892 0.0  0.788639  0.736786  0.762526  0.595758  0.807413  0.561650  0.676140  0.582566  0.450391  0.721228  0.711612  0.659355  0.758664  0.790896  0.867912  0.793353  0.787772  0.735894  0.849938  0.821132  0.700767 
23  0.680883  0.765725  0.721157  0.973230  0.829464  0.676002  0.898386  0.652934  0.648297  0.806924  0.853990  0.901783  0.878973  0.834375  0.890292  0.862608  0.747376  0.808984  0.924702  0.929160  0.839441  0.828413  0.788639 0.0  0.790630  0.776700  0.697603  0.497503  0.846247  0.825678  0.926280  0.706572  0.417988  0.527749  0.869959  0.427513  0.822493  0.835688  0.615821  0.801831  0.895409  0.870931  0.350814  0.752108 
24  0.431204  0.497984  0.906482  0.852039  0.678324  0.862519  0.756580  0.889438  0.675572  0.743791  0.515170  0.779144  0.766800  0.837256  0.812360  0.927968  0.743426  0.699047  0.874535  0.853725  0.791299  0.753312  0.736786  0.790630 0.0  0.710346  0.754111  0.845149  0.786152  0.669796  0.775023  0.681442  0.855579  0.790855  0.692579  0.763498  0.754067  0.815860  0.480903  0.735734  0.749128  0.791762  0.921528  0.851972 
25  0.764501  0.770067  0.742764  0.495667  0.775869  0.799837  0.617451  0.790793  0.816840  0.614449  0.821085  0.384278  0.599812  0.490941  0.612455  0.786896  0.438489  0.771486  0.470530  0.467857  0.289688  0.408957  0.762526  0.776700  0.710346 0.0  0.878121  0.981380  0.661880  0.542208  0.521477  0.765564  0.792407  0.826694  0.567441  0.786440  0.718940  0.699838  0.800623  0.576302  0.501644  0.829869  0.798994  0.618631 
26  0.753228  0.765756  0.448286  0.902974  0.677678  0.752688  0.781205  0.793031  0.545854  0.789875  0.799733  0.890532  0.756305  0.796246  0.769423  0.766544  0.723360  0.784095  0.809668  0.747310  0.864011  0.738279  0.595758  0.697603  0.754111  0.878121 0.0  0.766079  0.558415  0.736348  0.861136  0.595466  0.720429  0.687154  0.832352  0.721026  0.760948  0.819197  0.734049  0.811646  0.663320  0.794618  0.767311  0.665569 
27  0.901321  0.846279  0.771979  0.781076  0.748980  0.585188  0.847815  0.737091  0.905995  0.837482  0.884029  0.659444  0.769311  0.773585  0.784947  0.894897  0.787989  0.833863  0.951060  0.800945  0.836659  0.794070  0.807413  0.497503  0.845149  0.981380  0.766079 0.0  0.765949  0.830813  0.762464  0.627916  0.520119  0.486960  0.872022  0.506650  0.756981  0.797935  0.907472  0.834040  0.828865  0.838477  0.511799  0.889972 
28  0.872871  0.724811  0.561939  0.768271  0.819720  0.773934  0.777300  0.748413  0.494176  0.818288  0.775835  0.701135  0.757693  0.835351  0.801934  0.925423  0.628771  0.708053  0.757352  0.779799  0.741913  0.754384  0.561650  0.846247  0.786152  0.661880  0.558415  0.765949 0.0  0.765843  0.808485  0.726206  0.791869  0.730404  0.776869  0.807630  0.756863  0.799867  0.882695  0.638131  0.680871  0.782525  0.768731  0.768653 
29  0.745659  0.888162  0.767060  0.586417  0.728711  0.873382  0.472385  0.777403  0.811087  0.425547  0.939060  0.482961  0.456207  0.637845  0.586053  0.794086  0.384848  0.865827  0.563890  0.368371  0.326830  0.613652  0.676140  0.825678  0.669796  0.542208  0.736348  0.830813  0.765843 0.0  0.417903  0.756724  0.890193  0.812273  0.416272  0.951392  0.736829  0.734502  0.803057  0.392691  0.435324  0.675407  0.817414  0.348991 
30  0.946545  0.769668  0.866575  0.600096  0.815864  0.871619  0.407025  0.719153  0.716844  0.544019  0.768050  0.444771  0.476707  0.544142  0.616767  0.841928  0.564527  0.989243  0.616357  0.540193  0.569329  0.599129  0.582566  0.926280  0.775023  0.521477  0.861136  0.762464  0.808485  0.417903 0.0  0.741412  0.751829  0.764338  0.438232  0.820963  0.552325  0.606510  0.884529  0.463207  0.491854  0.763063  0.846597  0.539430 
31  0.733374  0.758854  0.523440  0.756342  0.752647  0.774055  0.820343  0.700836  0.620098  0.772092  0.764065  0.678179  0.788280  0.802639  0.690443  0.861474  0.799165  0.756911  0.713608  0.844996  0.824785  0.686880  0.450391  0.706572  0.681442  0.765564  0.595466  0.627916  0.726206  0.756724  0.741412 0.0  0.699273  0.745722  0.912520  0.754313  0.826031  0.782202  0.698279  0.702536  0.904605  0.734545  0.731452  0.815159 
32  0.934340  0.805709  0.827345  0.877001  0.757921  0.707614  0.782123  0.739822  0.772918  0.792244  0.708551  0.831504  0.906892  0.887411  0.807829  0.802030  0.765806  0.865128  0.758397  0.811851  0.865066  0.824159  0.721228  0.417988  0.855579  0.792407  0.720429  0.520119  0.791869  0.890193  0.751829  0.699273 0.0  0.509073  0.778982  0.440688  0.795621  0.885449  0.912465  0.768364  0.722902  0.794832  0.381610  0.809296 
33  0.753187  0.683826  0.852180  0.788278  0.806281  0.493196  0.823191  0.720320  0.779936  0.872947  0.863308  0.877861  0.856570  0.911059  0.866220  0.838994  0.767057  0.857213  0.839177  0.832622  0.677294  0.733500  0.711612  0.527749  0.790855  0.826694  0.687154  0.486960  0.730404  0.812273  0.764338  0.745722  0.509073 0.0  0.803635  0.547312  0.943084  0.842762  0.833566  0.833919  0.832154  0.695389  0.580453  0.882463 
34  0.852421  0.815763  0.621520  0.566558  0.675502  0.804716  0.478611  0.698776  0.706924  0.371075  0.754398  0.529940  0.485112  0.586283  0.484007  0.757446  0.379254  0.817553  0.584890  0.457430  0.328600  0.581151  0.659355  0.869959  0.692579  0.567441  0.832352  0.872022  0.776869  0.416272  0.438232  0.912520  0.778982  0.803635 0.0  0.861608  0.756748  0.754626  0.898832  0.581517  0.474184  0.676099  0.852669  0.300894 
35  0.822527  0.769040  0.778880  0.764152  0.682011  0.638396  0.778133  0.795136  0.691749  0.777050  0.750746  0.733092  0.865448  0.895786  0.820931  0.799247  0.891138  0.845498  0.878409  0.859275  0.688305  0.926811  0.758664  0.427513  0.763498  0.786440  0.721026  0.506650  0.807630  0.951392  0.820963  0.754313  0.440688  0.547312  0.861608 0.0  0.906435  0.780961  0.908441  0.852506  0.887237  0.684420  0.327758  0.914198 
36  1.000000  0.837182  0.742720  0.685311  0.874426  0.746658  0.722845  0.776856  0.760910  0.707413  0.919864  0.723075  0.733861  0.660396  0.617928  0.861038  0.683043  0.782499  0.716343  0.589890  0.567460  0.647510  0.790896  0.822493  0.754067  0.718940  0.760948  0.756981  0.756863  0.736829  0.552325  0.826031  0.795621  0.943084  0.756748  0.906435 0.0  0.664837  0.862510  0.644527  0.659392  0.683866  0.763901  0.808985 
37  0.820419  0.792928  0.741647  0.766302  0.755504  0.881561  0.676471  0.811800  0.741897  0.853080  0.911772  0.774737  0.828252  0.722736  0.709433  0.881501  0.645591  0.808086  0.637211  0.687549  0.580181  0.592126  0.867912  0.835688  0.815860  0.699838  0.819197  0.797935  0.799867  0.734502  0.606510  0.782202  0.885449  0.842762  0.754626  0.780961  0.664837 0.0  0.785580  0.736591  0.617740  0.795720  0.830238  0.670709 
38  0.412531  0.538843  0.731880  0.790686  0.830419  0.917291  0.842486  0.748197  0.707757  0.762888  0.480298  0.942992  0.799322  0.770506  0.834340  0.862014  0.804444  0.656945  0.810630  0.915279  0.823069  0.846248  0.793353  0.615821  0.480903  0.800623  0.734049  0.907472  0.882695  0.803057  0.884529  0.698279  0.912465  0.833566  0.898832  0.908441  0.862510  0.785580 0.0  0.865190  0.724509  0.868406  0.822129  0.845523 
39  0.762151  0.840513  0.705360  0.534790  0.749486  0.848355  0.368798  0.685002  0.791969  0.380921  0.879407  0.438386  0.525253  0.594934  0.545458  0.920492  0.367850  0.875346  0.547430  0.605474  0.481800  0.660297  0.787772  0.801831  0.735734  0.576302  0.811646  0.834040  0.638131  0.392691  0.463207  0.702536  0.768364  0.833919  0.581517  0.852506  0.644527  0.736591  0.865190 0.0  0.500981  0.736636  0.769450  0.409013 
40  0.799233  0.911961  0.718466  0.557051  0.767654  0.737108  0.603570  0.829898  0.657720  0.554990  0.814996  0.389108  0.507060  0.413443  0.420301  0.720799  0.544120  0.870006  0.402921  0.391287  0.466011  0.417950  0.735894  0.895409  0.749128  0.501644  0.663320  0.828865  0.680871  0.435324  0.491854  0.904605  0.722902  0.832154  0.474184  0.887237  0.659392  0.617740  0.724509  0.500981 0.0  0.952685  0.797050  0.499277 
41  0.730885  0.787936  0.651859  0.644140  0.795525  0.827596  0.731853  0.467275  0.675388  0.792115  0.801061  0.766654  0.718063  0.823464  0.750781  0.801468  0.767688  0.728400  0.780762  0.844908  0.762171  0.895380  0.849938  0.870931  0.791762  0.829869  0.794618  0.838477  0.782525  0.675407  0.763063  0.734545  0.794832  0.695389  0.676099  0.684420  0.683866  0.795720  0.868406  0.736636  0.952685 0.0  0.669196  0.725146 
42  0.815700  0.706171  0.749418  0.832669  0.830870  0.662632  0.754219  0.758780  0.703184  0.843535  0.646060  0.843878  0.745148  0.769660  0.816034  0.864046  0.884802  0.821110  0.808295  0.783475  0.831811  0.873842  0.821132  0.350814  0.921528  0.798994  0.767311  0.511799  0.768731  0.817414  0.846597  0.731452  0.381610  0.580453  0.852669  0.327758  0.763901  0.830238  0.822129  0.769450  0.797050  0.669196 0.0  0.701492 
43  0.744929  0.814853  0.749722  0.524056  0.712573  0.815974  0.318350  0.761319  0.907454  0.308887  0.931832  0.507081  0.559072  0.534557  0.569626  0.859645  0.421032  0.984655  0.579316  0.551478  0.416125  0.578589  0.700767  0.752108  0.851972  0.618631  0.665569  0.889972  0.768653  0.348991  0.539430  0.815159  0.809296  0.882463  0.300894  0.914198  0.808985  0.670709  0.845523  0.409013  0.499277  0.725146  0.701492 0.0 
