61
0 0.0  0.664281  0.708294  0.713894  0.731565  0.774070  0.734024  0.725652  0.748006  0.725840  0.623790  0.727444  0.711820  0.733083  0.788849  0.800684  0.828965  0.702683  0.758715  0.699129  0.768610  0.724958  0.700880  0.771555  0.751404  0.780586  0.750838  0.769059  0.804314  0.695116  0.740794  0.780745  0.665182  0.748564  0.711676  0.772124  0.755444  0.709163  0.775701  0.824238  0.726841  0.800811  0.820751  0.723830  0.771891  0.552094  0.737423  0.639789  0.784232  0.729346  0.769035  0.692447  0.679542  0.709923  0.552253  0.767639  0.798453  0.731873  0.797383  0.745532  0.645057 
1  0.664281 0.0  0.511814  0.568026  0.592735  0.665866  0.762417  0.729403  0.656044  0.665919  0.681236  0.707157  0.675389  0.626795  0.761259  0.638020  0.652839  0.498708  0.676455  0.605044  0.566473  0.709730  0.654677  0.689610  0.555854  0.689883  0.619987  0.677268  0.567557  0.718769  0.663915  0.606664  0.605689  0.639882  0.642214  0.606406  0.536490  0.769814  0.644542  0.773551  0.639055  0.597156  0.721592  0.554111  0.692988  0.556446  0.647810  0.636402  0.598155  0.600586  0.549626  0.683626  0.529070  0.585087  0.654338  0.692350  0.666355  0.665479  0.736658  0.581619  0.712636 
2  0.708294  0.511814 0.0  0.356888  0.379262  0.471400  0.812046  0.865530  0.798436  0.794492  0.874241  0.773091  0.809490  0.896781  0.706891  0.423827  0.471770  0.752814  0.687211  0.851842  0.502504  0.550611  0.633665  0.461994  0.783107  0.668541  0.382590  0.798841  0.308978  0.443740  0.472748  0.768874  0.614306  0.289808  0.465572  0.828542  0.860043  0.414904  0.559028  0.608744  0.680587  0.955985  0.782286  0.534524  0.875140  0.613474  0.791249  0.495088  0.460968  0.849768  0.824876  0.843777  0.818907  0.679327  0.480735  0.777590  0.451286  0.692804  0.903473  0.775396  0.557177 
3  0.713894  0.568026  0.356888 0.0  0.333019  0.464893  0.708751  0.720177  0.826006  0.915857  0.817451  0.737623  0.842732  0.753631  0.849134  0.423255  0.453910  0.698259  0.777271  0.902490  0.437108  0.388682  0.745969  0.502657  0.781622  0.837278  0.476872  0.829829  0.376779  0.451969  0.570653  0.812310  0.599536  0.319791  0.497989  0.769432  0.896511  0.333273  0.529624  0.644420  0.685137  0.839768  0.755995  0.495604  0.772129  0.450369  0.762870  0.548197  0.344548  0.814131  0.811304  0.858301  0.751054  0.639926  0.429201  0.788437  0.467202  0.634141  0.719508  0.777051  0.565798 
4  0.731565  0.592735  0.379262  0.333019 0.0  0.397742  0.822146  0.732227  0.843116  0.848540  0.746250  0.809684  0.668131  0.913588  0.871498  0.477284  0.600336  0.751511  0.804009  0.855422  0.535417  0.335630  0.696907  0.436584  0.790328  0.691324  0.463047  0.885906  0.293639  0.474136  0.446391  0.835968  0.590536  0.296895  0.511291  0.768137  0.904138  0.438961  0.728624  0.552796  0.779102  0.813508  0.790333  0.481773  0.795113  0.474095  0.753491  0.531130  0.480767  0.756227  0.756602  0.912727  0.931217  0.664335  0.497704  0.725604  0.580523  0.561769  0.764086  0.684444  0.506296 
5  0.774070  0.665866  0.471400  0.464893  0.397742 0.0  0.880537  0.812000  0.738340  0.791521  0.723000  0.858632  0.786044  0.868935  0.793188  0.572953  0.531444  0.781395  0.792831  0.780237  0.463960  0.294699  0.659588  0.410598  0.741012  0.798558  0.564222  0.880998  0.525638  0.480800  0.512080  0.843056  0.623164  0.478905  0.528834  0.716305  0.965685  0.378739  0.672897  0.678266  0.841645  0.770167  0.643341  0.351866  0.782878  0.510712  0.771112  0.439296  0.430409  0.913772  0.841519  0.810023  0.854497  0.587249  0.275342  0.791452  0.517736  0.620230  0.807967  0.881300  0.651257 
6  0.734024  0.762417  0.812046  0.708751  0.822146  0.880537 0.0  0.770615  0.314432  0.701054  0.874190  0.740316  0.799021  0.765080  0.433743  0.745629  0.867697  0.842691  0.414500  0.809283  0.877257  0.893069  0.697877  0.784404  0.769943  0.805538  0.786570  0.745797  0.773243  0.790053  0.768403  0.770595  0.805190  0.780237  0.866358  0.773172  0.886620  0.634312  0.851443  0.885403  0.807644  0.799971  0.735125  0.921580  0.830571  0.917418  0.767870  0.675693  0.831294  0.785332  0.860541  0.830947  0.903624  0.909343  0.854331  0.753386  0.755767  0.758859  0.347919  0.359290  0.801929 
7  0.725652  0.729403  0.865530  0.720177  0.732227  0.812000  0.770615 0.0  0.757859  0.772351  0.670977  0.731635  0.766511  0.796403  0.796454  0.858753  0.839336  0.823692  0.822649  0.785809  0.806038  0.718437  0.775352  0.710703  0.759612  0.812560  0.802608  0.368327  0.767484  0.820040  0.792704  0.650174  0.738035  0.818222  0.733140  0.623339  0.899948  0.811809  0.771098  0.698021  0.546874  0.781380  0.468326  0.761999  0.454957  0.871174  0.483894  0.763425  0.790274  0.913826  0.617130  0.745914  0.741358  0.748328  0.820537  0.509905  0.803583  0.707002  0.756152  0.790152  0.823548 
8  0.748006  0.656044  0.798436  0.826006  0.843116  0.738340  0.314432  0.757859 0.0  0.798869  0.691522  0.772397  0.779027  0.678325  0.504038  0.888240  0.788977  0.826141  0.372625  0.672181  0.917927  0.894336  0.751165  0.762853  0.661903  0.727470  0.854124  0.888917  0.795654  0.828622  0.790973  0.759317  0.889987  0.861181  0.788139  0.856265  0.858789  0.786347  0.847699  0.746993  0.713608  0.838295  0.769408  0.753527  0.761255  0.767334  0.784425  0.762941  0.896542  0.790010  0.804164  0.791028  0.672658  0.829111  0.753875  0.719142  0.729720  0.754895  0.362968  0.259364  0.772063 
9  0.725840  0.665919  0.794492  0.915857  0.848540  0.791521  0.701054  0.772351  0.798869 0.0  0.845189  0.950204  0.714705  0.391951  0.829997  0.754312  0.774954  0.859332  0.740914  0.324550  0.885452  0.764357  0.841198  0.879645  0.700779  0.798711  0.965134  0.825665  0.751498  0.665321  0.938612  0.842635  0.856639  0.740686  0.963507  0.764076  0.303571  0.830722  0.802347  0.790951  0.384736  0.476886  0.738642  0.849617  0.756295  0.893758  0.816088  0.791072  0.754479  0.335767  0.814070  0.493240  0.911313  0.747139  0.797856  0.833838  0.922785  0.906453  0.830818  0.812583  0.939066 
10  0.623790  0.681236  0.874241  0.817451  0.746250  0.723000  0.874190  0.670977  0.691522  0.845189 0.0  0.714199  0.702597  0.830200  0.750378  0.816395  0.826232  0.755814  0.650010  0.745614  0.796596  0.859093  0.816718  0.828906  0.788413  0.821039  0.794378  0.547185  0.856060  0.779083  0.755627  0.727334  0.828733  0.905519  0.864723  0.487880  0.789592  0.801110  0.739593  0.862216  0.759819  0.881169  0.497814  0.825321  0.574655  0.830230  0.520305  0.737419  0.841063  0.778609  0.436463  0.726413  0.793357  0.846706  0.800336  0.446672  0.847629  0.912061  0.800695  0.765467  0.831830 
11  0.727444  0.707157  0.773091  0.737623  0.809684  0.858632  0.740316  0.731635  0.772397  0.950204  0.714199 0.0  0.654026  0.888340  0.735612  0.885355  0.852236  0.366993  0.814796  0.823304  0.877872  0.950215  0.862114  0.837625  0.734373  0.797384  0.838466  0.811427  0.909932  0.766332  0.859010  0.379235  0.753797  0.796529  0.906059  0.822113  0.804513  0.800853  0.801910  0.783439  0.859634  0.821591  0.737400  0.844020  0.812874  0.859928  0.795442  0.755827  0.784501  0.810328  0.822069  0.864230  0.312829  0.844746  0.865590  0.651479  0.778677  0.853379  0.776835  0.836475  0.850607 
12  0.711820  0.675389  0.809490  0.842732  0.668131  0.786044  0.799021  0.766511  0.779027  0.714705  0.702597  0.654026 0.0  0.913712  0.829705  0.813837  0.794166  0.675731  0.820976  0.751899  0.751072  0.794251  0.784573  0.837921  0.734010  0.656936  0.792531  0.851495  0.844909  0.780574  0.817509  0.564156  0.841608  0.735978  0.802988  0.713425  0.844335  0.825094  0.838568  0.839942  0.769314  0.840819  0.749940  0.768438  0.785533  0.804809  0.886622  0.817186  0.913435  0.748890  0.606248  0.817279  0.548528  0.806723  0.884336  0.697451  0.802440  0.745805  0.805621  0.807817  0.831527 
13  0.733083  0.626795  0.896781  0.753631  0.913588  0.868935  0.765080  0.796403  0.678325  0.391951  0.830200  0.888340  0.913712 0.0  0.786065  0.812127  0.806504  0.863744  0.737952  0.346213  0.766164  0.808317  0.773345  0.848328  0.786450  0.719965  0.791247  0.828457  0.767313  0.811393  0.848988  0.853881  0.854873  0.829668  0.819738  0.770313  0.495245  0.705737  0.852421  0.860071  0.440653  0.105946  0.702357  0.829166  0.903724  0.861803  0.848978  0.890812  0.799094  0.408173  0.811903  0.459660  0.870426  0.704998  0.828609  0.780063  0.851666  0.833476  0.777345  0.843804  0.784587 
14  0.788849  0.761259  0.706891  0.849134  0.871498  0.793188  0.433743  0.796454  0.504038  0.829997  0.750378  0.735612  0.829705  0.786065 0.0  0.762192  0.760295  0.843139  0.360635  0.790490  0.870863  0.824930  0.847037  0.744461  0.794859  0.822186  0.673735  0.797152  0.800284  0.765877  0.735693  0.814533  0.746072  0.864070  0.736587  0.771736  0.774901  0.711142  0.784108  0.788365  0.853107  0.737437  0.710013  0.845936  0.757608  0.874509  0.878090  0.781179  0.882306  0.846737  0.786111  0.867555  0.833434  0.721433  0.837161  0.709071  0.769984  0.736056  0.408826  0.464749  0.767232 
15  0.800684  0.638020  0.423827  0.423255  0.477284  0.572953  0.745629  0.858753  0.888240  0.754312  0.816395  0.885355  0.813837  0.812127  0.762192 0.0  0.433914  0.728559  0.757472  0.820264  0.485346  0.475346  0.610226  0.447414  0.816014  0.860591  0.455501  0.773040  0.425924  0.461465  0.512405  0.918127  0.694458  0.486141  0.329512  0.737112  0.711155  0.376513  0.576339  0.578488  0.814605  0.781978  0.759511  0.516657  0.770158  0.399316  0.647146  0.412534  0.377916  0.799468  0.820474  0.792035  0.764829  0.640711  0.560486  0.810000  0.486151  0.677642  0.837694  0.713578  0.582600 
16  0.828965  0.652839  0.471770  0.453910  0.600336  0.531444  0.867697  0.839336  0.788977  0.774954  0.826232  0.852236  0.794166  0.806504  0.760295  0.433914 0.0  0.770138  0.872128  0.806909  0.528291  0.504221  0.689697  0.559439  0.751883  0.787564  0.379786  0.893729  0.487936  0.479691  0.493243  0.841418  0.532063  0.498360  0.458671  0.778836  0.844020  0.387716  0.563279  0.573276  0.814355  0.804195  0.718192  0.616688  0.760349  0.409654  0.708804  0.477688  0.487800  0.863834  0.838349  0.891943  0.831491  0.668784  0.508124  0.756337  0.256848  0.707836  0.879507  0.765878  0.618360 
17  0.702683  0.498708  0.752814  0.698259  0.751511  0.781395  0.842691  0.823692  0.826141  0.859332  0.755814  0.366993  0.675731  0.863744  0.843139  0.728559  0.770138 0.0  0.891817  0.807968  0.764672  0.854775  0.774900  0.774731  0.724694  0.736640  0.832959  0.902367  0.850381  0.695759  0.848239  0.427993  0.788649  0.757223  0.839324  0.766024  0.865596  0.713312  0.789803  0.852298  0.788545  0.796714  0.798028  0.821650  0.776455  0.812803  0.918232  0.774106  0.890968  0.783072  0.777991  0.772639  0.499459  0.772987  0.850861  0.697284  0.790468  0.830592  1.000000  0.876177  0.820005 
18  0.758715  0.676455  0.687211  0.777271  0.804009  0.792831  0.414500  0.822649  0.372625  0.740914  0.650010  0.814796  0.820976  0.737952  0.360635  0.757472  0.872128  0.891817 0.0  0.843697  0.889264  0.766910  0.758568  0.815629  0.640141  0.773146  0.905733  0.839166  0.745946  0.861356  0.825289  0.819913  0.714981  0.816098  0.757946  0.696933  0.866214  0.765509  0.733068  0.806162  0.734061  0.800853  0.723314  0.880233  0.840777  0.846093  0.767927  0.841311  0.763392  0.853131  0.775022  0.680264  0.805495  0.888054  0.743883  0.685187  0.799454  0.729000  0.377669  0.307672  0.861391 
19  0.699129  0.605044  0.851842  0.902490  0.855422  0.780237  0.809283  0.785809  0.672181  0.324550  0.745614  0.823304  0.751899  0.346213  0.790490  0.820264  0.806909  0.807968  0.843697 0.0  0.697065  0.725721  0.760291  0.814958  0.817433  0.755605  0.870070  0.808185  0.764003  0.822973  0.869929  0.861969  0.818316  0.823333  0.771361  0.911800  0.377008  0.880205  0.761619  0.869027  0.387015  0.400447  0.720132  0.942839  0.738616  0.752701  0.838701  0.857960  0.805754  0.447471  0.759724  0.520410  0.801175  0.917147  0.762753  0.604172  0.807039  0.798293  0.783749  0.763572  0.825265 
20  0.768610  0.566473  0.502504  0.437108  0.535417  0.463960  0.877257  0.806038  0.917927  0.885452  0.796596  0.877872  0.751072  0.766164  0.870863  0.485346  0.528291  0.764672  0.889264  0.697065 0.0  0.384723  0.653432  0.399396  0.758267  0.807420  0.486238  0.728579  0.429410  0.409504  0.537088  0.929753  0.625030  0.408518  0.514446  0.774808  0.899186  0.326737  0.570917  0.651327  0.885491  0.918632  0.686451  0.260173  0.768115  0.531660  0.753166  0.382942  0.401522  0.857110  0.767272  0.945493  0.697075  0.650629  0.331237  0.749814  0.635959  0.693023  0.840209  0.770945  0.601528 
21  0.724958  0.709730  0.550611  0.388682  0.335630  0.294699  0.893069  0.718437  0.894336  0.764357  0.859093  0.950215  0.794251  0.808317  0.824930  0.475346  0.504221  0.854775  0.766910  0.725721  0.384723 0.0  0.593896  0.428284  0.716732  0.918663  0.437593  0.806496  0.414038  0.390691  0.436686  0.800742  0.679471  0.510764  0.400558  0.906945  0.833415  0.333148  0.646644  0.717600  0.826582  0.735120  0.900007  0.304307  0.818273  0.613407  0.778499  0.320366  0.497874  0.846928  0.700589  0.824174  0.873368  0.684825  0.381625  0.714773  0.575884  0.696327  0.764266  0.908588  0.648785 
22  0.700880  0.654677  0.633665  0.745969  0.696907  0.659588  0.697877  0.775352  0.751165  0.841198  0.816718  0.862114  0.784573  0.773345  0.847037  0.610226  0.689697  0.774900  0.758568  0.760291  0.653432  0.593896 0.0  0.615429  0.736197  0.849253  0.654036  0.882850  0.556928  0.665423  0.680874  0.890885  0.458301  0.632515  0.521094  0.884034  0.768711  0.470699  0.435101  0.427831  0.789359  0.869145  0.756422  0.645521  0.696567  0.562134  0.672072  0.650676  0.552351  0.842925  0.831657  0.848144  0.787103  0.421202  0.691771  0.798464  0.582824  0.564114  0.709623  0.868959  0.457391 
23  0.771555  0.689610  0.461994  0.502657  0.436584  0.410598  0.784404  0.710703  0.762853  0.879645  0.828906  0.837625  0.837921  0.848328  0.744461  0.447414  0.559439  0.774731  0.815629  0.814958  0.399396  0.428284  0.615429 0.0  0.823792  0.825376  0.453403  0.887917  0.442092  0.475535  0.325145  0.827316  0.577098  0.491810  0.564420  0.693206  0.918062  0.378579  0.583575  0.579169  0.836497  0.784288  0.836054  0.563520  0.820780  0.525094  0.840884  0.371965  0.448494  0.855872  0.846732  0.840836  0.840818  0.668938  0.523115  0.746496  0.542536  0.755463  0.756591  0.887510  0.603143 
24  0.751404  0.555854  0.783107  0.781622  0.790328  0.741012  0.769943  0.759612  0.661903  0.700779  0.788413  0.734373  0.734010  0.786450  0.794859  0.816014  0.751883  0.724694  0.640141  0.817433  0.758267  0.716732  0.736197  0.823792 0.0  0.305641  0.758216  0.742581  0.719933  0.707641  0.756014  0.740608  0.767494  0.771351  0.720940  0.691669  0.769139  0.771883  0.873285  0.835223  0.698314  0.733743  0.778022  0.693132  0.847806  0.707796  0.741505  0.689581  0.717705  0.674416  0.624131  0.812474  0.625375  0.641309  0.728495  0.685453  0.597287  0.690452  0.825833  0.805618  0.831079 
25  0.780586  0.689883  0.668541  0.837278  0.691324  0.798558  0.805538  0.812560  0.727470  0.798711  0.821039  0.797384  0.656936  0.719965  0.822186  0.860591  0.787564  0.736640  0.773146  0.755605  0.807420  0.918663  0.849253  0.825376  0.305641 0.0  0.830579  0.670591  0.794123  0.671403  0.772681  0.761967  0.702451  0.742398  0.704229  0.690103  0.618122  0.742402  0.762969  0.716133  0.735296  0.806706  0.572495  0.686948  0.750101  0.709175  0.793506  0.691965  0.756895  0.729144  0.665212  0.775743  0.822959  0.720966  0.650398  0.749987  0.715425  0.752485  0.779898  0.727554  0.817987 
26  0.750838  0.619987  0.382590  0.476872  0.463047  0.564222  0.786570  0.802608  0.854124  0.965134  0.794378  0.838466  0.792531  0.791247  0.673735  0.455501  0.379786  0.832959  0.905733  0.870070  0.486238  0.437593  0.654036  0.453403  0.758216  0.830579 0.0  0.837141  0.365415  0.430998  0.507118  0.858138  0.685444  0.624310  0.447862  0.800674  0.842066  0.476838  0.591159  0.667321  0.869189  0.868002  0.704831  0.505469  0.881687  0.463661  0.746764  0.514832  0.408265  0.831912  0.743270  0.793527  0.873134  0.593813  0.532643  0.761568  0.464489  0.610445  0.871102  0.738624  0.717745 
27  0.769059  0.677268  0.798841  0.829829  0.885906  0.880998  0.745797  0.368327  0.888917  0.825665  0.547185  0.811427  0.851495  0.828457  0.797152  0.773040  0.893729  0.902367  0.839166  0.808185  0.728579  0.806496  0.882850  0.887917  0.742581  0.670591  0.837141 0.0  0.683829  0.812239  0.814701  0.832723  0.664398  0.765425  0.916937  0.605588  0.762547  0.742931  0.709811  0.758442  0.756601  0.808203  0.587454  0.762744  0.481651  0.872320  0.378081  0.744073  0.833469  0.804076  0.597042  0.882647  0.844230  0.819406  0.817755  0.420373  0.857330  0.697490  0.782777  0.883825  0.793415 
28  0.804314  0.567557  0.308978  0.376779  0.293639  0.525638  0.773243  0.767484  0.795654  0.751498  0.856060  0.909932  0.844909  0.767313  0.800284  0.425924  0.487936  0.850381  0.745946  0.764003  0.429410  0.414038  0.556928  0.442092  0.719933  0.794123  0.365415  0.683829 0.0  0.427247  0.447761  0.919156  0.617533  0.428652  0.415637  0.771491  0.779045  0.425262  0.577102  0.627028  0.909593  0.803153  0.699819  0.460530  0.831173  0.426916  0.722680  0.552455  0.498662  0.860638  0.776229  0.832706  0.889717  0.639500  0.520280  0.800227  0.470224  0.667563  0.783314  0.825796  0.588102 
29  0.695116  0.718769  0.443740  0.451969  0.474136  0.480800  0.790053  0.820040  0.828622  0.665321  0.779083  0.766332  0.780574  0.811393  0.765877  0.461465  0.479691  0.695759  0.861356  0.822973  0.409504  0.390691  0.665423  0.475535  0.707641  0.671403  0.430998  0.812239  0.427247 0.0  0.403148  0.820180  0.551407  0.453873  0.409875  0.786622  0.973657  0.371412  0.537929  0.593614  0.776268  0.815211  0.819696  0.418753  0.800295  0.281645  0.878806  0.408108  0.412363  0.740307  0.776426  0.708405  0.776383  0.625180  0.364569  0.702304  0.445836  0.448160  0.908858  0.659218  0.676923 
30  0.740794  0.663915  0.472748  0.570653  0.446391  0.512080  0.768403  0.792704  0.790973  0.938612  0.755627  0.859010  0.817509  0.848988  0.735693  0.512405  0.493243  0.848239  0.825289  0.869929  0.537088  0.436686  0.680874  0.325145  0.756014  0.772681  0.507118  0.814701  0.447761  0.403148 0.0  0.840345  0.574612  0.434870  0.462320  0.833107  0.771650  0.380520  0.581001  0.593646  0.727228  0.811606  0.732832  0.455242  0.843237  0.470530  0.803815  0.552869  0.388425  0.831557  0.850324  0.735333  0.747131  0.634472  0.448310  0.775676  0.430005  0.710132  0.915493  0.899481  0.565972 
31  0.780745  0.606664  0.768874  0.812310  0.835968  0.843056  0.770595  0.650174  0.759317  0.842635  0.727334  0.379235  0.564156  0.853881  0.814533  0.918127  0.841418  0.427993  0.819913  0.861969  0.929753  0.800742  0.890885  0.827316  0.740608  0.761967  0.858138  0.832723  0.919156  0.820180  0.840345 0.0  0.929501  0.761818  0.765832  0.887285  0.833623  0.698378  0.861150  0.923427  0.860837  0.795274  0.813297  0.820981  0.748827  0.894364  0.851172  0.893336  0.789384  0.842932  0.719919  0.918845  0.373120  0.854683  0.856344  0.728412  0.790056  0.832895  0.881863  0.775598  0.790556 
32  0.665182  0.605689  0.614306  0.599536  0.590536  0.623164  0.805190  0.738035  0.889987  0.856639  0.828733  0.753797  0.841608  0.854873  0.746072  0.694458  0.532063  0.788649  0.714981  0.818316  0.625030  0.679471  0.458301  0.577098  0.767494  0.702451  0.685444  0.664398  0.617533  0.551407  0.574612  0.929501 0.0  0.741715  0.612282  0.809609  0.781980  0.575180  0.511556  0.376364  0.710527  0.788486  0.751703  0.606566  0.723139  0.624343  0.810530  0.636422  0.545080  0.826627  0.817902  0.727371  0.939913  0.460002  0.591639  0.815063  0.594065  0.427782  0.814008  0.840900  0.579375 
33  0.748564  0.639882  0.289808  0.319791  0.296895  0.478905  0.780237  0.818222  0.861181  0.740686  0.905519  0.796529  0.735978  0.829668  0.864070  0.486141  0.498360  0.757223  0.816098  0.823333  0.408518  0.510764  0.632515  0.491810  0.771351  0.742398  0.624310  0.765425  0.428652  0.453873  0.434870  0.761818  0.741715 0.0  0.535077  0.916018  0.900669  0.431044  0.679350  0.680419  0.812225  0.838460  0.741897  0.481804  0.881436  0.473653  0.781811  0.423950  0.408690  0.698620  0.742508  0.883858  0.879259  0.659545  0.522328  0.713146  0.389113  0.726280  0.850823  0.846922  0.615900 
34  0.711676  0.642214  0.465572  0.497989  0.511291  0.528834  0.866358  0.733140  0.788139  0.963507  0.864723  0.906059  0.802988  0.819738  0.736587  0.329512  0.458671  0.839324  0.757946  0.771361  0.514446  0.400558  0.521094  0.564420  0.720940  0.704229  0.447862  0.916937  0.415637  0.409875  0.462320  0.765832  0.612282  0.535077 0.0  0.816755  0.796697  0.376871  0.530246  0.677087  0.736078  0.794035  0.685873  0.678997  0.738408  0.401005  0.743526  0.455508  0.407394  0.823480  0.760523  0.748603  0.816902  0.612905  0.513859  0.758240  0.455809  0.598789  0.845282  0.790233  0.719912 
35  0.772124  0.606406  0.828542  0.769432  0.768137  0.716305  0.773172  0.623339  0.856265  0.764076  0.487880  0.822113  0.713425  0.770313  0.771736  0.737112  0.778836  0.766024  0.696933  0.911800  0.774808  0.906945  0.884034  0.693206  0.691669  0.690103  0.800674  0.605588  0.771491  0.786622  0.833107  0.887285  0.809609  0.916018  0.816755 0.0  0.800295  0.830321  0.768074  0.820382  0.859147  0.665600  0.554785  0.682893  0.514051  0.823048  0.617005  0.725995  0.765302  0.788433  0.385979  0.727576  0.780098  0.825346  0.829764  0.500901  0.827544  0.747100  0.885438  0.891190  0.732727 
36  0.755444  0.536490  0.860043  0.896511  0.904138  0.965685  0.886620  0.899948  0.858789  0.303571  0.789592  0.804513  0.844335  0.495245  0.774901  0.711155  0.844020  0.865596  0.866214  0.377008  0.899186  0.833415  0.768711  0.918062  0.769139  0.618122  0.842066  0.762547  0.779045  0.973657  0.771650  0.833623  0.781980  0.900669  0.796697  0.800295 0.0  0.703032  0.860419  0.853079  0.403937  0.331253  0.805060  0.814977  0.789973  0.844850  0.764779  0.893820  0.889031  0.254876  0.866978  0.523537  0.790218  0.812167  0.853879  0.670482  0.920329  0.880941  0.778479  0.905226  0.980959 
37  0.709163  0.769814  0.414904  0.333273  0.438961  0.378739  0.634312  0.811809  0.786347  0.830722  0.801110  0.800853  0.825094  0.705737  0.711142  0.376513  0.387716  0.713312  0.765509  0.880205  0.326737  0.333148  0.470699  0.378579  0.771883  0.742402  0.476838  0.742931  0.425262  0.371412  0.380520  0.698378  0.575180  0.431044  0.376871  0.830321  0.703032 0.0  0.560565  0.573773  0.888560  0.847700  0.822794  0.389275  0.786178  0.342614  0.903578  0.441718  0.473528  0.798281  0.768726  0.874671  0.892082  0.499836  0.410779  0.666403  0.310742  0.622216  0.859930  0.746404  0.529068 
38  0.775701  0.644542  0.559028  0.529624  0.728624  0.672897  0.851443  0.771098  0.847699  0.802347  0.739593  0.801910  0.838568  0.852421  0.784108  0.576339  0.563279  0.789803  0.733068  0.761619  0.570917  0.646644  0.435101  0.583575  0.873285  0.762969  0.591159  0.709811  0.577102  0.537929  0.581001  0.861150  0.511556  0.679350  0.530246  0.768074  0.860419  0.560565 0.0  0.470751  0.922989  0.773818  0.722091  0.634494  0.647130  0.654521  0.811284  0.759859  0.594652  0.859007  0.830927  0.738317  0.899655  0.335165  0.719336  0.674641  0.690230  0.556239  0.802443  0.795972  0.490078 
39  0.824238  0.773551  0.608744  0.644420  0.552796  0.678266  0.885403  0.698021  0.746993  0.790951  0.862216  0.783439  0.839942  0.860071  0.788365  0.578488  0.573276  0.852298  0.806162  0.869027  0.651327  0.717600  0.427831  0.579169  0.835223  0.716133  0.667321  0.758442  0.627028  0.593614  0.593646  0.923427  0.376364  0.680419  0.677087  0.820382  0.853079  0.573773  0.470751 0.0  0.681769  0.859676  0.724439  0.658321  0.922166  0.630872  0.802398  0.662154  0.626206  0.747044  0.820046  0.966274  0.871351  0.576996  0.645583  0.792369  0.767095  0.311070  0.862593  0.783536  0.599512 
40  0.726841  0.639055  0.680587  0.685137  0.779102  0.841645  0.807644  0.546874  0.713608  0.384736  0.759819  0.859634  0.769314  0.440653  0.853107  0.814605  0.814355  0.788545  0.734061  0.387015  0.885491  0.826582  0.789359  0.836497  0.698314  0.735296  0.869189  0.756601  0.909593  0.776268  0.727228  0.860837  0.710527  0.812225  0.736078  0.859147  0.403937  0.888560  0.922989  0.681769 0.0  0.526556  0.697098  0.871958  0.760674  0.737890  0.780170  0.891811  0.782897  0.348029  0.815245  0.437211  0.839375  0.754651  0.700559  0.628457  0.813109  0.591155  0.773267  0.792941  0.840659 
41  0.800811  0.597156  0.955985  0.839768  0.813508  0.770167  0.799971  0.781380  0.838295  0.476886  0.881169  0.821591  0.840819  0.105946  0.737437  0.781978  0.804195  0.796714  0.800853  0.400447  0.918632  0.735120  0.869145  0.784288  0.733743  0.806706  0.868002  0.808203  0.803153  0.815211  0.811606  0.795274  0.788486  0.838460  0.794035  0.665600  0.331253  0.847700  0.773818  0.859676  0.526556 0.0  0.741542  0.798178  0.828720  0.765184  0.816045  0.897335  0.905242  0.307342  0.853334  0.381127  0.854393  0.732314  0.924502  0.703689  0.834552  0.867527  0.779566  0.831184  0.834796 
42  0.820751  0.721592  0.782286  0.755995  0.790333  0.643341  0.735125  0.468326  0.769408  0.738642  0.497814  0.737400  0.749940  0.702357  0.710013  0.759511  0.718192  0.798028  0.723314  0.720132  0.686451  0.900007  0.756422  0.836054  0.778022  0.572495  0.704831  0.587454  0.699819  0.819696  0.732832  0.813297  0.751703  0.741897  0.685873  0.554785  0.805060  0.822794  0.722091  0.724439  0.697098  0.741542 0.0  0.797763  0.492682  0.759758  0.431309  0.730363  0.791874  0.732846  0.514201  0.719146  0.700478  0.755120  0.681411  0.251646  0.704548  0.879621  0.740250  0.781378  0.788617 
43  0.723830  0.554111  0.534524  0.495604  0.481773  0.351866  0.921580  0.761999  0.753527  0.849617  0.825321  0.844020  0.768438  0.829166  0.845936  0.516657  0.616688  0.821650  0.880233  0.942839  0.260173  0.304307  0.645521  0.563520  0.693132  0.686948  0.505469  0.762744  0.460530  0.418753  0.455242  0.820981  0.606566  0.481804  0.678997  0.682893  0.814977  0.389275  0.634494  0.658321  0.871958  0.798178  0.797763 0.0  0.876223  0.476954  0.747892  0.351903  0.430495  0.854106  0.834962  0.842595  0.713295  0.694238  0.336691  0.853729  0.455031  0.639778  0.737776  0.842086  0.651415 
44  0.771891  0.692988  0.875140  0.772129  0.795113  0.782878  0.830571  0.454957  0.761255  0.756295  0.574655  0.812874  0.785533  0.903724  0.757608  0.770158  0.760349  0.776455  0.840777  0.738616  0.768115  0.818273  0.696567  0.820780  0.847806  0.750101  0.881687  0.481651  0.831173  0.800295  0.843237  0.748827  0.723139  0.881436  0.738408  0.514051  0.789973  0.786178  0.647130  0.922166  0.760674  0.828720  0.492682  0.876223 0.0  0.759225  0.244238  0.762581  0.801955  0.889074  0.570083  0.891874  0.718957  0.580453  0.841040  0.478826  0.753907  0.890728  0.833705  0.869100  0.711994 
45  0.552094  0.556446  0.613474  0.450369  0.474095  0.510712  0.917418  0.871174  0.767334  0.893758  0.830230  0.859928  0.804809  0.861803  0.874509  0.399316  0.409654  0.812803  0.846093  0.752701  0.531660  0.613407  0.562134  0.525094  0.707796  0.709175  0.463661  0.872320  0.426916  0.281645  0.470530  0.894364  0.624343  0.473653  0.401005  0.823048  0.844850  0.342614  0.654521  0.630872  0.737890  0.765184  0.759758  0.476954  0.759225 0.0  0.841698  0.547160  0.385795  0.862706  0.792767  0.878031  0.917872  0.637984  0.506327  0.742443  0.331046  0.581670  0.817467  0.788823  0.618324 
46  0.737423  0.647810  0.791249  0.762870  0.753491  0.771112  0.767870  0.483894  0.784425  0.816088  0.520305  0.795442  0.886622  0.848978  0.878090  0.647146  0.708804  0.918232  0.767927  0.838701  0.753166  0.778499  0.672072  0.840884  0.741505  0.793506  0.746764  0.378081  0.722680  0.878806  0.803815  0.851172  0.810530  0.781811  0.743526  0.617005  0.764779  0.903578  0.811284  0.802398  0.780170  0.816045  0.431309  0.747892  0.244238  0.841698 0.0  0.811084  0.703974  0.827444  0.461061  0.879096  0.886034  0.718110  0.781036  0.528446  0.780602  0.748187  0.843827  0.830966  0.668319 
47  0.639789  0.636402  0.495088  0.548197  0.531130  0.439296  0.675693  0.763425  0.762941  0.791072  0.737419  0.755827  0.817186  0.890812  0.781179  0.412534  0.477688  0.774106  0.841311  0.857960  0.382942  0.320366  0.650676  0.371965  0.689581  0.691965  0.514832  0.744073  0.552455  0.408108  0.552869  0.893336  0.636422  0.423950  0.455508  0.725995  0.893820  0.441718  0.759859  0.662154  0.891811  0.897335  0.730363  0.351903  0.762581  0.547160  0.811084 0.0  0.426626  0.856817  0.824009  0.874873  0.803464  0.618266  0.288183  0.808255  0.499369  0.654251  0.876770  0.696363  0.680728 
48  0.784232  0.598155  0.460968  0.344548  0.480767  0.430409  0.831294  0.790274  0.896542  0.754479  0.841063  0.784501  0.913435  0.799094  0.882306  0.377916  0.487800  0.890968  0.763392  0.805754  0.401522  0.497874  0.552351  0.448494  0.717705  0.756895  0.408265  0.833469  0.498662  0.412363  0.388425  0.789384  0.545080  0.408690  0.407394  0.765302  0.889031  0.473528  0.594652  0.626206  0.782897  0.905242  0.791874  0.430495  0.801955  0.385795  0.703974  0.426626 0.0  0.819260  0.776987  0.779910  0.747005  0.528551  0.408855  0.678758  0.391479  0.579339  0.782239  0.797578  0.528055 
49  0.729346  0.600586  0.849768  0.814131  0.756227  0.913772  0.785332  0.913826  0.790010  0.335767  0.778609  0.810328  0.748890  0.408173  0.846737  0.799468  0.863834  0.783072  0.853131  0.447471  0.857110  0.846928  0.842925  0.855872  0.674416  0.729144  0.831912  0.804076  0.860638  0.740307  0.831557  0.842932  0.826627  0.698620  0.823480  0.788433  0.254876  0.798281  0.859007  0.747044  0.348029  0.307342  0.732846  0.854106  0.889074  0.862706  0.827444  0.856817  0.819260 0.0  0.843713  0.518346  0.785139  0.795996  0.906193  0.727573  0.888939  0.802568  0.787645  0.774344  0.798725 
50  0.769035  0.549626  0.824876  0.811304  0.756602  0.841519  0.860541  0.617130  0.804164  0.814070  0.436463  0.822069  0.606248  0.811903  0.786111  0.820474  0.838349  0.777991  0.775022  0.759724  0.767272  0.700589  0.831657  0.846732  0.624131  0.665212  0.743270  0.597042  0.776229  0.776426  0.850324  0.719919  0.817902  0.742508  0.760523  0.385979  0.866978  0.768726  0.830927  0.820046  0.815245  0.853334  0.514201  0.834962  0.570083  0.792767  0.461061  0.824009  0.776987  0.843713 0.0  0.845781  0.697011  0.754971  0.847248  0.441048  0.842359  0.734581  0.880283  0.758912  0.880167 
51  0.692447  0.683626  0.843777  0.858301  0.912727  0.810023  0.830947  0.745914  0.791028  0.493240  0.726413  0.864230  0.817279  0.459660  0.867555  0.792035  0.891943  0.772639  0.680264  0.520410  0.945493  0.824174  0.848144  0.840836  0.812474  0.775743  0.793527  0.882647  0.832706  0.708405  0.735333  0.918845  0.727371  0.883858  0.748603  0.727576  0.523537  0.874671  0.738317  0.966274  0.437211  0.381127  0.719146  0.842595  0.891874  0.878031  0.879096  0.874873  0.779910  0.518346  0.845781 0.0  0.770992  0.918937  0.900201  0.761364  0.763301  0.797604  0.824057  0.878371  0.874425 
52  0.679542  0.529070  0.818907  0.751054  0.931217  0.854497  0.903624  0.741358  0.672658  0.911313  0.793357  0.312829  0.548528  0.870426  0.833434  0.764829  0.831491  0.499459  0.805495  0.801175  0.697075  0.873368  0.787103  0.840818  0.625375  0.822959  0.873134  0.844230  0.889717  0.776383  0.747131  0.373120  0.939913  0.879259  0.816902  0.780098  0.790218  0.892082  0.899655  0.871351  0.839375  0.854393  0.700478  0.713295  0.718957  0.917872  0.886034  0.803464  0.747005  0.785139  0.697011  0.770992 0.0  0.883835  0.804258  0.664621  0.888928  0.947599  0.838522  0.794808  0.872521 
53  0.709923  0.585087  0.679327  0.639926  0.664335  0.587249  0.909343  0.748328  0.829111  0.747139  0.846706  0.844746  0.806723  0.704998  0.721433  0.640711  0.668784  0.772987  0.888054  0.917147  0.650629  0.684825  0.421202  0.668938  0.641309  0.720966  0.593813  0.819406  0.639500  0.625180  0.634472  0.854683  0.460002  0.659545  0.612905  0.825346  0.812167  0.499836  0.335165  0.576996  0.754651  0.732314  0.755120  0.694238  0.580453  0.637984  0.718110  0.618266  0.528551  0.795996  0.754971  0.918937  0.883835 0.0  0.632881  0.755426  0.712264  0.496900  0.806671  0.710536  0.395900 
54  0.552253  0.654338  0.480735  0.429201  0.497704  0.275342  0.854331  0.820537  0.753875  0.797856  0.800336  0.865590  0.884336  0.828609  0.837161  0.560486  0.508124  0.850861  0.743883  0.762753  0.331237  0.381625  0.691771  0.523115  0.728495  0.650398  0.532643  0.817755  0.520280  0.364569  0.448310  0.856344  0.591639  0.522328  0.513859  0.829764  0.853879  0.410779  0.719336  0.645583  0.700559  0.924502  0.681411  0.336691  0.841040  0.506327  0.781036  0.288183  0.408855  0.906193  0.847248  0.900201  0.804258  0.632881 0.0  0.848237  0.639308  0.687452  0.840664  0.836843  0.680539 
55  0.767639  0.692350  0.777590  0.788437  0.725604  0.791452  0.753386  0.509905  0.719142  0.833838  0.446672  0.651479  0.697451  0.780063  0.709071  0.810000  0.756337  0.697284  0.685187  0.604172  0.749814  0.714773  0.798464  0.746496  0.685453  0.749987  0.761568  0.420373  0.800227  0.702304  0.775676  0.728412  0.815063  0.713146  0.758240  0.500901  0.670482  0.666403  0.674641  0.792369  0.628457  0.703689  0.251646  0.853729  0.478826  0.742443  0.528446  0.808255  0.678758  0.727573  0.441048  0.761364  0.664621  0.755426  0.848237 0.0  0.750441  0.700381  0.812879  0.805841  0.761749 
56  0.798453  0.666355  0.451286  0.467202  0.580523  0.517736  0.755767  0.803583  0.729720  0.922785  0.847629  0.778677  0.802440  0.851666  0.769984  0.486151  0.256848  0.790468  0.799454  0.807039  0.635959  0.575884  0.582824  0.542536  0.597287  0.715425  0.464489  0.857330  0.470224  0.445836  0.430005  0.790056  0.594065  0.389113  0.455809  0.827544  0.920329  0.310742  0.690230  0.767095  0.813109  0.834552  0.704548  0.455031  0.753907  0.331046  0.780602  0.499369  0.391479  0.888939  0.842359  0.763301  0.888928  0.712264  0.639308  0.750441 0.0  0.750744  0.814842  0.844061  0.663610 
57  0.731873  0.665479  0.692804  0.634141  0.561769  0.620230  0.758859  0.707002  0.754895  0.906453  0.912061  0.853379  0.745805  0.833476  0.736056  0.677642  0.707836  0.830592  0.729000  0.798293  0.693023  0.696327  0.564114  0.755463  0.690452  0.752485  0.610445  0.697490  0.667563  0.448160  0.710132  0.832895  0.427782  0.726280  0.598789  0.747100  0.880941  0.622216  0.556239  0.311070  0.591155  0.867527  0.879621  0.639778  0.890728  0.581670  0.748187  0.654251  0.579339  0.802568  0.734581  0.797604  0.947599  0.496900  0.687452  0.700381  0.750744 0.0  0.773725  0.833371  0.480393 
58  0.797383  0.736658  0.903473  0.719508  0.764086  0.807967  0.347919  0.756152  0.362968  0.830818  0.800695  0.776835  0.805621  0.777345  0.408826  0.837694  0.879507  1.000000  0.377669  0.783749  0.840209  0.764266  0.709623  0.756591  0.825833  0.779898  0.871102  0.782777  0.783314  0.908858  0.915493  0.881863  0.814008  0.850823  0.845282  0.885438  0.778479  0.859930  0.802443  0.862593  0.773267  0.779566  0.740250  0.737776  0.833705  0.817467  0.843827  0.876770  0.782239  0.787645  0.880283  0.824057  0.838522  0.806671  0.840664  0.812879  0.814842  0.773725 0.0  0.295776  0.912236 
59  0.745532  0.581619  0.775396  0.777051  0.684444  0.881300  0.359290  0.790152  0.259364  0.812583  0.765467  0.836475  0.807817  0.843804  0.464749  0.713578  0.765878  0.876177  0.307672  0.763572  0.770945  0.908588  0.868959  0.887510  0.805618  0.727554  0.738624  0.883825  0.825796  0.659218  0.899481  0.775598  0.840900  0.846922  0.790233  0.891190  0.905226  0.746404  0.795972  0.783536  0.792941  0.831184  0.781378  0.842086  0.869100  0.788823  0.830966  0.696363  0.797578  0.774344  0.758912  0.878371  0.794808  0.710536  0.836843  0.805841  0.844061  0.833371  0.295776 0.0  0.852456 
60  0.645057  0.712636  0.557177  0.565798  0.506296  0.651257  0.801929  0.823548  0.772063  0.939066  0.831830  0.850607  0.831527  0.784587  0.767232  0.582600  0.618360  0.820005  0.861391  0.825265  0.601528  0.648785  0.457391  0.603143  0.831079  0.817987  0.717745  0.793415  0.588102  0.676923  0.565972  0.790556  0.579375  0.615900  0.719912  0.732727  0.980959  0.529068  0.490078  0.599512  0.840659  0.834796  0.788617  0.651415  0.711994  0.618324  0.668319  0.680728  0.528055  0.798725  0.880167  0.874425  0.872521  0.395900  0.680539  0.761749  0.663610  0.480393  0.912236  0.852456 0.0 
