61
0 0.0  0.664143  0.768468  0.804331  0.753022  0.830175  0.728379  0.742539  0.913525  0.670136  0.655861  0.731466  0.748395  0.799698  0.803866  0.774431  0.762774  0.796193  0.808584  0.735997  0.770722  0.751175  0.748485  0.741064  0.784967  0.682931  0.804479  0.775485  0.825974  0.800280  0.665744  0.789117  0.733570  0.725282  0.714402  0.822282  0.860394  0.745708  0.751995  0.795849  0.807804  0.670831  0.804150  0.719957  0.748607  0.881042  0.694521  0.809717  0.695363  0.750219  0.896494  0.759848  0.844230  0.662198  0.758048  0.742813  0.815739  0.865745  0.845604  0.704102  0.649274 
1  0.664143 0.0  0.728352  0.558278  0.671171  0.587731  0.549421  0.516639  0.598111  0.695454  0.646178  0.585309  0.600068  0.747716  0.623868  0.599351  0.469708  0.787407  0.636412  0.677175  0.664895  0.656150  0.628603  0.609217  0.784036  0.691457  0.662567  0.602891  0.640908  0.662988  0.628464  0.679058  0.641479  0.567174  0.710402  0.574412  0.624574  0.679798  0.622576  0.612459  0.626427  0.629556  0.588826  0.647259  0.727139  0.636223  0.688734  0.683686  0.630667  0.661087  0.506913  0.717797  0.568674  0.739400  0.716693  0.712861  0.569072  0.681723  0.697804  0.658865  0.675872 
2  0.768468  0.728352 0.0  0.353235  0.483730  0.502382  0.858516  0.754486  0.773533  0.809511  0.834293  0.838413  0.793899  0.756047  0.761711  0.437634  0.489799  0.753065  0.732296  0.863901  0.502025  0.531100  0.596210  0.450934  0.815845  0.746332  0.556875  0.856889  0.394062  0.465509  0.406735  0.846047  0.518920  0.388411  0.501098  0.812397  0.834379  0.349128  0.566985  0.716426  0.887650  0.801953  0.769048  0.504528  0.886075  0.576263  0.780855  0.456459  0.454142  0.954543  0.764487  0.954521  0.887973  0.561734  0.476437  0.810318  0.446446  0.558420  0.848718  0.819201  0.645460 
3  0.804331  0.558278  0.353235 0.0  0.356926  0.520552  0.812002  0.835082  0.755617  0.853759  0.879105  0.921266  0.761118  0.964629  0.736560  0.499151  0.517618  0.813859  0.790470  0.825383  0.479592  0.520107  0.576086  0.451659  0.792916  0.754010  0.538086  0.867096  0.390313  0.418879  0.483780  0.814849  0.600791  0.392638  0.424072  0.797009  0.728636  0.548670  0.640900  0.643038  0.812231  0.853713  0.697262  0.630112  0.777236  0.479925  0.750441  0.518398  0.324188  0.873542  0.858556  0.952846  0.846801  0.660236  0.646622  0.792037  0.535309  0.664430  0.880730  0.818066  0.558133 
4  0.753022  0.671171  0.483730  0.356926 0.0  0.554630  0.997517  0.826810  0.849856  0.887087  0.910662  0.846066  0.777899  0.813398  0.784796  0.502803  0.506688  0.819507  0.789210  0.840912  0.505865  0.553091  0.606340  0.617909  0.702847  0.713710  0.595437  0.754271  0.322945  0.487896  0.490220  0.785480  0.585208  0.438771  0.607976  0.839901  0.878997  0.347627  0.586525  0.595899  0.863392  0.783074  0.747846  0.514899  0.894814  0.496590  0.759804  0.500706  0.443826  0.938318  0.804307  0.889657  0.889077  0.571811  0.427987  0.826927  0.500546  0.616745  0.691305  0.770812  0.580019 
5  0.830175  0.587731  0.502382  0.520552  0.554630 0.0  0.797385  0.864302  0.721241  0.822958  0.847494  0.885737  0.909018  0.951925  0.757099  0.505126  0.561283  0.822142  0.756124  0.753458  0.301909  0.340071  0.609644  0.473394  0.778159  0.763418  0.563029  0.762179  0.418657  0.409783  0.494563  0.866065  0.648556  0.494302  0.471461  0.796086  0.786974  0.464177  0.656270  0.599720  0.853236  0.885484  0.806092  0.364775  0.840741  0.479441  0.852062  0.227535  0.362083  0.716719  0.848748  0.850329  0.808599  0.691299  0.431764  0.764230  0.512376  0.544225  0.821206  0.801009  0.703890 
6  0.728379  0.549421  0.858516  0.812002  0.997517  0.797385 0.0  0.711656  0.357805  0.869034  0.799451  0.864791  0.956466  0.781772  0.487766  0.793109  0.854786  0.835798  0.453690  0.835162  0.775437  0.821410  0.896790  0.741532  0.774798  0.661147  0.775695  0.775367  0.831199  0.841201  0.747077  0.920221  0.812162  0.852982  0.771246  0.857568  0.877355  0.796935  0.775491  0.744536  0.710096  0.906124  0.768225  0.911698  0.753048  0.827488  0.826521  0.814970  0.710473  0.740803  0.847989  0.792322  0.902922  0.744702  0.793794  0.657234  0.855909  0.826958  0.333647  0.248079  0.716234 
7  0.742539  0.516639  0.754486  0.835082  0.826810  0.864302  0.711656 0.0  0.921482  0.885729  0.597472  0.853143  0.771827  0.853329  0.843535  0.831980  0.767426  0.906284  0.861078  0.748505  0.732181  0.755261  0.785519  0.918581  0.677474  0.783965  0.817511  0.306596  0.808302  0.810205  0.842073  0.821429  0.776210  0.711017  0.785324  0.650291  0.871075  0.772952  0.760044  0.701818  0.776795  0.770318  0.546380  0.868790  0.520251  0.870638  0.434669  0.816247  0.774299  0.783058  0.667406  0.911813  0.802372  0.823469  0.819707  0.475396  0.760658  0.747311  0.877183  0.765797  0.862356 
8  0.913525  0.598111  0.773533  0.755617  0.849856  0.721241  0.357805  0.921482 0.0  0.816072  0.722029  0.905140  0.877757  0.892980  0.391608  0.783241  0.768260  0.786966  0.459838  0.771797  0.893419  0.820604  0.807734  0.872439  0.683008  0.829845  0.966565  0.839352  0.827507  0.767913  0.822515  0.845949  0.891144  0.853259  0.890687  0.798634  0.922585  0.860208  0.865240  0.735323  0.797894  0.828527  0.760319  0.897205  0.797343  0.880612  0.856861  0.842337  0.838681  0.775390  0.777684  0.703110  0.840362  0.848139  0.787626  0.720291  0.782519  0.778889  0.250816  0.259527  0.836283 
9  0.670136  0.695454  0.809511  0.853759  0.887087  0.822958  0.869034  0.885729  0.816072 0.0  0.867185  0.806333  0.803800  0.411560  0.826711  0.889375  0.875635  0.781651  0.792765  0.377092  0.892060  0.926276  0.842598  0.907047  0.809804  0.722899  0.807816  0.740689  0.905505  0.795554  0.858721  0.884425  0.879195  0.866184  0.767235  0.788219  0.370583  0.757056  0.907561  0.844581  0.328925  0.331270  0.763582  0.808050  0.735580  0.837773  0.897447  0.828334  0.824781  0.275395  0.898027  0.551782  0.879339  0.826687  0.770314  0.832142  0.788227  0.855987  0.754604  0.913143  0.855988 
10  0.655861  0.646178  0.834293  0.879105  0.910662  0.847494  0.799451  0.597472  0.722029  0.867185 0.0  0.858909  0.682626  0.866067  0.785289  0.842531  0.863256  0.876599  0.886225  0.802766  0.862868  0.880755  0.850167  0.674566  0.675913  0.836097  0.709354  0.521987  0.836206  0.913528  0.793826  0.746888  0.827499  0.857344  0.769271  0.416250  0.730482  0.810247  0.879663  0.745689  0.794037  0.828904  0.483260  0.904788  0.625757  0.771851  0.640613  0.783819  0.865559  0.804663  0.467667  0.916901  0.843111  0.717639  0.909966  0.488592  0.907567  0.949997  0.809332  0.743580  0.820078 
11  0.731466  0.585309  0.838413  0.921266  0.846066  0.885737  0.864791  0.853143  0.905140  0.806333  0.858909 0.0  0.605773  0.779635  0.797310  0.822540  0.916433  0.569136  0.732092  0.893532  0.827778  0.878578  0.948219  0.790125  0.844801  0.751417  0.911282  0.830028  0.812067  0.827211  0.880648  0.380295  0.969379  0.870332  0.858703  0.909679  0.933951  0.895625  0.943269  0.946278  0.747940  0.897137  0.795008  0.845399  0.803887  0.775118  0.839259  0.822443  0.820238  0.765787  0.786417  0.820822  0.290518  0.909630  0.764847  0.752171  0.768081  0.791209  0.740299  0.852608  0.798409 
12  0.748395  0.600068  0.793899  0.761118  0.777899  0.909018  0.956466  0.771827  0.877757  0.803800  0.682626  0.605773 0.0  0.856880  0.837464  0.873204  0.884509  0.594011  0.902846  0.835787  0.834081  0.700652  0.760270  0.799699  0.721073  0.767374  0.897947  0.817346  0.868788  0.756647  0.893361  0.480041  0.823924  0.831599  0.750924  0.743679  0.793717  0.768527  0.838748  0.744383  0.853387  0.754377  0.712121  0.793517  0.818533  0.882994  0.831666  0.837048  0.821848  0.787656  0.682857  0.792954  0.648751  0.723376  0.867635  0.740640  0.847198  0.806256  0.831105  0.679335  0.935147 
13  0.799698  0.747716  0.756047  0.964629  0.813398  0.951925  0.781772  0.853329  0.892980  0.411560  0.866067  0.779635  0.856880 0.0  0.923523  0.781718  0.907959  0.767363  0.778293  0.302694  0.850587  0.871065  0.786437  0.928956  0.712777  0.895269  0.826622  0.728923  0.758346  0.771656  0.831774  0.753188  0.775868  0.875808  0.774595  0.898490  0.399466  0.875024  0.875992  0.921609  0.370045  0.339192  0.771962  0.826477  0.841705  0.833003  0.783938  0.926684  0.852945  0.441363  0.787062  0.536694  0.871946  0.865766  0.917089  0.758836  0.966859  0.861025  0.750649  0.816689  0.886848 
14  0.803866  0.623868  0.761711  0.736560  0.784796  0.757099  0.487766  0.843535  0.391608  0.826711  0.785289  0.797310  0.837464  0.923523 0.0  0.887614  0.820579  0.818309  0.284293  0.790541  0.743257  0.826932  0.820222  0.804186  0.844812  0.851535  0.728746  0.867708  0.765580  0.803708  0.845743  0.848071  0.819513  0.797725  0.810735  0.790525  0.730604  0.840400  0.868307  0.811627  0.862599  0.777909  0.836068  0.725837  0.802485  0.869054  0.799051  0.854124  0.717485  0.802132  0.852804  0.688206  0.875316  0.808628  0.818814  0.771160  0.877378  0.848020  0.302281  0.460497  0.819051 
15  0.774431  0.599351  0.437634  0.499151  0.502803  0.505126  0.793109  0.831980  0.783241  0.889375  0.842531  0.822540  0.873204  0.781718  0.887614 0.0  0.408747  0.871891  0.897918  0.862007  0.597348  0.485606  0.670557  0.543137  0.745438  0.806421  0.339355  0.874031  0.455508  0.403655  0.554130  0.788282  0.670103  0.431091  0.310209  0.852293  0.805495  0.568741  0.595907  0.632372  0.731240  0.921057  0.756140  0.598061  0.809598  0.399547  0.845402  0.441507  0.382201  0.858221  0.786792  0.833277  0.866681  0.573633  0.624310  0.684407  0.480121  0.559460  0.781494  0.766002  0.635069 
16  0.762774  0.469708  0.489799  0.517618  0.506688  0.561283  0.854786  0.767426  0.768260  0.875635  0.863256  0.916433  0.884509  0.907959  0.820579  0.408747 0.0  0.794454  0.757017  0.816884  0.602839  0.508928  0.677066  0.509648  0.748507  0.825737  0.608070  0.854449  0.446165  0.460812  0.505355  0.873566  0.735715  0.466541  0.339857  0.855551  0.938970  0.412819  0.713652  0.623912  0.765314  0.725732  0.777024  0.630103  0.826262  0.408732  0.788556  0.594498  0.417424  0.979145  0.777276  0.862368  0.833995  0.680887  0.478713  0.786823  0.371902  0.669402  0.789812  0.739544  0.635597 
17  0.796193  0.787407  0.753065  0.813859  0.819507  0.822142  0.835798  0.906284  0.786966  0.781651  0.876599  0.569136  0.594011  0.767363  0.818309  0.871891  0.794454 0.0  0.740184  0.874246  0.841400  0.847405  0.853011  0.738183  0.764486  0.893809  0.739648  0.861871  0.809909  0.788383  0.883120  0.373408  0.921523  0.750937  0.798037  0.792567  0.843069  0.745126  0.858659  0.817443  0.739062  0.852340  0.812817  0.915803  0.822596  0.927088  0.833020  0.798639  0.776498  0.852246  0.753889  0.767417  0.299959  0.715613  0.732598  0.775017  0.876254  0.669007  0.863657  0.907109  0.838894 
18  0.808584  0.636412  0.732296  0.790470  0.789210  0.756124  0.453690  0.861078  0.459838  0.792765  0.886225  0.732092  0.902846  0.778293  0.284293  0.897918  0.757017  0.740184 0.0  0.842835  0.864107  0.810212  0.785152  0.766741  0.831599  0.677054  0.777638  0.860094  0.928267  0.835892  0.827962  0.753040  0.834772  0.788130  0.712845  0.770776  0.760750  0.808719  0.890408  0.836459  0.769952  0.816995  0.799165  0.718837  0.845951  0.866782  0.732973  0.877734  0.790639  0.769234  0.845542  0.769868  0.904293  0.797550  0.780515  0.860083  0.837705  0.807291  0.418784  0.395250  0.881985 
19  0.735997  0.677175  0.863901  0.825383  0.840912  0.753458  0.835162  0.748505  0.771797  0.377092  0.802766  0.893532  0.835787  0.302694  0.790541  0.862007  0.816884  0.874246  0.842835 0.0  0.847970  0.771247  0.770868  0.784069  0.682996  0.818752  0.694192  0.830771  0.944442  0.742062  0.910664  0.962605  0.775961  0.828037  0.826540  0.833752  0.378468  0.893494  0.837721  0.877012  0.352249  0.342793  0.751806  0.823365  0.819344  0.803130  0.739932  0.791821  0.841680  0.437798  0.919997  0.468476  0.963322  0.823283  0.835556  0.791808  0.792015  0.853207  0.846654  0.815260  0.813178 
20  0.770722  0.664895  0.502025  0.479592  0.505865  0.301909  0.775437  0.732181  0.893419  0.892060  0.862868  0.827778  0.834081  0.850587  0.743257  0.597348  0.602839  0.841400  0.864107  0.847970 0.0  0.460245  0.600469  0.545972  0.700551  0.710245  0.518237  0.729959  0.467414  0.332469  0.466741  0.802610  0.597512  0.524133  0.595491  0.873352  0.889181  0.417948  0.698282  0.641139  0.886623  0.847745  0.836483  0.407644  0.764691  0.516333  0.914561  0.487956  0.514611  0.881044  0.684467  0.894973  0.691586  0.619572  0.339098  0.787615  0.571418  0.584012  0.832865  0.765290  0.684201 
21  0.751175  0.656150  0.531100  0.520107  0.553091  0.340071  0.821410  0.755261  0.820604  0.926276  0.880755  0.878578  0.700652  0.871065  0.826932  0.485606  0.508928  0.847405  0.810212  0.771247  0.460245 0.0  0.601108  0.589010  0.791469  0.796509  0.434921  0.817369  0.443564  0.516635  0.511529  0.895556  0.653193  0.443323  0.548703  0.743653  0.842311  0.453071  0.691721  0.674709  0.820453  0.917156  0.859332  0.400413  0.881486  0.523341  0.840437  0.333892  0.514664  0.852470  0.806535  0.845012  0.818366  0.717707  0.272666  0.882491  0.527880  0.566511  0.742202  0.866275  0.666699 
22  0.748485  0.628603  0.596210  0.576086  0.606340  0.609644  0.896790  0.785519  0.807734  0.842598  0.850167  0.948219  0.760270  0.786437  0.820222  0.670557  0.677066  0.853011  0.785152  0.770868  0.600469  0.601108 0.0  0.763984  0.919524  0.847641  0.703956  0.811504  0.584357  0.740283  0.674634  0.812317  0.572452  0.633596  0.616019  0.782181  0.833471  0.690785  0.362725  0.593265  0.815896  0.759100  0.742276  0.716227  0.671844  0.753598  0.662769  0.737813  0.648888  0.843978  0.788612  0.887135  0.854205  0.439021  0.721689  0.866734  0.705352  0.602383  0.852594  0.829407  0.505552 
23  0.741064  0.609217  0.450934  0.451659  0.617909  0.473394  0.741532  0.918581  0.872439  0.907047  0.674566  0.790125  0.799699  0.928956  0.804186  0.543137  0.509648  0.738183  0.766741  0.784069  0.545972  0.589010  0.763984 0.0  0.736955  0.887007  0.342446  0.716706  0.571429  0.446413  0.543394  0.830051  0.505601  0.368852  0.477350  0.826629  0.809794  0.401716  0.691713  0.653334  0.798647  0.843625  0.717685  0.575830  0.833646  0.534045  0.813811  0.513335  0.336565  0.826241  0.776044  0.722286  0.815645  0.615574  0.518968  0.845681  0.480289  0.589293  0.857268  0.827345  0.648429 
24  0.784967  0.784036  0.815845  0.792916  0.702847  0.778159  0.774798  0.677474  0.683008  0.809804  0.675913  0.844801  0.721073  0.712777  0.844812  0.745438  0.748507  0.764486  0.831599  0.682996  0.700551  0.791469  0.919524  0.736955 0.0  0.294010  0.759408  0.873847  0.689297  0.696711  0.710473  0.849113  0.855071  0.651561  0.849482  0.777004  0.809390  0.668990  0.793094  0.711114  0.840611  0.665432  0.700790  0.802154  0.819003  0.857828  0.691615  0.748084  0.719652  0.825585  0.767508  0.791552  0.745351  0.687480  0.705982  0.649305  0.875413  0.609121  0.873863  0.794345  0.804380 
25  0.682931  0.691457  0.746332  0.754010  0.713710  0.763418  0.661147  0.783965  0.829845  0.722899  0.836097  0.751417  0.767374  0.895269  0.851535  0.806421  0.825737  0.893809  0.677054  0.818752  0.710245  0.796509  0.847641  0.887007  0.294010 0.0  0.757340  0.760254  0.828269  0.788037  0.743976  0.798666  0.758248  0.761395  0.826283  0.777291  0.786034  0.848427  0.799600  0.853378  0.789067  0.688247  0.892340  0.821783  0.902525  0.752749  0.851280  0.782419  0.732349  0.679915  0.720299  0.754436  0.752863  0.786449  0.748928  0.849981  0.748800  0.732386  0.820234  0.784693  0.687946 
26  0.804479  0.662567  0.556875  0.538086  0.595437  0.563029  0.775695  0.817511  0.966565  0.807816  0.709354  0.911282  0.897947  0.826622  0.728746  0.339355  0.608070  0.739648  0.777638  0.694192  0.518237  0.434921  0.703956  0.342446  0.759408  0.757340 0.0  0.778409  0.496604  0.440466  0.534077  0.854065  0.545426  0.555756  0.341470  0.884068  0.940032  0.377775  0.604538  0.720953  0.751187  0.857894  0.743751  0.528849  0.719354  0.333155  0.823043  0.460787  0.517739  0.794113  0.762892  0.762076  0.738878  0.613677  0.548009  0.772385  0.396256  0.632113  0.792497  0.738166  0.667032 
27  0.775485  0.602891  0.856889  0.867096  0.754271  0.762179  0.775367  0.306596  0.839352  0.740689  0.521987  0.830028  0.817346  0.728923  0.867708  0.874031  0.854449  0.861871  0.860094  0.830771  0.729959  0.817369  0.811504  0.716706  0.873847  0.760254  0.778409 0.0  0.851784  0.813681  0.745326  0.929260  0.775776  0.842806  0.930148  0.696789  0.816698  0.714936  0.848429  0.657795  0.721145  0.757617  0.530727  0.773752  0.430433  0.808016  0.436442  0.795642  0.815248  0.786809  0.491065  0.747211  0.865508  0.854837  0.836458  0.434244  0.898031  0.756581  0.817163  0.713361  0.817944 
28  0.825974  0.640908  0.394062  0.390313  0.322945  0.418657  0.831199  0.808302  0.827507  0.905505  0.836206  0.812067  0.868788  0.758346  0.765580  0.455508  0.446165  0.809909  0.928267  0.944442  0.467414  0.443564  0.584357  0.571429  0.689297  0.828269  0.496604  0.851784 0.0  0.356799  0.446341  0.822182  0.632223  0.373175  0.510753  0.816021  0.847078  0.470905  0.626082  0.593560  0.759908  0.844786  0.739102  0.400229  0.797818  0.526376  0.883870  0.612169  0.451266  0.894595  0.842901  0.782988  0.878446  0.669763  0.499511  0.805333  0.409722  0.629226  0.791810  0.874811  0.629676 
29  0.800280  0.662988  0.465509  0.418879  0.487896  0.409783  0.841201  0.810205  0.767913  0.795554  0.913528  0.827211  0.756647  0.771656  0.803708  0.403655  0.460812  0.788383  0.835892  0.742062  0.332469  0.516635  0.740283  0.446413  0.696711  0.788037  0.440466  0.813681  0.356799 0.0  0.451072  0.838410  0.596130  0.469267  0.519782  0.849632  0.858981  0.373128  0.624409  0.527617  0.834838  0.770980  0.781581  0.320483  0.876448  0.403554  0.839031  0.492882  0.424033  0.730514  0.854851  0.823429  0.796139  0.557125  0.397644  0.726169  0.538900  0.664485  0.891519  0.843718  0.562657 
30  0.665744  0.628464  0.406735  0.483780  0.490220  0.494563  0.747077  0.842073  0.822515  0.858721  0.793826  0.880648  0.893361  0.831774  0.845743  0.554130  0.505355  0.883120  0.827962  0.910664  0.466741  0.511529  0.674634  0.543394  0.710473  0.743976  0.534077  0.745326  0.446341  0.451072 0.0  0.830701  0.663602  0.518361  0.521037  0.738823  0.811612  0.377122  0.572584  0.596215  0.886083  0.813462  0.754066  0.443801  0.715122  0.501296  0.729783  0.503487  0.463617  0.824663  0.881109  0.908598  0.781627  0.693385  0.518329  0.731357  0.576513  0.604862  0.927897  0.974090  0.559123 
31  0.789117  0.679058  0.846047  0.814849  0.785480  0.866065  0.920221  0.821429  0.845949  0.884425  0.746888  0.380295  0.480041  0.753188  0.848071  0.788282  0.873566  0.373408  0.753040  0.962605  0.802610  0.895556  0.812317  0.830051  0.849113  0.798666  0.854065  0.929260  0.822182  0.838410  0.830701 0.0  0.814901  0.839785  0.771439  0.891961  0.850512  0.871493  0.912823  0.895036  0.672740  0.794915  0.810930  0.888884  0.756492  0.858361  0.863730  0.872866  0.813666  0.858357  0.850697  0.824879  0.383606  0.854263  0.838197  0.812293  0.800732  0.919181  0.787374  0.851417  0.772726 
32  0.733570  0.641479  0.518920  0.600791  0.585208  0.648556  0.812162  0.776210  0.891144  0.879195  0.827499  0.969379  0.823924  0.775868  0.819513  0.670103  0.735715  0.921523  0.834772  0.775961  0.597512  0.653193  0.572452  0.505601  0.855071  0.758248  0.545426  0.775776  0.632223  0.596130  0.663602  0.814901 0.0  0.645612  0.571726  0.753044  0.703617  0.498815  0.551221  0.365239  0.626782  0.858899  0.820477  0.614600  0.733427  0.606243  0.813003  0.591067  0.570522  0.887024  0.841264  0.816434  0.908647  0.492853  0.659269  0.752487  0.632362  0.341464  0.787258  0.800488  0.467874 
33  0.725282  0.567174  0.388411  0.392638  0.438771  0.494302  0.852982  0.711017  0.853259  0.866184  0.857344  0.870332  0.831599  0.875808  0.797725  0.431091  0.466541  0.750937  0.788130  0.828037  0.524133  0.443323  0.633596  0.368852  0.651561  0.761395  0.555756  0.842806  0.373175  0.469267  0.518361  0.839785  0.645612 0.0  0.450748  0.889178  0.824945  0.440515  0.681409  0.554798  0.769958  0.942883  0.755680  0.498603  0.821300  0.506583  0.945489  0.538179  0.389205  0.856455  0.870343  0.838618  0.901229  0.579054  0.460937  0.688903  0.473412  0.599907  0.858496  0.816813  0.677929 
34  0.714402  0.710402  0.501098  0.424072  0.607976  0.471461  0.771246  0.785324  0.890687  0.767235  0.769271  0.858703  0.750924  0.774595  0.810735  0.310209  0.339857  0.798037  0.712845  0.826540  0.595491  0.548703  0.616019  0.477350  0.849482  0.826283  0.341470  0.930148  0.510753  0.519782  0.521037  0.771439  0.571726  0.450748 0.0  0.931738  0.901073  0.391385  0.594233  0.593528  0.863323  0.973309  0.804475  0.552230  0.822926  0.429792  0.909001  0.492488  0.445799  0.884975  0.803226  0.884460  0.780614  0.619480  0.445960  0.778858  0.395246  0.555117  0.832425  0.779304  0.566561 
35  0.822282  0.574412  0.812397  0.797009  0.839901  0.796086  0.857568  0.650291  0.798634  0.788219  0.416250  0.909679  0.743679  0.898490  0.790525  0.852293  0.855551  0.792567  0.770776  0.833752  0.873352  0.743653  0.782181  0.826629  0.777004  0.777291  0.884068  0.696789  0.816021  0.849632  0.738823  0.891961  0.753044  0.889178  0.931738 0.0  0.789508  0.850927  0.649055  0.899849  0.871859  0.851059  0.526876  0.938915  0.567255  0.841736  0.686084  0.844432  0.771784  0.822653  0.408352  0.772330  0.794979  0.847250  0.835292  0.557751  0.741920  0.698161  0.869841  0.769526  0.794869 
36  0.860394  0.624574  0.834379  0.728636  0.878997  0.786974  0.877355  0.871075  0.922585  0.370583  0.730482  0.933951  0.793717  0.399466  0.730604  0.805495  0.938970  0.843069  0.760750  0.378468  0.889181  0.842311  0.833471  0.809794  0.809390  0.786034  0.940032  0.816698  0.847078  0.858981  0.811612  0.850512  0.703617  0.824945  0.901073  0.789508 0.0  0.812164  0.882306  0.854259  0.500039  0.380285  0.773897  0.757776  0.761319  0.862789  0.949197  0.876765  0.881881  0.366604  0.857505  0.454716  0.897059  0.911464  0.773355  0.655704  0.834814  0.943222  0.805773  0.832226  0.800248 
37  0.745708  0.679798  0.349128  0.548670  0.347627  0.464177  0.796935  0.772952  0.860208  0.757056  0.810247  0.895625  0.768527  0.875024  0.840400  0.568741  0.412819  0.745126  0.808719  0.893494  0.417948  0.453071  0.690785  0.401716  0.668990  0.848427  0.377775  0.714936  0.470905  0.373128  0.377122  0.871493  0.498815  0.440515  0.391385  0.850927  0.812164 0.0  0.647106  0.584896  0.781831  0.797926  0.803374  0.427790  0.861526  0.476191  0.763353  0.511386  0.440616  0.803976  0.833832  0.756800  0.805040  0.585635  0.404263  0.712874  0.434497  0.580494  0.710617  0.814507  0.620680 
38  0.751995  0.622576  0.566985  0.640900  0.586525  0.656270  0.775491  0.760044  0.865240  0.907561  0.879663  0.943269  0.838748  0.875992  0.868307  0.595907  0.713652  0.858659  0.890408  0.837721  0.698282  0.691721  0.362725  0.691713  0.793094  0.799600  0.604538  0.848429  0.626082  0.624409  0.572584  0.912823  0.551221  0.681409  0.594233  0.649055  0.882306  0.647106 0.0  0.435622  0.685755  0.927316  0.771821  0.709117  0.688819  0.753678  0.717689  0.726954  0.554913  0.883158  0.847065  0.716448  0.836740  0.332011  0.601046  0.668504  0.576008  0.494716  0.790843  0.803760  0.453809 
39  0.795849  0.612459  0.716426  0.643038  0.595899  0.599720  0.744536  0.701818  0.735323  0.844581  0.745689  0.946278  0.744383  0.921609  0.811627  0.632372  0.623912  0.817443  0.836459  0.877012  0.641139  0.674709  0.593265  0.653334  0.711114  0.853378  0.720953  0.657795  0.593560  0.527617  0.596215  0.895036  0.365239  0.554798  0.593528  0.899849  0.854259  0.584896  0.435622 0.0  0.699074  0.910961  0.752304  0.607136  0.760097  0.623806  0.738165  0.650531  0.647009  0.828860  0.806886  0.754284  0.821538  0.566647  0.584350  0.819437  0.659743  0.265794  0.722958  0.767220  0.443863 
40  0.807804  0.626427  0.887650  0.812231  0.863392  0.853236  0.710096  0.776795  0.797894  0.328925  0.794037  0.747940  0.853387  0.370045  0.862599  0.731240  0.765314  0.739062  0.769952  0.352249  0.886623  0.820453  0.815896  0.798647  0.840611  0.789067  0.751187  0.721145  0.759908  0.834838  0.886083  0.672740  0.626782  0.769958  0.863323  0.871859  0.500039  0.781831  0.685755  0.699074 0.0  0.485196  0.686880  0.897376  0.763527  0.904520  0.702809  0.939159  0.786179  0.440593  0.721212  0.472280  0.854011  0.813745  0.788523  0.680271  0.855874  0.651696  0.800499  0.721440  0.724764 
41  0.670831  0.629556  0.801953  0.853713  0.783074  0.885484  0.906124  0.770318  0.828527  0.331270  0.828904  0.897137  0.754377  0.339192  0.777909  0.921057  0.725732  0.852340  0.816995  0.342793  0.847745  0.917156  0.759100  0.843625  0.665432  0.688247  0.857894  0.757617  0.844786  0.770980  0.813462  0.794915  0.858899  0.942883  0.973309  0.851059  0.380285  0.797926  0.927316  0.910961  0.485196 0.0  0.711137  0.887551  0.840243  0.824218  0.791227  0.823598  0.893381  0.363715  0.873231  0.515207  0.847094  1.000000  0.833369  0.697683  0.820299  0.817591  0.825421  0.886030  0.769936 
42  0.804150  0.588826  0.769048  0.697262  0.747846  0.806092  0.768225  0.546380  0.760319  0.763582  0.483260  0.795008  0.712121  0.771962  0.836068  0.756140  0.777024  0.812817  0.799165  0.751806  0.836483  0.859332  0.742276  0.717685  0.700790  0.892340  0.743751  0.530727  0.739102  0.781581  0.754066  0.810930  0.820477  0.755680  0.804475  0.526876  0.773897  0.803374  0.771821  0.752304  0.686880  0.711137 0.0  0.802478  0.509755  0.726178  0.487383  0.840411  0.661702  0.709217  0.456633  0.779244  0.839019  0.754419  0.745639  0.313269  0.780464  0.825685  0.792878  0.726815  0.820814 
43  0.719957  0.647259  0.504528  0.630112  0.514899  0.364775  0.911698  0.868790  0.897205  0.808050  0.904788  0.845399  0.793517  0.826477  0.725837  0.598061  0.630103  0.915803  0.718837  0.823365  0.407644  0.400413  0.716227  0.575830  0.802154  0.821783  0.528849  0.773752  0.400229  0.320483  0.443801  0.888884  0.614600  0.498603  0.552230  0.938915  0.757776  0.427790  0.709117  0.607136  0.897376  0.887551  0.802478 0.0  0.883991  0.583196  0.884871  0.320970  0.497679  0.771285  0.702187  0.806076  0.850865  0.709689  0.392525  0.738250  0.594664  0.631039  0.769622  0.822041  0.757635 
44  0.748607  0.727139  0.886075  0.777236  0.894814  0.840741  0.753048  0.520251  0.797343  0.735580  0.625757  0.803887  0.818533  0.841705  0.802485  0.809598  0.826262  0.822596  0.845951  0.819344  0.764691  0.881486  0.671844  0.833646  0.819003  0.902525  0.719354  0.430433  0.797818  0.876448  0.715122  0.756492  0.733427  0.821300  0.822926  0.567255  0.761319  0.861526  0.688819  0.760097  0.763527  0.840243  0.509755  0.883991 0.0  0.776505  0.280764  0.885661  0.784482  0.915511  0.617525  0.882611  0.895209  0.695098  0.921419  0.424161  0.774913  0.909029  0.819533  0.742764  0.680741 
45  0.881042  0.636223  0.576263  0.479925  0.496590  0.479441  0.827488  0.870638  0.880612  0.837773  0.771851  0.775118  0.882994  0.833003  0.869054  0.399547  0.408732  0.927088  0.866782  0.803130  0.516333  0.523341  0.753598  0.534045  0.857828  0.752749  0.333155  0.808016  0.526376  0.403554  0.501296  0.858361  0.606243  0.506583  0.429792  0.841736  0.862789  0.476191  0.753678  0.623806  0.904520  0.824218  0.726178  0.583196  0.776505 0.0  0.808698  0.597356  0.439609  0.921953  0.705143  0.892631  0.873243  0.596078  0.551423  0.788610  0.357100  0.625278  0.830079  0.900958  0.700176 
46  0.694521  0.688734  0.780855  0.750441  0.759804  0.852062  0.826521  0.434669  0.856861  0.897447  0.640613  0.839259  0.831666  0.783938  0.799051  0.845402  0.788556  0.833020  0.732973  0.739932  0.914561  0.840437  0.662769  0.813811  0.691615  0.851280  0.823043  0.436442  0.883870  0.839031  0.729783  0.863730  0.813003  0.945489  0.909001  0.686084  0.949197  0.763353  0.717689  0.738165  0.702809  0.791227  0.487383  0.884871  0.280764  0.808698 0.0  0.817182  0.881280  0.913780  0.558806  0.901887  0.709637  0.789221  0.794654  0.482120  0.874550  0.774520  0.866999  0.737433  0.632200 
47  0.809717  0.683686  0.456459  0.518398  0.500706  0.227535  0.814970  0.816247  0.842337  0.828334  0.783819  0.822443  0.837048  0.926684  0.854124  0.441507  0.594498  0.798639  0.877734  0.791821  0.487956  0.333892  0.737813  0.513335  0.748084  0.782419  0.460787  0.795642  0.612169  0.492882  0.503487  0.872866  0.591067  0.538179  0.492488  0.844432  0.876765  0.511386  0.726954  0.650531  0.939159  0.823598  0.840411  0.320970  0.885661  0.597356  0.817182 0.0  0.525882  0.900435  0.831550  0.900579  0.845458  0.588449  0.328084  0.832432  0.431360  0.772637  0.792259  0.739875  0.651207 
48  0.695363  0.630667  0.454142  0.324188  0.443826  0.362083  0.710473  0.774299  0.838681  0.824781  0.865559  0.820238  0.821848  0.852945  0.717485  0.382201  0.417424  0.776498  0.790639  0.841680  0.514611  0.514664  0.648888  0.336565  0.719652  0.732349  0.517739  0.815248  0.451266  0.424033  0.463617  0.813666  0.570522  0.389205  0.445799  0.771784  0.881881  0.440616  0.554913  0.647009  0.786179  0.893381  0.661702  0.497679  0.784482  0.439609  0.881280  0.525882 0.0  0.876449  0.726650  0.762829  0.801651  0.658738  0.376277  0.759536  0.438805  0.680341  0.801402  0.843663  0.699714 
49  0.750219  0.661087  0.954543  0.873542  0.938318  0.716719  0.740803  0.783058  0.775390  0.275395  0.804663  0.765787  0.787656  0.441363  0.802132  0.858221  0.979145  0.852246  0.769234  0.437798  0.881044  0.852470  0.843978  0.826241  0.825585  0.679915  0.794113  0.786809  0.894595  0.730514  0.824663  0.858357  0.887024  0.856455  0.884975  0.822653  0.366604  0.803976  0.883158  0.828860  0.440593  0.363715  0.709217  0.771285  0.915511  0.921953  0.913780  0.900435  0.876449 0.0  0.742972  0.470109  0.881108  0.807298  0.859470  0.758447  0.823481  0.889773  0.759665  0.877126  0.913099 
50  0.896494  0.506913  0.764487  0.858556  0.804307  0.848748  0.847989  0.667406  0.777684  0.898027  0.467667  0.786417  0.682857  0.787062  0.852804  0.786792  0.777276  0.753889  0.845542  0.919997  0.684467  0.806535  0.788612  0.776044  0.767508  0.720299  0.762892  0.491065  0.842901  0.854851  0.881109  0.850697  0.841264  0.870343  0.803226  0.408352  0.857505  0.833832  0.847065  0.806886  0.721212  0.873231  0.456633  0.702187  0.617525  0.705143  0.558806  0.831550  0.726650  0.742972 0.0  0.797872  0.842936  0.772198  0.807875  0.416535  0.839035  0.823539  0.927191  0.839605  0.731961 
51  0.759848  0.717797  0.954521  0.952846  0.889657  0.850329  0.792322  0.911813  0.703110  0.551782  0.916901  0.820822  0.792954  0.536694  0.688206  0.833277  0.862368  0.767417  0.769868  0.468476  0.894973  0.845012  0.887135  0.722286  0.791552  0.754436  0.762076  0.747211  0.782988  0.823429  0.908598  0.824879  0.816434  0.838618  0.884460  0.772330  0.454716  0.756800  0.716448  0.754284  0.472280  0.515207  0.779244  0.806076  0.882611  0.892631  0.901887  0.900579  0.762829  0.470109  0.797872 0.0  0.819506  0.943936  0.862162  0.736846  0.837321  0.850161  0.833987  0.779564  0.875392 
52  0.844230  0.568674  0.887973  0.846801  0.889077  0.808599  0.902922  0.802372  0.840362  0.879339  0.843111  0.290518  0.648751  0.871946  0.875316  0.866681  0.833995  0.299959  0.904293  0.963322  0.691586  0.818366  0.854205  0.815645  0.745351  0.752863  0.738878  0.865508  0.878446  0.796139  0.781627  0.383606  0.908647  0.901229  0.780614  0.794979  0.897059  0.805040  0.836740  0.821538  0.854011  0.847094  0.839019  0.850865  0.895209  0.873243  0.709637  0.845458  0.801651  0.881108  0.842936  0.819506 0.0  0.864487  0.826095  0.849450  0.825013  0.913968  0.846890  0.761219  0.889862 
53  0.662198  0.739400  0.561734  0.660236  0.571811  0.691299  0.744702  0.823469  0.848139  0.826687  0.717639  0.909630  0.723376  0.865766  0.808628  0.573633  0.680887  0.715613  0.797550  0.823283  0.619572  0.717707  0.439021  0.615574  0.687480  0.786449  0.613677  0.854837  0.669763  0.557125  0.693385  0.854263  0.492853  0.579054  0.619480  0.847250  0.911464  0.585635  0.332011  0.566647  0.813745  1.000000  0.754419  0.709689  0.695098  0.596078  0.789221  0.588449  0.658738  0.807298  0.772198  0.943936  0.864487 0.0  0.650835  0.682984  0.664097  0.586009  0.934343  0.788281  0.466994 
54  0.758048  0.716693  0.476437  0.646622  0.427987  0.431764  0.793794  0.819707  0.787626  0.770314  0.909966  0.764847  0.867635  0.917089  0.818814  0.624310  0.478713  0.732598  0.780515  0.835556  0.339098  0.272666  0.721689  0.518968  0.705982  0.748928  0.548009  0.836458  0.499511  0.397644  0.518329  0.838197  0.659269  0.460937  0.445960  0.835292  0.773355  0.404263  0.601046  0.584350  0.788523  0.833369  0.745639  0.392525  0.921419  0.551423  0.794654  0.328084  0.376277  0.859470  0.807875  0.862162  0.826095  0.650835 0.0  0.738382  0.518227  0.634187  0.893812  0.836379  0.680266 
55  0.742813  0.712861  0.810318  0.792037  0.826927  0.764230  0.657234  0.475396  0.720291  0.832142  0.488592  0.752171  0.740640  0.758836  0.771160  0.684407  0.786823  0.775017  0.860083  0.791808  0.787615  0.882491  0.866734  0.845681  0.649305  0.849981  0.772385  0.434244  0.805333  0.726169  0.731357  0.812293  0.752487  0.688903  0.778858  0.557751  0.655704  0.712874  0.668504  0.819437  0.680271  0.697683  0.313269  0.738250  0.424161  0.788610  0.482120  0.832432  0.759536  0.758447  0.416535  0.736846  0.849450  0.682984  0.738382 0.0  0.733321  0.775813  0.804520  0.766141  0.768998 
56  0.815739  0.569072  0.446446  0.535309  0.500546  0.512376  0.855909  0.760658  0.782519  0.788227  0.907567  0.768081  0.847198  0.966859  0.877378  0.480121  0.371902  0.876254  0.837705  0.792015  0.571418  0.527880  0.705352  0.480289  0.875413  0.748800  0.396256  0.898031  0.409722  0.538900  0.576513  0.800732  0.632362  0.473412  0.395246  0.741920  0.834814  0.434497  0.576008  0.659743  0.855874  0.820299  0.780464  0.594664  0.774913  0.357100  0.874550  0.431360  0.438805  0.823481  0.839035  0.837321  0.825013  0.664097  0.518227  0.733321 0.0  0.694730  0.828541  0.827284  0.632439 
57  0.865745  0.681723  0.558420  0.664430  0.616745  0.544225  0.826958  0.747311  0.778889  0.855987  0.949997  0.791209  0.806256  0.861025  0.848020  0.559460  0.669402  0.669007  0.807291  0.853207  0.584012  0.566511  0.602383  0.589293  0.609121  0.732386  0.632113  0.756581  0.629226  0.664485  0.604862  0.919181  0.341464  0.599907  0.555117  0.698161  0.943222  0.580494  0.494716  0.265794  0.651696  0.817591  0.825685  0.631039  0.909029  0.625278  0.774520  0.772637  0.680341  0.889773  0.823539  0.850161  0.913968  0.586009  0.634187  0.775813  0.694730 0.0  0.869110  0.822896  0.554667 
58  0.845604  0.697804  0.848718  0.880730  0.691305  0.821206  0.333647  0.877183  0.250816  0.754604  0.809332  0.740299  0.831105  0.750649  0.302281  0.781494  0.789812  0.863657  0.418784  0.846654  0.832865  0.742202  0.852594  0.857268  0.873863  0.820234  0.792497  0.817163  0.791810  0.891519  0.927897  0.787374  0.787258  0.858496  0.832425  0.869841  0.805773  0.710617  0.790843  0.722958  0.800499  0.825421  0.792878  0.769622  0.819533  0.830079  0.866999  0.792259  0.801402  0.759665  0.927191  0.833987  0.846890  0.934343  0.893812  0.804520  0.828541  0.869110 0.0  0.316672  0.865828 
59  0.704102  0.658865  0.819201  0.818066  0.770812  0.801009  0.248079  0.765797  0.259527  0.913143  0.743580  0.852608  0.679335  0.816689  0.460497  0.766002  0.739544  0.907109  0.395250  0.815260  0.765290  0.866275  0.829407  0.827345  0.794345  0.784693  0.738166  0.713361  0.874811  0.843718  0.974090  0.851417  0.800488  0.816813  0.779304  0.769526  0.832226  0.814507  0.803760  0.767220  0.721440  0.886030  0.726815  0.822041  0.742764  0.900958  0.737433  0.739875  0.843663  0.877126  0.839605  0.779564  0.761219  0.788281  0.836379  0.766141  0.827284  0.822896  0.316672 0.0  0.832248 
60  0.649274  0.675872  0.645460  0.558133  0.580019  0.703890  0.716234  0.862356  0.836283  0.855988  0.820078  0.798409  0.935147  0.886848  0.819051  0.635069  0.635597  0.838894  0.881985  0.813178  0.684201  0.666699  0.505552  0.648429  0.804380  0.687946  0.667032  0.817944  0.629676  0.562657  0.559123  0.772726  0.467874  0.677929  0.566561  0.794869  0.800248  0.620680  0.453809  0.443863  0.724764  0.769936  0.820814  0.757635  0.680741  0.700176  0.632200  0.651207  0.699714  0.913099  0.731961  0.875392  0.889862  0.466994  0.680266  0.768998  0.632439  0.554667  0.865828  0.832248 0.0 
