61
0 0.0  0.692821  0.714070  0.905374  0.770530  0.833806  0.747010  0.733472  0.702288  0.784316  0.691635  0.820224  0.733226  0.710230  0.709960  0.657069  0.805293  0.827150  0.727776  0.689272  0.822252  0.733961  0.693758  0.740923  0.695298  0.853940  0.788313  0.745148  0.774198  0.786261  0.748897  0.759629  0.705287  0.809620  0.757544  0.664872  0.906285  0.697990  0.746820  0.805300  0.748125  0.738953  0.789284  0.672371  0.783111  0.770268  0.701161  0.719457  0.705365  0.772400  0.711447  0.752250  0.709980  0.754806  0.778230  0.731170  0.728492  0.720497  0.802641  0.694840  0.784417 
1  0.692821 0.0  0.653744  0.757579  0.657771  0.710410  0.588556  0.643767  0.713880  0.634434  0.593539  0.621468  0.665013  0.694897  0.633363  0.668401  0.630988  0.707002  0.603873  0.691165  0.631832  0.677967  0.565937  0.668405  0.675365  0.700801  0.674336  0.762032  0.727697  0.701386  0.655458  0.682624  0.713047  0.688167  0.673718  0.590373  0.517631  0.637820  0.680538  0.623398  0.647821  0.686960  0.732071  0.736742  0.771853  0.590841  0.642798  0.750495  0.600377  0.567362  0.651763  0.665480  0.579101  0.583286  0.598338  0.746430  0.549027  0.734108  0.730057  0.639049  0.657956 
2  0.714070  0.653744 0.0  0.310258  0.247722  0.532301  0.770067  0.829068  0.818382  0.700841  0.792796  0.841339  0.908449  0.910479  0.881068  0.552242  0.464126  0.754018  0.803272  0.797545  0.454083  0.483337  0.588820  0.335146  0.923469  0.784669  0.474983  0.817187  0.399310  0.446152  0.369861  0.861300  0.552750  0.345996  0.548746  0.850429  0.878293  0.477273  0.610805  0.597840  0.881360  0.893965  0.867726  0.552873  0.822481  0.517039  0.864441  0.518569  0.375477  0.879842  0.923255  0.833915  0.788157  0.575022  0.490078  0.783093  0.451712  0.626158  0.833714  0.832920  0.663358 
3  0.905374  0.757579  0.310258 0.0  0.312415  0.488081  0.893598  0.790504  0.828357  0.783676  0.802219  0.887783  0.851885  0.744562  0.739208  0.380224  0.548877  0.835045  0.787210  0.919113  0.442533  0.455263  0.617619  0.480877  0.859872  0.838224  0.450080  0.883534  0.500934  0.305747  0.512558  0.944218  0.711530  0.372888  0.433348  0.832396  0.829792  0.358845  0.623752  0.546145  0.812336  0.829631  0.764007  0.413319  0.922750  0.430749  0.824967  0.411529  0.407113  0.828546  0.757854  0.836095  0.850443  0.696249  0.553187  0.811842  0.407906  0.568612  0.959086  0.913087  0.651881 
4  0.770530  0.657771  0.247722  0.312415 0.0  0.571211  0.815789  0.769207  0.838914  0.900052  0.697417  0.901594  0.876049  0.904679  0.871393  0.467956  0.485403  0.799276  0.791419  0.805756  0.568414  0.376729  0.604957  0.498668  0.792636  0.774628  0.598681  0.907125  0.288103  0.420786  0.518233  0.889330  0.619596  0.364964  0.472979  0.832391  0.726389  0.408578  0.630500  0.685054  0.853671  0.843846  0.832275  0.341482  0.755463  0.546635  0.865086  0.411197  0.410352  0.783159  0.777291  0.916948  0.911321  0.641412  0.468251  0.711393  0.552321  0.680162  0.876787  0.738735  0.524193 
5  0.833806  0.710410  0.532301  0.488081  0.571211 0.0  0.866084  0.813746  0.861017  0.874163  0.780904  0.840320  0.815509  0.877989  0.850384  0.503607  0.538276  0.760491  0.835108  0.866769  0.379230  0.432101  0.686761  0.408622  0.767972  0.743795  0.509540  0.716846  0.465904  0.476229  0.596609  0.811097  0.654885  0.484162  0.565806  0.851734  0.788427  0.350516  0.696346  0.669799  0.746832  0.855371  0.600511  0.299047  0.756131  0.573796  0.824281  0.340570  0.490679  0.860154  0.862563  0.817488  0.966261  0.716311  0.319639  0.840845  0.536733  0.629618  0.806223  0.903153  0.570566 
6  0.747010  0.588556  0.770067  0.893598  0.815789  0.866084 0.0  0.829126  0.339325  0.710213  0.754348  0.838329  0.747629  0.810610  0.404083  0.832056  0.777013  0.811995  0.461608  0.725739  0.984132  0.841235  0.764838  0.848962  0.734616  0.739905  0.871515  0.853630  0.864942  0.777733  0.717303  0.814464  0.682905  0.764101  0.828578  0.773476  0.685258  0.817088  0.848909  0.760576  0.835281  0.778158  0.729461  0.889646  0.702130  0.791008  0.828999  0.825340  0.793627  0.786338  0.816546  0.910472  0.819108  0.897712  0.871504  0.726845  0.846834  0.848820  0.332428  0.306159  0.785234 
7  0.733472  0.643767  0.829068  0.790504  0.769207  0.813746  0.829126 0.0  0.846700  0.749562  0.647691  0.792647  0.829343  0.792880  0.780465  0.762450  0.909315  0.853032  0.841609  0.848668  0.823470  0.754600  0.827445  0.822103  0.763774  0.784480  0.694409  0.380477  0.839665  0.783747  0.816372  0.792142  0.683338  0.731344  0.778280  0.527896  0.777768  0.834216  0.739201  0.678805  0.756712  0.830791  0.503028  0.795508  0.386472  0.860841  0.448043  0.795175  0.870360  0.852729  0.634304  0.733834  0.829569  0.860571  0.792426  0.578308  0.775922  0.671779  0.865757  0.806873  0.761184 
8  0.702288  0.713880  0.818382  0.828357  0.838914  0.861017  0.339325  0.846700 0.0  0.908715  0.853716  0.897061  0.770411  0.710357  0.404872  0.859857  0.764157  0.846412  0.410526  0.903257  0.777354  0.793191  0.761597  0.838474  0.859378  0.817412  0.789849  0.809841  0.887163  0.848479  0.870030  0.811555  0.840127  0.824164  0.825306  0.789999  0.792121  0.800851  0.705233  0.786171  0.769630  0.855058  0.825473  0.770754  0.749477  0.820931  0.859735  0.811719  0.871924  0.886058  0.840907  0.782468  0.726482  0.849168  0.781785  0.776076  0.816947  0.819585  0.293628  0.269136  0.899685 
9  0.784316  0.634434  0.700841  0.783676  0.900052  0.874163  0.710213  0.749562  0.908715 0.0  0.796900  0.884269  0.709074  0.379291  0.855027  0.699089  0.876736  0.822336  0.980625  0.466877  0.827883  0.900855  0.864386  0.858468  0.886230  0.815245  0.861191  0.765455  0.984325  0.765707  0.653685  0.824290  0.787100  0.860212  0.855919  0.799479  0.261913  0.789175  0.834747  0.759296  0.499782  0.389435  0.722587  0.838411  0.813630  0.860924  0.914666  0.790051  0.821111  0.407777  0.828174  0.433272  0.918169  0.881750  0.810911  0.698433  0.884903  0.881455  0.786623  0.737381  0.868597 
10  0.691635  0.593539  0.792796  0.802219  0.697417  0.780904  0.754348  0.647691  0.853716  0.796900 0.0  0.791893  0.675368  0.892121  0.865650  0.786575  0.857929  0.842321  0.884448  0.776805  0.813067  0.749169  0.868884  0.778370  0.730001  0.756396  0.839396  0.611586  0.722289  0.779214  0.848129  0.824212  0.879853  0.789518  0.774147  0.518887  0.863172  0.867252  0.915349  0.817911  0.831751  0.844414  0.537453  0.732237  0.599327  0.838522  0.647179  0.742156  0.809988  0.866386  0.458020  0.837290  0.752308  0.784583  0.816572  0.514179  0.756138  0.858828  0.810746  0.736337  0.840067 
11  0.820224  0.621468  0.841339  0.887783  0.901594  0.840320  0.838329  0.792647  0.897061  0.884269  0.791893 0.0  0.663518  0.912120  0.832414  0.893745  0.969225  0.383851  0.819067  0.827484  0.873395  0.864297  0.906818  0.832438  0.717947  0.759869  0.757385  0.736362  0.877921  0.821942  0.876628  0.371955  0.844621  0.877979  0.920891  0.805481  0.868778  0.795422  0.838973  0.924636  0.936098  0.877368  0.815531  0.881459  0.885918  0.915046  0.780629  0.794211  0.903076  0.783552  0.762243  0.869819  0.283426  0.951837  0.802407  0.792021  0.848838  0.955521  0.814629  0.812506  0.916973 
12  0.733226  0.665013  0.908449  0.851885  0.876049  0.815509  0.747629  0.829343  0.770411  0.709074  0.675368  0.663518 0.0  0.862649  0.816604  0.780863  0.767007  0.576387  0.785821  0.780831  0.848627  0.769791  0.826454  0.878124  0.734173  0.680764  0.706201  0.844492  0.747199  0.736345  0.869036  0.489841  0.744833  0.904155  0.869258  0.554072  0.983639  0.831070  0.697922  0.888660  0.733629  0.878645  0.785172  0.836599  0.743352  0.820021  0.798254  0.860768  0.841479  0.752774  0.556854  0.847856  0.637131  0.810576  0.750349  0.767397  0.887906  0.838329  0.792860  0.753364  0.711867 
13  0.710230  0.694897  0.910479  0.744562  0.904679  0.877989  0.810610  0.792880  0.710357  0.379291  0.892121  0.912120  0.862649 0.0  0.901882  0.703052  0.891020  0.813870  0.935873  0.353386  0.913869  0.906801  0.817411  0.737816  0.747800  0.713203  0.864089  0.724131  0.864923  0.817024  0.881960  0.639550  0.802608  0.859926  0.858937  0.790995  0.407710  0.852556  0.862553  0.870679  0.389505  0.269840  0.818742  0.864390  0.765820  0.748771  0.821739  0.951796  0.760346  0.479061  0.777962  0.436454  0.839525  0.782757  0.815235  0.724466  0.866914  0.777185  0.853528  0.913515  0.935541 
14  0.709960  0.633363  0.881068  0.739208  0.871393  0.850384  0.404083  0.780465  0.404872  0.855027  0.865650  0.832414  0.816604  0.901882 0.0  0.765770  0.819119  0.838091  0.427195  0.879081  0.715064  0.817836  0.755041  0.827973  0.898281  0.771514  0.850789  0.759268  0.809204  0.876762  0.839241  0.826649  0.938872  0.800613  0.778840  0.838272  0.760439  0.824243  0.820831  0.856510  0.845611  0.777582  0.770305  0.790617  0.811574  0.756166  0.856104  0.825183  0.858231  0.763885  0.680472  0.728767  0.778062  0.780082  0.753615  0.683324  0.830539  0.816974  0.380409  0.414045  0.767267 
15  0.657069  0.668401  0.552242  0.380224  0.467956  0.503607  0.832056  0.762450  0.859857  0.699089  0.786575  0.893745  0.780863  0.703052  0.765770 0.0  0.391738  0.699596  0.799836  0.846487  0.534061  0.593000  0.540531  0.507446  0.883395  0.782682  0.356908  0.827277  0.486066  0.344745  0.481792  0.848467  0.571386  0.518805  0.310889  0.856467  0.825588  0.377439  0.644680  0.607644  0.800908  0.823819  0.771654  0.540674  0.749674  0.422972  0.682720  0.591303  0.527536  0.901125  0.853859  0.850843  0.919979  0.647918  0.592581  0.752548  0.403541  0.659044  0.770267  0.821173  0.657374 
16  0.805293  0.630988  0.464126  0.548877  0.485403  0.538276  0.777013  0.909315  0.764157  0.876736  0.857929  0.969225  0.767007  0.891020  0.819119  0.391738 0.0  0.846762  0.767526  0.851862  0.484556  0.500559  0.641347  0.438926  0.693330  0.774197  0.355957  0.842944  0.535250  0.364768  0.496459  0.896469  0.678889  0.616754  0.368238  0.796850  0.826221  0.488182  0.697988  0.696869  0.671326  0.908829  0.721094  0.552434  0.730048  0.381867  0.856217  0.512684  0.455488  0.904254  0.748388  0.851091  0.834251  0.717671  0.556867  0.668615  0.323121  0.690298  0.926030  0.860822  0.627658 
17  0.827150  0.707002  0.754018  0.835045  0.799276  0.760491  0.811995  0.853032  0.846412  0.822336  0.842321  0.383851  0.576387  0.813870  0.838091  0.699596  0.846762 0.0  0.834957  0.790222  0.805973  0.872902  0.833764  0.934117  0.741597  0.703446  0.836324  0.859138  0.913639  0.834584  0.820501  0.371563  0.857775  0.872080  0.799762  0.880647  0.864640  0.801077  0.832942  0.814312  0.791077  0.759076  0.746761  0.853371  0.797375  0.783559  0.722022  0.841467  0.685827  0.867425  0.747283  0.781510  0.407467  0.961402  0.844619  0.711849  0.878130  0.901015  0.806751  0.783401  0.751535 
18  0.727776  0.603873  0.803272  0.787210  0.791419  0.835108  0.461608  0.841609  0.410526  0.980625  0.884448  0.819067  0.785821  0.935873  0.427195  0.799836  0.767526  0.834957 0.0  0.854274  0.795988  0.885027  0.818154  0.705164  0.823141  0.856324  0.823432  0.778353  0.782926  0.804305  0.674577  0.872198  0.841596  0.820631  0.764039  0.856154  0.750266  0.745679  0.862453  0.827586  0.764963  0.781440  0.742526  0.835665  0.894750  0.855454  0.752715  0.822357  0.779586  0.857778  0.744899  0.881966  0.827604  0.751000  0.813992  0.779725  0.868297  0.869619  0.458363  0.392012  0.799249 
19  0.689272  0.691165  0.797545  0.919113  0.805756  0.866769  0.725739  0.848668  0.903257  0.466877  0.776805  0.827484  0.780831  0.353386  0.879081  0.846487  0.851862  0.790222  0.854274 0.0  0.831670  0.855909  0.770551  0.769641  0.697260  0.804273  0.765804  0.896077  0.856247  0.836715  0.799596  0.794650  0.824598  0.821984  0.926075  0.745062  0.473531  0.835396  0.807133  0.912059  0.390684  0.291551  0.803931  0.899343  0.815672  0.864473  0.847201  0.889262  0.733273  0.331019  0.985828  0.396696  0.802786  0.931795  0.844311  0.733675  0.822121  0.817929  0.904185  0.799141  0.859513 
20  0.822252  0.631832  0.454083  0.442533  0.568414  0.379230  0.984132  0.823470  0.777354  0.827883  0.813067  0.873395  0.848627  0.913869  0.715064  0.534061  0.484556  0.805973  0.795988  0.831670 0.0  0.403721  0.604897  0.502141  0.844317  0.793948  0.453549  0.811662  0.463614  0.460062  0.389351  0.785826  0.479266  0.489287  0.570468  0.799523  0.818023  0.412985  0.645379  0.694368  0.795034  0.881463  0.728650  0.300346  0.744692  0.561242  0.723396  0.388120  0.448770  0.945113  0.845222  0.848817  0.809698  0.688802  0.397967  0.770803  0.524923  0.696825  0.798949  0.836457  0.716475 
21  0.733961  0.677967  0.483337  0.455263  0.376729  0.432101  0.841235  0.754600  0.793191  0.900855  0.749169  0.864297  0.769791  0.906801  0.817836  0.593000  0.500559  0.872902  0.885027  0.855909  0.403721 0.0  0.727070  0.517379  0.834092  0.785556  0.404110  0.805001  0.483230  0.415908  0.397807  0.887186  0.701168  0.518058  0.463280  0.782080  0.810799  0.389382  0.548837  0.671402  0.755481  0.789101  0.689763  0.343381  0.939006  0.543456  0.815640  0.368981  0.334817  0.854169  0.839941  0.907112  0.852951  0.646619  0.356988  0.797216  0.532210  0.605250  0.741842  0.816379  0.704775 
22  0.693758  0.565937  0.588820  0.617619  0.604957  0.686761  0.764838  0.827445  0.761597  0.864386  0.868884  0.906818  0.826454  0.817411  0.755041  0.540531  0.641347  0.833764  0.818154  0.770551  0.604897  0.727070 0.0  0.660129  0.686949  0.812266  0.679673  0.925038  0.637786  0.581920  0.602567  0.947881  0.514655  0.638049  0.605111  0.710903  0.899328  0.640473  0.389343  0.538633  0.783322  0.901128  0.777564  0.633385  0.638055  0.672687  0.715846  0.623656  0.610097  0.905366  0.787906  0.820132  0.825959  0.442944  0.663136  0.824351  0.758930  0.477778  0.818352  0.856209  0.200568 
23  0.740923  0.668405  0.335146  0.480877  0.498668  0.408622  0.848962  0.822103  0.838474  0.858468  0.778370  0.832438  0.878124  0.737816  0.827973  0.507446  0.438926  0.934117  0.705164  0.769641  0.502141  0.517379  0.660129 0.0  0.887805  0.824989  0.559709  0.763713  0.418564  0.391886  0.346979  0.861349  0.626675  0.475107  0.485732  0.888404  0.751351  0.478723  0.627674  0.621155  0.750954  0.820756  0.809551  0.469110  0.766866  0.455210  0.897202  0.485020  0.504049  0.889977  0.765484  0.809269  0.825063  0.661490  0.544182  0.716906  0.540822  0.567177  0.754717  0.849408  0.673900 
24  0.695298  0.675365  0.923469  0.859872  0.792636  0.767972  0.734616  0.763774  0.859378  0.886230  0.730001  0.717947  0.734173  0.747800  0.898281  0.883395  0.693330  0.741597  0.823141  0.697260  0.844317  0.834092  0.686949  0.887805 0.0  0.318548  0.725343  0.744184  0.768621  0.800999  0.744676  0.743509  0.808874  0.723585  0.663043  0.765175  0.847956  0.767995  0.759173  0.792741  0.762342  0.785212  0.662590  0.754225  0.742937  0.755195  0.840607  0.835101  0.747709  0.705188  0.855535  0.818519  0.767386  0.707790  0.830441  0.775013  0.655556  0.769903  0.825272  0.818091  0.860902 
25  0.853940  0.700801  0.784669  0.838224  0.774628  0.743795  0.739905  0.784480  0.817412  0.815245  0.756396  0.759869  0.680764  0.713203  0.771514  0.782682  0.774197  0.703446  0.856324  0.804273  0.793948  0.785556  0.812266  0.824989  0.318548 0.0  0.794560  0.657811  0.832109  0.844324  0.724907  0.791433  0.766350  0.760605  0.900004  0.759249  0.753885  0.628621  0.841254  0.795399  0.777668  0.799520  0.756571  0.676513  0.754396  0.750432  0.778853  0.802046  0.869482  0.722887  0.818325  0.678835  0.724943  0.774254  0.701650  0.616268  0.712030  0.708130  0.729025  0.747591  0.749298 
26  0.788313  0.674336  0.474983  0.450080  0.598681  0.509540  0.871515  0.694409  0.789849  0.861191  0.839396  0.757385  0.706201  0.864089  0.850789  0.356908  0.355957  0.836324  0.823432  0.765804  0.453549  0.404110  0.679673  0.559709  0.725343  0.794560 0.0  0.887793  0.408876  0.409249  0.556610  0.806372  0.659617  0.540356  0.388276  0.910456  0.700540  0.404961  0.724959  0.627084  0.770526  0.821599  0.782729  0.553576  0.806542  0.367932  0.784696  0.479610  0.368070  0.921449  0.831762  0.907486  0.877383  0.559622  0.553629  0.803061  0.436959  0.600156  0.739361  0.823117  0.651868 
27  0.745148  0.762032  0.817187  0.883534  0.907125  0.716846  0.853630  0.380477  0.809841  0.765455  0.611586  0.736362  0.844492  0.724131  0.759268  0.827277  0.842944  0.859138  0.778353  0.896077  0.811662  0.805001  0.925038  0.763713  0.744184  0.657811  0.887793 0.0  0.745289  0.766650  0.743969  0.818826  0.739828  0.821596  0.908161  0.617080  0.819722  0.954534  0.795296  0.697601  0.814401  0.783917  0.631228  0.798518  0.280790  0.820238  0.453618  0.683768  0.882013  0.852706  0.541352  0.820377  0.765140  0.795716  0.854069  0.477942  0.699617  0.703399  0.746037  0.860153  0.831786 
28  0.774198  0.727697  0.399310  0.500934  0.288103  0.465904  0.864942  0.839665  0.887163  0.984325  0.722289  0.877921  0.747199  0.864923  0.809204  0.486066  0.535250  0.913639  0.782926  0.856247  0.463614  0.483230  0.637786  0.418564  0.768621  0.832109  0.408876  0.745289 0.0  0.355119  0.446678  0.879278  0.550099  0.511094  0.422752  0.827092  0.823408  0.428390  0.667467  0.672775  0.762208  0.863211  0.851842  0.561935  0.827812  0.443490  0.796385  0.488678  0.450923  0.792357  0.965106  0.931680  0.772134  0.601754  0.503950  0.807665  0.507000  0.683540  0.744369  0.851278  0.577503 
29  0.786261  0.701386  0.446152  0.305747  0.420786  0.476229  0.777733  0.783747  0.848479  0.765707  0.779214  0.821942  0.736345  0.817024  0.876762  0.344745  0.364768  0.834584  0.804305  0.836715  0.460062  0.415908  0.581920  0.391886  0.800999  0.844324  0.409249  0.766650  0.355119 0.0  0.362323  0.825902  0.590293  0.413284  0.395469  0.837939  0.771366  0.459768  0.630481  0.538795  0.782386  0.912711  0.753847  0.500634  0.763758  0.314849  0.878445  0.342233  0.381172  0.869244  0.779254  0.726644  0.770048  0.575007  0.478395  0.815238  0.429012  0.690213  0.841106  0.771877  0.470738 
30  0.748897  0.655458  0.369861  0.512558  0.518233  0.596609  0.717303  0.816372  0.870030  0.653685  0.848129  0.876628  0.869036  0.881960  0.839241  0.481792  0.496459  0.820501  0.674577  0.799596  0.389351  0.397807  0.602567  0.346979  0.744676  0.724907  0.556610  0.743969  0.446678  0.362323 0.0  0.760377  0.651994  0.515494  0.556392  0.747510  0.790058  0.353771  0.598519  0.619970  0.920787  0.802517  0.763547  0.465492  0.884850  0.545925  0.720108  0.389171  0.341919  0.860855  0.736392  0.828531  0.817563  0.669678  0.495463  0.779134  0.383290  0.677227  0.757869  0.835959  0.668984 
31  0.759629  0.682624  0.861300  0.944218  0.889330  0.811097  0.814464  0.792142  0.811555  0.824290  0.824212  0.371955  0.489841  0.639550  0.826649  0.848467  0.896469  0.371563  0.872198  0.794650  0.785826  0.887186  0.947881  0.861349  0.743509  0.791433  0.806372  0.818826  0.879278  0.825902  0.760377 0.0  0.993282  0.894244  0.837581  0.841626  0.838103  0.837557  0.888360  0.812427  0.848035  0.800477  0.785878  0.811183  0.793853  0.881889  0.835360  0.828246  0.863632  0.892790  0.854771  0.827514  0.315027  0.774487  0.936916  0.784731  0.832592  0.899593  0.718084  0.882544  0.892791 
32  0.705287  0.713047  0.552750  0.711530  0.619596  0.654885  0.682905  0.683338  0.840127  0.787100  0.879853  0.844621  0.744833  0.802608  0.938872  0.571386  0.678889  0.857775  0.841596  0.824598  0.479266  0.701168  0.514655  0.626675  0.808874  0.766350  0.659617  0.739828  0.550099  0.590293  0.651994  0.993282 0.0  0.637041  0.650956  0.850083  0.740932  0.536079  0.484039  0.405804  0.646595  0.740588  0.723716  0.574034  0.914736  0.638838  0.766425  0.648625  0.568099  0.837824  0.924679  0.823769  0.826601  0.527994  0.628757  0.690846  0.661252  0.461604  0.753436  0.887862  0.566005 
33  0.809620  0.688167  0.345996  0.372888  0.364964  0.484162  0.764101  0.731344  0.824164  0.860212  0.789518  0.877979  0.904155  0.859926  0.800613  0.518805  0.616754  0.872080  0.820631  0.821984  0.489287  0.518058  0.638049  0.475107  0.723585  0.760605  0.540356  0.821596  0.511094  0.413284  0.515494  0.894244  0.637041 0.0  0.516878  0.852579  1.000000  0.512811  0.584928  0.599829  0.760420  0.858112  0.768651  0.582382  0.919426  0.451702  0.860254  0.528366  0.441811  0.793743  0.852458  0.747706  0.847159  0.741770  0.513442  0.767318  0.389812  0.719226  0.872512  0.760543  0.593521 
34  0.757544  0.673718  0.548746  0.433348  0.472979  0.565806  0.828578  0.778280  0.825306  0.855919  0.774147  0.920891  0.869258  0.858937  0.778840  0.310889  0.368238  0.799762  0.764039  0.926075  0.570468  0.463280  0.605111  0.485732  0.663043  0.900004  0.388276  0.908161  0.422752  0.395469  0.556392  0.837581  0.650956  0.516878 0.0  0.752720  0.930358  0.418754  0.645609  0.716606  0.858110  0.855613  0.750687  0.433961  0.912493  0.433795  0.859026  0.508908  0.382460  0.809220  0.753842  0.872694  0.820464  0.657786  0.508718  0.780027  0.390419  0.532067  0.771502  0.842121  0.675011 
35  0.664872  0.590373  0.850429  0.832396  0.832391  0.851734  0.773476  0.527896  0.789999  0.799479  0.518887  0.805481  0.554072  0.790995  0.838272  0.856467  0.796850  0.880647  0.856154  0.745062  0.799523  0.782080  0.710903  0.888404  0.765175  0.759249  0.910456  0.617080  0.827092  0.837939  0.747510  0.841626  0.850083  0.852579  0.752720 0.0  0.874311  0.727373  0.783812  0.862821  0.875394  0.786822  0.477759  0.669634  0.527035  0.764225  0.551974  0.818141  0.710084  0.846917  0.377009  0.766413  0.793892  0.779566  0.820222  0.611633  0.843135  0.923889  0.883477  0.820894  0.841643 
36  0.906285  0.517631  0.878293  0.829792  0.726389  0.788427  0.685258  0.777768  0.792121  0.261913  0.863172  0.868778  0.983639  0.407710  0.760439  0.825588  0.826221  0.864640  0.750266  0.473531  0.818023  0.810799  0.899328  0.751351  0.847956  0.753885  0.700540  0.819722  0.823408  0.771366  0.790058  0.838103  0.740932  1.000000  0.930358  0.874311 0.0  0.788990  0.951467  0.957390  0.410171  0.367290  0.860207  0.872032  0.900694  0.961746  0.810751  0.822415  0.783755  0.404432  0.892799  0.552469  0.822563  0.839132  0.799335  0.903113  0.891126  0.825990  0.832385  0.784756  0.830544 
37  0.697990  0.637820  0.477273  0.358845  0.408578  0.350516  0.817088  0.834216  0.800851  0.789175  0.867252  0.795422  0.831070  0.852556  0.824243  0.377439  0.488182  0.801077  0.745679  0.835396  0.412985  0.389382  0.640473  0.478723  0.767995  0.628621  0.404961  0.954534  0.428390  0.459768  0.353771  0.837557  0.536079  0.512811  0.418754  0.727373  0.788990 0.0  0.638565  0.598001  0.871370  0.821614  0.703413  0.480933  0.740139  0.403267  0.830067  0.420884  0.539699  0.685437  0.733454  0.802714  0.864681  0.591704  0.398408  0.757007  0.469410  0.537813  0.723401  0.922754  0.573513 
38  0.746820  0.680538  0.610805  0.623752  0.630500  0.696346  0.848909  0.739201  0.705233  0.834747  0.915349  0.838973  0.697922  0.862553  0.820831  0.644680  0.697988  0.832942  0.862453  0.807133  0.645379  0.548837  0.389343  0.627674  0.759173  0.841254  0.724959  0.795296  0.667467  0.630481  0.598519  0.888360  0.484039  0.584928  0.645609  0.783812  0.951467  0.638565 0.0  0.472389  0.696816  0.941922  0.799364  0.623663  0.690266  0.779329  0.699086  0.596928  0.555998  0.927760  0.716635  0.777729  0.880805  0.200816  0.733109  0.708053  0.655541  0.565090  0.780168  0.725562  0.407572 
39  0.805300  0.623398  0.597840  0.546145  0.685054  0.669799  0.760576  0.678805  0.786171  0.759296  0.817911  0.924636  0.888660  0.870679  0.856510  0.607644  0.696869  0.814312  0.827586  0.912059  0.694368  0.671402  0.538633  0.621155  0.792741  0.795399  0.627084  0.697601  0.672775  0.538795  0.619970  0.812427  0.405804  0.599829  0.716606  0.862821  0.957390  0.598001  0.472389 0.0  0.606607  0.882143  0.906834  0.627686  0.787432  0.635336  0.935640  0.647383  0.546758  0.866701  0.826950  0.824283  0.795246  0.574493  0.712225  0.776887  0.617945  0.339478  0.802393  0.854706  0.568179 
40  0.748125  0.647821  0.881360  0.812336  0.853671  0.746832  0.835281  0.756712  0.769630  0.499782  0.831751  0.936098  0.733629  0.389505  0.845611  0.800908  0.671326  0.791077  0.764963  0.390684  0.795034  0.755481  0.783322  0.750954  0.762342  0.777668  0.770526  0.814401  0.762208  0.782386  0.920787  0.848035  0.646595  0.760420  0.858110  0.875394  0.410171  0.871370  0.696816  0.606607 0.0  0.425195  0.711078  0.733432  0.863846  0.817373  0.824317  0.748517  0.802225  0.422005  0.899947  0.415028  0.847982  0.681424  0.739288  0.765834  0.864616  0.759233  0.763739  0.780580  0.877753 
41  0.738953  0.686960  0.893965  0.829631  0.843846  0.855371  0.778158  0.830791  0.855058  0.389435  0.844414  0.877368  0.878645  0.269840  0.777582  0.823819  0.908829  0.759076  0.781440  0.291551  0.881463  0.789101  0.901128  0.820756  0.785212  0.799520  0.821599  0.783917  0.863211  0.912711  0.802517  0.800477  0.740588  0.858112  0.855613  0.786822  0.367290  0.821614  0.941922  0.882143  0.425195 0.0  0.743376  0.770968  0.794411  0.861372  0.875569  0.848473  0.828380  0.450520  0.821282  0.481712  0.827757  0.898097  0.930540  0.793846  0.836778  0.846739  0.915177  0.869938  0.847288 
42  0.789284  0.732071  0.867726  0.764007  0.832275  0.600511  0.729461  0.503028  0.825473  0.722587  0.537453  0.815531  0.785172  0.818742  0.770305  0.771654  0.721094  0.746761  0.742526  0.803931  0.728650  0.689763  0.777564  0.809551  0.662590  0.756571  0.782729  0.631228  0.851842  0.753847  0.763547  0.785878  0.723716  0.768651  0.750687  0.477759  0.860207  0.703413  0.799364  0.906834  0.711078  0.743376 0.0  0.816079  0.472685  0.775489  0.487389  0.792807  0.684098  0.847603  0.536806  0.695242  0.800921  0.743519  0.724708  0.363874  0.768481  0.686608  0.796700  0.812677  0.764125 
43  0.672371  0.736742  0.552873  0.413319  0.341482  0.299047  0.889646  0.795508  0.770754  0.838411  0.732237  0.881459  0.836599  0.864390  0.790617  0.540674  0.552434  0.853371  0.835665  0.899343  0.300346  0.343381  0.633385  0.469110  0.754225  0.676513  0.553576  0.798518  0.561935  0.500634  0.465492  0.811183  0.574034  0.582382  0.433961  0.669634  0.872032  0.480933  0.623663  0.627686  0.733432  0.770968  0.816079 0.0  0.895792  0.540830  0.770984  0.376586  0.359619  0.790542  0.722050  0.792050  0.860656  0.597716  0.384217  0.854526  0.489067  0.660225  0.871060  0.732714  0.588272 
44  0.783111  0.771853  0.822481  0.922750  0.755463  0.756131  0.702130  0.386472  0.749477  0.813630  0.599327  0.885918  0.743352  0.765820  0.811574  0.749674  0.730048  0.797375  0.894750  0.815672  0.744692  0.939006  0.638055  0.766866  0.742937  0.754396  0.806542  0.280790  0.827812  0.763758  0.884850  0.793853  0.914736  0.919426  0.912493  0.527035  0.900694  0.740139  0.690266  0.787432  0.863846  0.794411  0.472685  0.895792 0.0  0.777684  0.343633  0.765953  0.872841  0.789732  0.578256  0.763538  0.728470  0.699072  0.795361  0.436681  0.734500  0.745488  0.706700  0.773592  0.681953 
45  0.770268  0.590841  0.517039  0.430749  0.546635  0.573796  0.791008  0.860841  0.820931  0.860924  0.838522  0.915046  0.820021  0.748771  0.756166  0.422972  0.381867  0.783559  0.855454  0.864473  0.561242  0.543456  0.672687  0.455210  0.755195  0.750432  0.367932  0.820238  0.443490  0.314849  0.545925  0.881889  0.638838  0.451702  0.433795  0.764225  0.961746  0.403267  0.779329  0.635336  0.817373  0.861372  0.775489  0.540830  0.777684 0.0  0.947744  0.523703  0.392743  0.909525  0.737403  0.838531  0.984344  0.652508  0.528969  0.751034  0.495227  0.654734  0.804660  0.807837  0.610754 
46  0.701161  0.642798  0.864441  0.824967  0.865086  0.824281  0.828999  0.448043  0.859735  0.914666  0.647179  0.780629  0.798254  0.821739  0.856104  0.682720  0.856217  0.722022  0.752715  0.847201  0.723396  0.815640  0.715846  0.897202  0.840607  0.778853  0.784696  0.453618  0.796385  0.878445  0.720108  0.835360  0.766425  0.860254  0.859026  0.551974  0.810751  0.830067  0.699086  0.935640  0.824317  0.875569  0.487389  0.770984  0.343633  0.947744 0.0  0.714038  0.721017  0.840683  0.657877  0.877776  0.897176  0.743066  0.836895  0.547653  0.810720  0.827548  0.712835  0.899057  0.740061 
47  0.719457  0.750495  0.518569  0.411529  0.411197  0.340570  0.825340  0.795175  0.811719  0.790051  0.742156  0.794211  0.860768  0.951796  0.825183  0.591303  0.512684  0.841467  0.822357  0.889262  0.388120  0.368981  0.623656  0.485020  0.835101  0.802046  0.479610  0.683768  0.488678  0.342233  0.389171  0.828246  0.648625  0.528366  0.508908  0.818141  0.822415  0.420884  0.596928  0.647383  0.748517  0.848473  0.792807  0.376586  0.765953  0.523703  0.714038 0.0  0.472224  0.869134  0.781219  0.795580  0.909564  0.613276  0.282331  0.754545  0.538294  0.645484  0.811750  0.741099  0.666079 
48  0.705365  0.600377  0.375477  0.407113  0.410352  0.490679  0.793627  0.870360  0.871924  0.821111  0.809988  0.903076  0.841479  0.760346  0.858231  0.527536  0.455488  0.685827  0.779586  0.733273  0.448770  0.334817  0.610097  0.504049  0.747709  0.869482  0.368070  0.882013  0.450923  0.381172  0.341919  0.863632  0.568099  0.441811  0.382460  0.710084  0.783755  0.539699  0.555998  0.546758  0.802225  0.828380  0.684098  0.359619  0.872841  0.392743  0.721017  0.472224 0.0  0.793817  0.889173  0.813983  0.848744  0.664906  0.543203  0.673363  0.422239  0.661575  0.743302  0.839987  0.657104 
49  0.772400  0.567362  0.879842  0.828546  0.783159  0.860154  0.786338  0.852729  0.886058  0.407777  0.866386  0.783552  0.752774  0.479061  0.763885  0.901125  0.904254  0.867425  0.857778  0.331019  0.945113  0.854169  0.905366  0.889977  0.705188  0.722887  0.921449  0.852706  0.792357  0.869244  0.860855  0.892790  0.837824  0.793743  0.809220  0.846917  0.404432  0.685437  0.927760  0.866701  0.422005  0.450520  0.847603  0.790542  0.789732  0.909525  0.840683  0.869134  0.793817 0.0  0.797627  0.621429  0.866370  0.851455  0.853059  0.787379  0.890438  0.877277  0.855333  0.815416  0.756464 
50  0.711447  0.651763  0.923255  0.757854  0.777291  0.862563  0.816546  0.634304  0.840907  0.828174  0.458020  0.762243  0.556854  0.777962  0.680472  0.853859  0.748388  0.747283  0.744899  0.985828  0.845222  0.839941  0.787906  0.765484  0.855535  0.818325  0.831762  0.541352  0.965106  0.779254  0.736392  0.854771  0.924679  0.852458  0.753842  0.377009  0.892799  0.733454  0.716635  0.826950  0.899947  0.821282  0.536806  0.722050  0.578256  0.737403  0.657877  0.781219  0.889173  0.797627 0.0  0.714228  0.845787  0.841045  0.801958  0.549261  0.824669  0.768189  0.757955  0.856568  0.831259 
51  0.752250  0.665480  0.833915  0.836095  0.916948  0.817488  0.910472  0.733834  0.782468  0.433272  0.837290  0.869819  0.847856  0.436454  0.728767  0.850843  0.851091  0.781510  0.881966  0.396696  0.848817  0.907112  0.820132  0.809269  0.818519  0.678835  0.907486  0.820377  0.931680  0.726644  0.828531  0.827514  0.823769  0.747706  0.872694  0.766413  0.552469  0.802714  0.777729  0.824283  0.415028  0.481712  0.695242  0.792050  0.763538  0.838531  0.877776  0.795580  0.813983  0.621429  0.714228 0.0  0.867245  0.881849  0.955334  0.811564  0.780923  0.880999  0.928742  0.732356  0.900982 
52  0.709980  0.579101  0.788157  0.850443  0.911321  0.966261  0.819108  0.829569  0.726482  0.918169  0.752308  0.283426  0.637131  0.839525  0.778062  0.919979  0.834251  0.407467  0.827604  0.802786  0.809698  0.852951  0.825959  0.825063  0.767386  0.724943  0.877383  0.765140  0.772134  0.770048  0.817563  0.315027  0.826601  0.847159  0.820464  0.793892  0.822563  0.864681  0.880805  0.795246  0.847982  0.827757  0.800921  0.860656  0.728470  0.984344  0.897176  0.909564  0.848744  0.866370  0.845787  0.867245 0.0  0.897158  0.916175  0.766807  0.819502  0.926780  0.813766  0.830388  0.886922 
53  0.754806  0.583286  0.575022  0.696249  0.641412  0.716311  0.897712  0.860571  0.849168  0.881750  0.784583  0.951837  0.810576  0.782757  0.780082  0.647918  0.717671  0.961402  0.751000  0.931795  0.688802  0.646619  0.442944  0.661490  0.707790  0.774254  0.559622  0.795716  0.601754  0.575007  0.669678  0.774487  0.527994  0.741770  0.657786  0.779566  0.839132  0.591704  0.200816  0.574493  0.681424  0.898097  0.743519  0.597716  0.699072  0.652508  0.743066  0.613276  0.664906  0.851455  0.841045  0.881849  0.897158 0.0  0.575140  0.770774  0.805710  0.553362  0.873825  0.809288  0.366967 
54  0.778230  0.598338  0.490078  0.553187  0.468251  0.319639  0.871504  0.792426  0.781785  0.810911  0.816572  0.802407  0.750349  0.815235  0.753615  0.592581  0.556867  0.844619  0.813992  0.844311  0.397967  0.356988  0.663136  0.544182  0.830441  0.701650  0.553629  0.854069  0.503950  0.478395  0.495463  0.936916  0.628757  0.513442  0.508718  0.820222  0.799335  0.398408  0.733109  0.712225  0.739288  0.930540  0.724708  0.384217  0.795361  0.528969  0.836895  0.282331  0.543203  0.853059  0.801958  0.955334  0.916175  0.575140 0.0  0.857353  0.510289  0.636746  0.786457  0.880410  0.608639 
55  0.731170  0.746430  0.783093  0.811842  0.711393  0.840845  0.726845  0.578308  0.776076  0.698433  0.514179  0.792021  0.767397  0.724466  0.683324  0.752548  0.668615  0.711849  0.779725  0.733675  0.770803  0.797216  0.824351  0.716906  0.775013  0.616268  0.803061  0.477942  0.807665  0.815238  0.779134  0.784731  0.690846  0.767318  0.780027  0.611633  0.903113  0.757007  0.708053  0.776887  0.765834  0.793846  0.363874  0.854526  0.436681  0.751034  0.547653  0.754545  0.673363  0.787379  0.549261  0.811564  0.766807  0.770774  0.857353 0.0  0.765906  0.835351  0.726390  0.741600  0.786748 
56  0.728492  0.549027  0.451712  0.407906  0.552321  0.536733  0.846834  0.775922  0.816947  0.884903  0.756138  0.848838  0.887906  0.866914  0.830539  0.403541  0.323121  0.878130  0.868297  0.822121  0.524923  0.532210  0.758930  0.540822  0.655556  0.712030  0.436959  0.699617  0.507000  0.429012  0.383290  0.832592  0.661252  0.389812  0.390419  0.843135  0.891126  0.469410  0.655541  0.617945  0.864616  0.836778  0.768481  0.489067  0.734500  0.495227  0.810720  0.538294  0.422239  0.890438  0.824669  0.780923  0.819502  0.805710  0.510289  0.765906 0.0  0.539330  0.859120  0.818901  0.722488 
57  0.720497  0.734108  0.626158  0.568612  0.680162  0.629618  0.848820  0.671779  0.819585  0.881455  0.858828  0.955521  0.838329  0.777185  0.816974  0.659044  0.690298  0.901015  0.869619  0.817929  0.696825  0.605250  0.477778  0.567177  0.769903  0.708130  0.600156  0.703399  0.683540  0.690213  0.677227  0.899593  0.461604  0.719226  0.532067  0.923889  0.825990  0.537813  0.565090  0.339478  0.759233  0.846739  0.686608  0.660225  0.745488  0.654734  0.827548  0.645484  0.661575  0.877277  0.768189  0.880999  0.926780  0.553362  0.636746  0.835351  0.539330 0.0  0.813389  0.895846  0.471747 
58  0.802641  0.730057  0.833714  0.959086  0.876787  0.806223  0.332428  0.865757  0.293628  0.786623  0.810746  0.814629  0.792860  0.853528  0.380409  0.770267  0.926030  0.806751  0.458363  0.904185  0.798949  0.741842  0.818352  0.754717  0.825272  0.729025  0.739361  0.746037  0.744369  0.841106  0.757869  0.718084  0.753436  0.872512  0.771502  0.883477  0.832385  0.723401  0.780168  0.802393  0.763739  0.915177  0.796700  0.871060  0.706700  0.804660  0.712835  0.811750  0.743302  0.855333  0.757955  0.928742  0.813766  0.873825  0.786457  0.726390  0.859120  0.813389 0.0  0.308945  0.818598 
59  0.694840  0.639049  0.832920  0.913087  0.738735  0.903153  0.306159  0.806873  0.269136  0.737381  0.736337  0.812506  0.753364  0.913515  0.414045  0.821173  0.860822  0.783401  0.392012  0.799141  0.836457  0.816379  0.856209  0.849408  0.818091  0.747591  0.823117  0.860153  0.851278  0.771877  0.835959  0.882544  0.887862  0.760543  0.842121  0.820894  0.784756  0.922754  0.725562  0.854706  0.780580  0.869938  0.812677  0.732714  0.773592  0.807837  0.899057  0.741099  0.839987  0.815416  0.856568  0.732356  0.830388  0.809288  0.880410  0.741600  0.818901  0.895846  0.308945 0.0  0.859055 
60  0.784417  0.657956  0.663358  0.651881  0.524193  0.570566  0.785234  0.761184  0.899685  0.868597  0.840067  0.916973  0.711867  0.935541  0.767267  0.657374  0.627658  0.751535  0.799249  0.859513  0.716475  0.704775  0.200568  0.673900  0.860902  0.749298  0.651868  0.831786  0.577503  0.470738  0.668984  0.892791  0.566005  0.593521  0.675011  0.841643  0.830544  0.573513  0.407572  0.568179  0.877753  0.847288  0.764125  0.588272  0.681953  0.610754  0.740061  0.666079  0.657104  0.756464  0.831259  0.900982  0.886922  0.366967  0.608639  0.786748  0.722488  0.471747  0.818598  0.859055 0.0 
