61
0 0.0  0.683415  0.773653  0.831537  0.620392  0.761929  0.756490  0.668237  0.663908  0.747464  0.887345  0.758372  0.670133  0.760382  0.827309  0.711204  0.748649  0.761116  0.653008  0.784416  0.739431  0.669049  0.630370  0.672003  0.789782  0.747781  0.682841  0.741660  0.692114  0.750026  0.694796  0.788836  0.649980  0.750818  0.681033  0.796638  0.695639  0.814621  0.711805  0.714752  0.774417  0.792526  0.741763  0.779700  0.833323  0.791557  0.738358  0.680597  0.786371  0.744008  0.803491  0.700183  0.804447  0.810788  0.770859  0.729172  0.736249  0.782082  0.769657  0.680154  0.695320 
1  0.683415 0.0  0.614441  0.636589  0.665910  0.601740  0.578162  0.542181  0.675747  0.570132  0.599091  0.662461  0.575755  0.634536  0.579913  0.681650  0.513729  0.678026  0.657945  0.557872  0.788744  0.750857  0.655227  0.603343  0.709759  0.570804  0.688917  0.662751  0.636774  0.676024  0.654506  0.650891  0.648533  0.613012  0.661613  0.636233  0.661313  0.624976  0.718143  0.593877  0.625109  0.622469  0.572842  0.528969  0.643913  0.580003  0.656102  0.682675  0.591377  0.618117  0.601844  0.621193  0.744620  0.685580  0.672626  0.663224  0.675531  0.690894  0.690647  0.623364  0.628461 
2  0.773653  0.614441 0.0  0.265955  0.424638  0.542760  0.796972  0.847584  0.781095  0.815852  0.800810  0.751710  0.774929  0.885712  0.795558  0.571063  0.476170  0.814379  0.848731  0.835212  0.393141  0.407358  0.595674  0.444548  0.828324  0.732109  0.469056  0.831423  0.409287  0.400572  0.466128  0.760292  0.595700  0.371792  0.434965  0.819744  0.827887  0.358685  0.642528  0.608504  0.833763  0.829673  0.798623  0.464251  0.718827  0.451616  0.813724  0.563514  0.441514  0.821849  0.830956  0.743008  0.779353  0.683187  0.485047  0.696636  0.529060  0.705937  0.825626  0.772535  0.632063 
3  0.831537  0.636589  0.265955 0.0  0.308546  0.392739  0.836351  0.831652  0.757830  0.714088  0.819724  0.825932  0.732277  0.795726  0.809134  0.555882  0.511366  0.762175  0.816782  0.831437  0.565928  0.305788  0.691189  0.503929  0.817293  0.799687  0.468855  0.703188  0.343630  0.336144  0.447036  0.827494  0.566334  0.291257  0.444898  0.869835  0.816649  0.361232  0.520206  0.654948  0.861525  0.927291  0.802986  0.450767  0.842149  0.449832  0.726999  0.424436  0.336290  0.842528  0.835736  0.785628  0.818088  0.562441  0.579104  0.774032  0.569612  0.606047  0.841848  0.773068  0.680847 
4  0.620392  0.665910  0.424638  0.308546 0.0  0.440365  0.742195  0.707687  0.743561  0.820277  0.738762  0.778363  0.828036  0.828836  0.745958  0.439206  0.468413  0.810660  0.732131  0.752371  0.454712  0.427672  0.534838  0.373330  0.707437  0.795465  0.469916  0.854495  0.287234  0.456480  0.495614  0.848545  0.594913  0.347139  0.439467  0.811332  0.851231  0.440610  0.527373  0.601939  0.817860  0.831717  0.780497  0.498110  0.853122  0.516234  0.794116  0.408920  0.392557  0.835585  0.822577  0.751722  0.824537  0.642904  0.579586  0.827388  0.460002  0.616662  0.752725  0.775313  0.600501 
5  0.761929  0.601740  0.542760  0.392739  0.440365 0.0  0.798203  0.748041  0.834005  0.852058  0.844816  0.744360  0.821781  0.827071  0.857521  0.383297  0.530686  0.854738  0.793537  0.808424  0.428691  0.399314  0.676712  0.451895  0.760651  0.639132  0.519228  0.831731  0.485527  0.516791  0.535412  0.848778  0.684670  0.534008  0.575600  0.850290  0.812962  0.503657  0.735624  0.742838  0.746255  0.780634  0.773037  0.295919  0.749570  0.531220  0.805137  0.345010  0.413111  0.852648  0.775572  0.740914  0.750458  0.536652  0.314377  0.717796  0.524725  0.615407  0.739265  0.804850  0.652849 
6  0.756490  0.578162  0.796972  0.836351  0.742195  0.798203 0.0  0.831587  0.340847  0.783784  0.741183  0.763729  0.882371  0.725899  0.373536  0.767461  0.772926  0.840014  0.359320  0.858234  0.766033  0.848573  0.795434  0.775656  0.760313  0.708767  0.769422  0.780089  0.836885  0.714684  0.792112  0.711001  0.829952  0.772128  0.701447  0.830889  0.874926  0.802664  0.765179  0.770243  0.794343  0.820498  0.703290  0.685018  0.779123  0.705032  0.841744  0.784531  0.751961  0.894256  0.747357  0.858029  0.740873  0.812527  0.720880  0.778602  0.777166  0.764374  0.232457  0.206473  0.722661 
7  0.668237  0.542181  0.847584  0.831652  0.707687  0.748041  0.831587 0.0  0.794195  0.833626  0.614699  0.791987  0.854359  0.862999  0.855536  0.873325  0.797861  0.748150  0.724296  0.730265  0.690137  0.844912  0.912378  0.779897  0.730024  0.637022  0.835171  0.375292  0.786739  0.784659  0.771132  0.860216  0.682938  0.759725  0.841028  0.548653  0.751799  0.752660  0.770442  0.680083  0.616079  0.733894  0.434146  0.617082  0.416754  0.815627  0.446738  0.819997  0.827226  0.762217  0.646334  0.773696  0.821139  0.697094  0.798111  0.410804  0.816545  0.798744  0.902320  0.864226  0.695773 
8  0.663908  0.675747  0.781095  0.757830  0.743561  0.834005  0.340847  0.794195 0.0  0.820012  0.778175  0.732069  0.756731  0.724235  0.444843  0.874313  0.725688  0.790603  0.329727  0.838808  0.760512  0.884372  0.777587  0.742889  0.666177  0.694054  0.787755  0.781671  0.885085  0.845262  0.839230  0.784646  0.782630  0.830329  0.783911  0.732123  0.720029  0.785052  0.768496  0.778561  0.862090  0.841133  0.749112  0.795382  0.778361  0.763667  0.852371  0.754240  0.730951  0.772224  0.735612  0.831921  0.728407  0.858502  0.761341  0.696866  0.819055  0.831581  0.408415  0.351158  0.800890 
9  0.747464  0.570132  0.815852  0.714088  0.820277  0.852058  0.783784  0.833626  0.820012 0.0  0.814662  0.824632  0.798434  0.430025  0.818898  0.754844  0.840682  0.882504  0.727652  0.513905  0.861937  0.793516  0.864509  0.883373  0.799352  0.711109  0.790189  0.850885  0.730531  0.836481  0.863436  0.842668  0.880600  0.833669  0.742597  0.751104  0.411069  0.802267  0.862254  0.814148  0.371713  0.353194  0.824623  0.819700  0.898909  0.854599  0.743968  0.797958  0.757601  0.386162  0.912756  0.403052  0.837771  0.900511  0.774414  0.772182  0.859794  0.927925  0.750010  0.806441  0.816892 
10  0.887345  0.599091  0.800810  0.819724  0.738762  0.844816  0.741183  0.614699  0.778175  0.814662 0.0  0.757772  0.624107  0.856604  0.790460  0.660245  0.759450  0.782762  0.752911  0.765923  0.833158  0.718329  0.849378  0.725496  0.764548  0.735627  0.802690  0.549774  0.712488  0.760127  0.899733  0.705920  0.709520  0.849285  0.719920  0.505221  0.714823  0.785119  0.751711  0.836990  0.753874  0.765454  0.543545  0.739418  0.585687  0.763141  0.493509  0.650445  0.831059  0.719802  0.293190  0.771532  0.744175  0.867950  0.750925  0.541825  0.748514  0.849894  0.795898  0.916761  0.722203 
11  0.758372  0.662461  0.751710  0.825932  0.778363  0.744360  0.763729  0.791987  0.732069  0.824632  0.757772 0.0  0.568518  0.830647  0.818811  0.804561  0.884864  0.371274  0.821074  0.830559  0.941303  0.795030  0.812610  0.797050  0.727641  0.695072  0.935022  0.832320  0.894534  0.690559  0.872650  0.410975  0.875623  0.742008  0.747663  0.759503  0.856140  0.766034  0.961372  0.852457  0.807677  0.819364  0.730311  0.790651  0.784199  0.881402  0.825754  0.824804  0.825544  0.887327  0.788004  0.741207  0.385905  0.867150  0.825059  0.789500  0.844411  0.908379  0.798271  0.797160  0.867493 
12  0.670133  0.575755  0.774929  0.732277  0.828036  0.821781  0.882371  0.854359  0.756731  0.798434  0.624107  0.568518 0.0  0.867078  0.831934  0.816534  0.811927  0.572647  0.811872  0.723450  0.729653  0.808097  0.727620  0.806545  0.718090  0.721970  0.795548  0.707499  0.752808  0.765218  0.830407  0.632761  0.911519  0.761436  0.744866  0.637251  0.864430  0.766219  0.778136  0.752874  0.778486  0.835484  0.833601  0.666405  0.800596  0.805056  0.741970  0.759207  0.763192  0.908475  0.589195  0.812486  0.558391  0.799128  0.770525  0.816059  0.779653  0.755137  0.842581  0.687579  0.782316 
13  0.760382  0.634536  0.885712  0.795726  0.828836  0.827071  0.725899  0.862999  0.724235  0.430025  0.856604  0.830647  0.867078 0.0  0.793770  0.889673  0.729379  0.821796  0.746683  0.403889  0.806668  0.779502  0.780854  0.853781  0.744807  0.794733  0.841628  0.773831  0.939273  0.783901  0.806315  0.952020  0.824468  0.866177  0.749601  0.803988  0.352294  0.821069  0.799679  0.820907  0.387023  0.296047  0.768987  0.820557  0.816284  0.875574  0.810946  0.751548  0.762283  0.425305  0.838138  0.471200  0.831045  0.846748  0.815124  0.740454  0.778213  0.842088  0.638846  0.734973  0.929462 
14  0.827309  0.579913  0.795558  0.809134  0.745958  0.857521  0.373536  0.855536  0.444843  0.818898  0.790460  0.818811  0.831934  0.793770 0.0  0.810870  0.783021  0.876069  0.218622  0.765482  0.808958  0.850464  0.874939  0.884425  0.757391  0.680273  0.778825  0.789811  0.816194  0.837721  0.733661  0.749432  0.873451  0.784196  0.753335  0.802571  0.740499  0.706869  0.797822  0.768054  0.785523  0.838141  0.784149  0.775683  0.902353  0.780917  0.808052  0.819636  0.889750  0.891113  0.827930  0.805606  0.840693  0.670145  0.760727  0.681559  0.787329  0.710701  0.311362  0.446645  0.701945 
15  0.711204  0.681650  0.571063  0.555882  0.439206  0.383297  0.767461  0.873325  0.874313  0.754844  0.660245  0.804561  0.816534  0.889673  0.810870 0.0  0.358634  0.818647  0.731142  0.853928  0.489000  0.442226  0.595938  0.556126  0.772618  0.783829  0.420639  0.789445  0.400818  0.453399  0.536135  0.781845  0.590159  0.547103  0.365145  0.737641  0.807396  0.533641  0.606375  0.632760  0.828585  0.784695  0.738937  0.425840  0.789342  0.378847  0.859139  0.392218  0.430427  0.847159  0.724541  0.859960  0.810552  0.696989  0.541372  0.714112  0.419549  0.552769  0.850509  0.798258  0.555844 
16  0.748649  0.513729  0.476170  0.511366  0.468413  0.530686  0.772926  0.797861  0.725688  0.840682  0.759450  0.884864  0.811927  0.729379  0.783021  0.358634 0.0  0.768624  0.782877  0.827425  0.614099  0.543905  0.594992  0.520524  0.664136  0.853831  0.424340  0.852598  0.424725  0.375114  0.540451  0.874088  0.638260  0.490606  0.488820  0.809585  0.778233  0.371108  0.636118  0.575231  0.765769  0.761047  0.696939  0.526558  0.746055  0.221886  0.799709  0.492960  0.474490  0.794531  0.790269  0.765385  0.936597  0.573622  0.507060  0.781045  0.366700  0.633574  0.810624  0.692679  0.671038 
17  0.761116  0.678026  0.814379  0.762175  0.810660  0.854738  0.840014  0.748150  0.790603  0.882504  0.782762  0.371274  0.572647  0.821796  0.876069  0.818647  0.768624 0.0  0.742062  0.879582  0.739644  0.845929  0.794947  0.851749  0.767513  0.826207  0.830054  0.693910  0.635683  0.807996  0.724205  0.448901  0.707001  0.811024  0.751042  0.875701  0.816613  0.849381  0.811723  0.723177  0.754386  0.837848  0.724178  0.727297  0.865039  0.787522  0.887733  0.772340  0.772146  0.780283  0.765557  0.840464  0.385682  0.712356  0.794461  0.675301  0.791152  0.681862  0.857524  0.719215  0.744131 
18  0.653008  0.657945  0.848731  0.816782  0.732131  0.793537  0.359320  0.724296  0.329727  0.727652  0.752911  0.821074  0.811872  0.746683  0.218622  0.731142  0.782877  0.742062 0.0  0.780689  0.773906  0.720824  0.784941  0.755531  0.791271  0.739847  0.760845  0.835739  0.827245  0.804346  0.754857  0.754222  0.797202  0.715448  0.632324  0.838685  0.720494  0.769949  0.720404  0.775075  0.836407  0.850093  0.764636  0.815228  0.706977  0.795925  0.800424  0.676992  0.766572  0.899653  0.730982  0.816571  0.928499  0.808119  0.824567  0.716479  0.776340  0.784846  0.497800  0.465685  0.873597 
19  0.784416  0.557872  0.835212  0.831437  0.752371  0.808424  0.858234  0.730265  0.838808  0.513905  0.765923  0.830559  0.723450  0.403889  0.765482  0.853928  0.827425  0.879582  0.780689 0.0  0.757778  0.824059  0.843682  0.800762  0.751263  0.692689  0.817565  0.769028  0.753889  0.793910  0.900014  0.787000  0.849682  0.832426  0.761267  0.667485  0.342983  0.705833  0.917222  0.894406  0.440964  0.271304  0.830175  0.879765  0.790733  0.810109  0.772658  0.842467  0.742915  0.423463  0.776247  0.479465  0.788599  0.835949  0.786690  0.825623  0.849270  0.822024  0.773225  0.820673  0.806021 
20  0.739431  0.788744  0.393141  0.565928  0.454712  0.428691  0.766033  0.690137  0.760512  0.861937  0.833158  0.941303  0.729653  0.806668  0.808958  0.489000  0.614099  0.739644  0.773906  0.757778 0.0  0.375384  0.694207  0.476568  0.722494  0.672944  0.546798  0.818982  0.526029  0.367448  0.470492  0.835766  0.521852  0.445000  0.509669  0.889535  0.942005  0.517200  0.641401  0.698335  0.840236  0.785858  0.764954  0.399818  0.799577  0.537609  0.872908  0.389687  0.530910  0.853986  0.820870  0.673235  0.811811  0.597580  0.337141  0.755475  0.549958  0.651845  0.707636  0.772230  0.726875 
21  0.669049  0.750857  0.407358  0.305788  0.427672  0.399314  0.848573  0.844912  0.884372  0.793516  0.718329  0.795030  0.808097  0.779502  0.850464  0.442226  0.543905  0.845929  0.720824  0.824059  0.375384 0.0  0.627023  0.455261  0.669713  0.724625  0.475952  0.862116  0.418267  0.361672  0.504335  0.802053  0.656727  0.471148  0.652307  0.776093  0.785635  0.389088  0.596506  0.599263  0.755743  0.862741  0.756145  0.301915  0.760280  0.528943  0.754772  0.378724  0.431690  0.885839  0.831991  0.794173  0.757877  0.611444  0.395125  0.695912  0.469987  0.715223  0.860032  0.817623  0.700828 
22  0.630370  0.655227  0.595674  0.691189  0.534838  0.676712  0.795434  0.912378  0.777587  0.864509  0.849378  0.812610  0.727620  0.780854  0.874939  0.595938  0.594992  0.794947  0.784941  0.843682  0.694207  0.627023 0.0  0.508136  0.776338  0.790493  0.583639  0.856049  0.660383  0.555833  0.522357  0.821139  0.483831  0.616371  0.611360  0.770656  0.813379  0.552649  0.381995  0.549250  0.739183  0.764310  0.686023  0.615168  0.694975  0.621961  0.671820  0.628162  0.613627  0.858166  0.771353  0.811490  0.849651  0.361164  0.670600  0.701645  0.623939  0.522257  0.826322  0.828314  0.392939 
23  0.672003  0.603343  0.444548  0.503929  0.373330  0.451895  0.775656  0.779897  0.742889  0.883373  0.725496  0.797050  0.806545  0.853781  0.884425  0.556126  0.520524  0.851749  0.755531  0.800762  0.476568  0.455261  0.508136 0.0  0.658464  0.686632  0.540989  0.859750  0.422988  0.374180  0.342304  0.868162  0.645960  0.411149  0.418596  0.727562  0.745381  0.448678  0.473928  0.624922  0.820562  0.849806  0.745992  0.446196  0.811283  0.518289  0.774832  0.429779  0.416616  0.837376  0.817072  0.783624  0.772680  0.647209  0.512414  0.728692  0.532793  0.564617  0.759861  0.761356  0.660941 
24  0.789782  0.709759  0.828324  0.817293  0.707437  0.760651  0.760313  0.730024  0.666177  0.799352  0.764548  0.727641  0.718090  0.744807  0.757391  0.772618  0.664136  0.767513  0.791271  0.751263  0.722494  0.669713  0.776338  0.658464 0.0  0.303349  0.733074  0.757617  0.720210  0.728328  0.759158  0.719315  0.691072  0.658825  0.747299  0.727092  0.762225  0.795151  0.788319  0.699070  0.784669  0.688941  0.859481  0.683649  0.679434  0.779213  0.736630  0.738337  0.712297  0.796865  0.739811  0.791470  0.687305  0.781654  0.671432  0.717380  0.743064  0.814860  0.741982  0.780768  0.833526 
25  0.747781  0.570804  0.732109  0.799687  0.795465  0.639132  0.708767  0.637022  0.694054  0.711109  0.735627  0.695072  0.721970  0.794733  0.680273  0.783829  0.853831  0.826207  0.739847  0.692689  0.672944  0.724625  0.790493  0.686632  0.303349 0.0  0.799002  0.681593  0.691091  0.687249  0.698037  0.759921  0.689445  0.717021  0.766089  0.826613  0.656957  0.725544  0.705325  0.786239  0.821483  0.855960  0.699321  0.768753  0.816740  0.700652  0.714783  0.831069  0.786760  0.725502  0.632021  0.813598  0.762913  0.635075  0.694395  0.642562  0.653580  0.794475  0.667565  0.646900  0.805876 
26  0.682841  0.688917  0.469056  0.468855  0.469916  0.519228  0.769422  0.835171  0.787755  0.790189  0.802690  0.935022  0.795548  0.841628  0.778825  0.420639  0.424340  0.830054  0.760845  0.817565  0.546798  0.475952  0.583639  0.540989  0.733074  0.799002 0.0  0.785646  0.517645  0.463298  0.358958  0.811643  0.660647  0.455393  0.399174  0.916265  0.892930  0.280126  0.688155  0.539020  0.752749  0.891524  0.762529  0.449039  0.772658  0.474684  0.849615  0.528161  0.380703  0.745464  0.799955  0.811313  0.835591  0.583727  0.509503  0.653716  0.319409  0.647237  0.809050  0.860585  0.685018 
27  0.741660  0.662751  0.831423  0.703188  0.854495  0.831731  0.780089  0.375292  0.781671  0.850885  0.549774  0.832320  0.707499  0.773831  0.789811  0.789445  0.852598  0.693910  0.835739  0.769028  0.818982  0.862116  0.856049  0.859750  0.757617  0.681593  0.785646 0.0  0.742635  0.791381  0.750494  0.770282  0.722520  0.823224  0.743756  0.732718  0.767379  0.819892  0.783012  0.631792  0.661347  0.808463  0.499369  0.714272  0.437019  0.750011  0.443576  0.738095  0.804659  0.795627  0.584550  0.850203  0.830408  0.796120  0.745635  0.417982  0.782531  0.688088  0.701287  0.718966  0.770097 
28  0.692114  0.636774  0.409287  0.343630  0.287234  0.485527  0.836885  0.786739  0.885085  0.730531  0.712488  0.894534  0.752808  0.939273  0.816194  0.400818  0.424725  0.635683  0.827245  0.753889  0.526029  0.418267  0.660383  0.422988  0.720210  0.691091  0.517645  0.742635 0.0  0.438865  0.505222  0.844326  0.624089  0.386826  0.436396  0.748316  0.771891  0.444222  0.625426  0.641929  0.782979  0.844713  0.767794  0.415534  0.877372  0.507353  0.724200  0.374773  0.445981  0.793045  0.853327  0.749759  0.731943  0.614409  0.385684  0.741903  0.632819  0.652130  0.765696  0.743676  0.583497 
29  0.750026  0.676024  0.400572  0.336144  0.456480  0.516791  0.714684  0.784659  0.845262  0.836481  0.760127  0.690559  0.765218  0.783901  0.837721  0.453399  0.375114  0.807996  0.804346  0.793910  0.367448  0.361672  0.555833  0.374180  0.728328  0.687249  0.463298  0.791381  0.438865 0.0  0.339195  0.761254  0.511315  0.442823  0.394130  0.664986  0.818658  0.351544  0.486142  0.557345  0.682297  0.787197  0.620940  0.372510  0.726629  0.387751  0.746407  0.525609  0.408683  0.735511  0.683449  0.815648  0.666808  0.601182  0.376564  0.792826  0.477615  0.495422  0.814872  0.861585  0.695665 
30  0.694796  0.654506  0.466128  0.447036  0.495614  0.535412  0.792112  0.771132  0.839230  0.863436  0.899733  0.872650  0.830407  0.806315  0.733661  0.536135  0.540451  0.724205  0.754857  0.900014  0.470492  0.504335  0.522357  0.342304  0.759158  0.698037  0.358958  0.750494  0.505222  0.339195 0.0  0.824325  0.597042  0.406341  0.507800  0.882906  0.849497  0.418063  0.597617  0.595786  0.808025  0.911782  0.753442  0.464724  0.655683  0.407982  0.734659  0.407493  0.398619  0.718774  0.765578  0.942312  0.800195  0.612478  0.507291  0.748505  0.433682  0.521424  0.848805  0.728883  0.625742 
31  0.788836  0.650891  0.760292  0.827494  0.848545  0.848778  0.711001  0.860216  0.784646  0.842668  0.705920  0.410975  0.632761  0.952020  0.749432  0.781845  0.874088  0.448901  0.754222  0.787000  0.835766  0.802053  0.821139  0.868162  0.719315  0.759921  0.811643  0.770282  0.844326  0.761254  0.824325 0.0  0.830334  0.753538  0.842711  0.685885  1.000000  0.829596  0.756691  0.783601  0.710494  0.848810  0.785708  0.857156  0.857348  0.848650  0.782023  0.894954  0.667367  0.924822  0.813091  0.813156  0.401003  0.757920  0.834724  0.752991  0.891440  0.905961  0.865278  0.779890  0.830923 
32  0.649980  0.648533  0.595700  0.566334  0.594913  0.684670  0.829952  0.682938  0.782630  0.880600  0.709520  0.875623  0.911519  0.824468  0.873451  0.590159  0.638260  0.707001  0.797202  0.849682  0.521852  0.656727  0.483831  0.645960  0.691072  0.689445  0.660647  0.722520  0.624089  0.511315  0.597042  0.830334 0.0  0.629269  0.556651  0.796596  0.801760  0.552367  0.499255  0.353844  0.713165  0.835256  0.754050  0.595648  0.872318  0.593551  0.780471  0.591206  0.623331  0.774536  0.813805  0.781461  0.833658  0.448238  0.625972  0.666756  0.609164  0.437831  0.713065  0.816406  0.372943 
33  0.750818  0.613012  0.371792  0.291257  0.347139  0.534008  0.772128  0.759725  0.830329  0.833669  0.849285  0.742008  0.761436  0.866177  0.784196  0.547103  0.490606  0.811024  0.715448  0.832426  0.445000  0.471148  0.616371  0.411149  0.658825  0.717021  0.455393  0.823224  0.386826  0.442823  0.406341  0.753538  0.629269 0.0  0.500569  0.683601  0.793447  0.382286  0.670264  0.652966  0.716423  0.826004  0.718851  0.518169  0.729587  0.447022  0.791464  0.596748  0.559581  0.749111  0.818727  0.836028  0.863000  0.557035  0.457284  0.721290  0.503206  0.605288  0.803768  0.777718  0.517938 
34  0.681033  0.661613  0.434965  0.444898  0.439467  0.575600  0.701447  0.841028  0.783911  0.742597  0.719920  0.747663  0.744866  0.749601  0.753335  0.365145  0.488820  0.751042  0.632324  0.761267  0.509669  0.652307  0.611360  0.418596  0.747299  0.766089  0.399174  0.743756  0.436396  0.394130  0.507800  0.842711  0.556651  0.500569 0.0  0.694817  0.857046  0.446113  0.628561  0.536760  0.860288  0.835903  0.612446  0.420290  0.792642  0.359326  0.710838  0.498307  0.413839  0.785032  0.758476  0.850847  0.826015  0.632387  0.552214  0.706162  0.431356  0.490696  0.751566  0.687926  0.584581 
35  0.796638  0.636233  0.819744  0.869835  0.811332  0.850290  0.830889  0.548653  0.732123  0.751104  0.505221  0.759503  0.637251  0.803988  0.802571  0.737641  0.809585  0.875701  0.838685  0.667485  0.889535  0.776093  0.770656  0.727562  0.727092  0.826613  0.916265  0.732718  0.748316  0.664986  0.882906  0.685885  0.796596  0.683601  0.694817 0.0  0.846935  0.727416  0.773223  0.720015  0.834685  0.895395  0.471471  0.845275  0.620015  0.735056  0.516831  0.815630  0.810142  0.792301  0.413578  0.867952  0.853252  0.772807  0.879501  0.433850  0.791388  0.920555  0.836791  0.838069  0.814160 
36  0.695639  0.661313  0.827887  0.816649  0.851231  0.812962  0.874926  0.751799  0.720029  0.411069  0.714823  0.856140  0.864430  0.352294  0.740499  0.807396  0.778233  0.816613  0.720494  0.342983  0.942005  0.785635  0.813379  0.745381  0.762225  0.656957  0.892930  0.767379  0.771891  0.818658  0.849497  1.000000  0.801760  0.793447  0.857046  0.846935 0.0  0.748752  0.825126  0.811920  0.369367  0.422367  0.707041  0.827553  0.776978  0.845320  0.784274  0.789312  0.848034  0.350504  0.829453  0.445667  0.874656  0.738694  0.738731  0.784358  0.800524  0.884277  0.781742  0.830860  0.882428 
37  0.814621  0.624976  0.358685  0.361232  0.440610  0.503657  0.802664  0.752660  0.785052  0.802267  0.785119  0.766034  0.766219  0.821069  0.706869  0.533641  0.371108  0.849381  0.769949  0.705833  0.517200  0.389088  0.552649  0.448678  0.795151  0.725544  0.280126  0.819892  0.444222  0.351544  0.418063  0.829596  0.552367  0.382286  0.446113  0.727416  0.748752 0.0  0.498354  0.502865  0.792448  0.720587  0.624451  0.318441  0.746966  0.413206  0.856971  0.434743  0.459882  0.817629  0.695835  0.748798  0.857125  0.550454  0.366132  0.731170  0.375697  0.574819  0.839236  0.805759  0.633092 
38  0.711805  0.718143  0.642528  0.520206  0.527373  0.735624  0.765179  0.770442  0.768496  0.862254  0.751711  0.961372  0.778136  0.799679  0.797822  0.606375  0.636118  0.811723  0.720404  0.917222  0.641401  0.596506  0.381995  0.473928  0.788319  0.705325  0.688155  0.783012  0.625426  0.486142  0.597617  0.756691  0.499255  0.670264  0.628561  0.773223  0.825126  0.498354 0.0  0.618884  0.825674  0.672818  0.695922  0.494215  0.715923  0.692337  0.691263  0.659559  0.504594  0.870526  0.875508  0.779115  0.877201  0.346534  0.631673  0.748687  0.528165  0.528991  0.847614  0.824211  0.377390 
39  0.714752  0.593877  0.608504  0.654948  0.601939  0.742838  0.770243  0.680083  0.778561  0.814148  0.836990  0.852457  0.752874  0.820907  0.768054  0.632760  0.575231  0.723177  0.775075  0.894406  0.698335  0.599263  0.549250  0.624922  0.699070  0.786239  0.539020  0.631792  0.641929  0.557345  0.595786  0.783601  0.353844  0.652966  0.536760  0.720015  0.811920  0.502865  0.618884 0.0  0.662354  0.794606  0.724839  0.617038  0.790573  0.644206  0.785487  0.659491  0.597566  0.758621  0.797634  0.880910  0.842968  0.487508  0.596593  0.641055  0.632419  0.400986  0.809035  0.927125  0.630213 
40  0.774417  0.625109  0.833763  0.861525  0.817860  0.746255  0.794343  0.616079  0.862090  0.371713  0.753874  0.807677  0.778486  0.387023  0.785523  0.828585  0.765769  0.754386  0.836407  0.440964  0.840236  0.755743  0.739183  0.820562  0.784669  0.821483  0.752749  0.661347  0.782979  0.682297  0.808025  0.710494  0.713165  0.716423  0.860288  0.834685  0.369367  0.792448  0.825674  0.662354 0.0  0.334046  0.715462  0.770480  0.875754  0.856477  0.774498  0.800569  0.766035  0.307437  0.747865  0.436989  0.725078  0.788271  0.857012  0.710165  0.761108  0.639548  0.789068  0.672881  0.769335 
41  0.792526  0.622469  0.829673  0.927291  0.831717  0.780634  0.820498  0.733894  0.841133  0.353194  0.765454  0.819364  0.835484  0.296047  0.838141  0.784695  0.761047  0.837848  0.850093  0.271304  0.785858  0.862741  0.764310  0.849806  0.688941  0.855960  0.891524  0.808463  0.844713  0.787197  0.911782  0.848810  0.835256  0.826004  0.835903  0.895395  0.422367  0.720587  0.672818  0.794606  0.334046 0.0  0.696478  0.774184  0.789151  0.865039  0.807637  0.846723  0.700296  0.389531  0.729989  0.455572  0.876571  0.739869  0.845010  0.709224  0.791743  0.825784  0.767612  0.801583  0.807273 
42  0.741763  0.572842  0.798623  0.802986  0.780497  0.773037  0.703290  0.434146  0.749112  0.824623  0.543545  0.730311  0.833601  0.768987  0.784149  0.738937  0.696939  0.724178  0.764636  0.830175  0.764954  0.756145  0.686023  0.745992  0.859481  0.699321  0.762529  0.499369  0.767794  0.620940  0.753442  0.785708  0.754050  0.718851  0.612446  0.471471  0.707041  0.624451  0.695922  0.724839  0.715462  0.696478 0.0  0.830878  0.403580  0.710412  0.459774  0.763506  0.766134  0.798558  0.461782  0.672290  0.711157  0.638938  0.836081  0.291386  0.795999  0.714408  0.820701  0.639744  0.756762 
43  0.779700  0.528969  0.464251  0.450767  0.498110  0.295919  0.685018  0.617082  0.795382  0.819700  0.739418  0.790651  0.666405  0.820557  0.775683  0.425840  0.526558  0.727297  0.815228  0.879765  0.399818  0.301915  0.615168  0.446196  0.683649  0.768753  0.449039  0.714272  0.415534  0.372510  0.464724  0.857156  0.595648  0.518169  0.420290  0.845275  0.827553  0.318441  0.494215  0.617038  0.770480  0.774184  0.830878 0.0  0.871324  0.522213  0.843537  0.245047  0.417912  0.825019  0.792087  0.914610  0.796354  0.635343  0.333802  0.742226  0.585894  0.679273  0.897490  0.730403  0.659683 
44  0.833323  0.643913  0.718827  0.842149  0.853122  0.749570  0.779123  0.416754  0.778361  0.898909  0.585687  0.784199  0.800596  0.816284  0.902353  0.789342  0.746055  0.865039  0.706977  0.790733  0.799577  0.760280  0.694975  0.811283  0.679434  0.816740  0.772658  0.437019  0.877372  0.726629  0.655683  0.857348  0.872318  0.729587  0.792642  0.620015  0.776978  0.746966  0.715923  0.790573  0.875754  0.789151  0.403580  0.871324 0.0  0.824682  0.248165  0.725297  0.724458  0.836705  0.539411  0.781013  0.708266  0.695838  0.719742  0.596074  0.812589  0.840290  0.854526  0.826742  0.684867 
45  0.791557  0.580003  0.451616  0.449832  0.516234  0.531220  0.705032  0.815627  0.763667  0.854599  0.763141  0.881402  0.805056  0.875574  0.780917  0.378847  0.221886  0.787522  0.795925  0.810109  0.537609  0.528943  0.621961  0.518289  0.779213  0.700652  0.474684  0.750011  0.507353  0.387751  0.407982  0.848650  0.593551  0.447022  0.359326  0.735056  0.845320  0.413206  0.692337  0.644206  0.856477  0.865039  0.710412  0.522213  0.824682 0.0  0.834720  0.557292  0.529478  0.811206  0.748766  0.767841  0.831577  0.608863  0.521319  0.689101  0.311262  0.726150  0.769181  0.786126  0.656985 
46  0.738358  0.656102  0.813724  0.726999  0.794116  0.805137  0.841744  0.446738  0.852371  0.743968  0.493509  0.825754  0.741970  0.810946  0.808052  0.859139  0.799709  0.887733  0.800424  0.772658  0.872908  0.754772  0.671820  0.774832  0.736630  0.714783  0.849615  0.443576  0.724200  0.746407  0.734659  0.782023  0.780471  0.791464  0.710838  0.516831  0.784274  0.856971  0.691263  0.785487  0.774498  0.807637  0.459774  0.843537  0.248165  0.834720 0.0  0.854040  0.761920  0.917631  0.662018  0.847428  0.776452  0.732852  0.869441  0.562031  0.817171  0.716394  0.788768  0.917016  0.671537 
47  0.680597  0.682675  0.563514  0.424436  0.408920  0.345010  0.784531  0.819997  0.754240  0.797958  0.650445  0.824804  0.759207  0.751548  0.819636  0.392218  0.492960  0.772340  0.676992  0.842467  0.389687  0.378724  0.628162  0.429779  0.738337  0.831069  0.528161  0.738095  0.374773  0.525609  0.407493  0.894954  0.591206  0.596748  0.498307  0.815630  0.789312  0.434743  0.659559  0.659491  0.800569  0.846723  0.763506  0.245047  0.725297  0.557292  0.854040 0.0  0.431699  0.728279  0.821350  0.742328  0.866172  0.591097  0.322455  0.683885  0.574386  0.483504  0.735244  0.816165  0.615873 
48  0.786371  0.591377  0.441514  0.336290  0.392557  0.413111  0.751961  0.827226  0.730951  0.757601  0.831059  0.825544  0.763192  0.762283  0.889750  0.430427  0.474490  0.772146  0.766572  0.742915  0.530910  0.431690  0.613627  0.416616  0.712297  0.786760  0.380703  0.804659  0.445981  0.408683  0.398619  0.667367  0.623331  0.559581  0.413839  0.810142  0.848034  0.459882  0.504594  0.597566  0.766035  0.700296  0.766134  0.417912  0.724458  0.529478  0.761920  0.431699 0.0  0.686036  0.823583  0.868656  0.709729  0.568350  0.358984  0.696534  0.331667  0.557687  0.764210  0.750479  0.559095 
49  0.744008  0.618117  0.821849  0.842528  0.835585  0.852648  0.894256  0.762217  0.772224  0.386162  0.719802  0.887327  0.908475  0.425305  0.891113  0.847159  0.794531  0.780283  0.899653  0.423463  0.853986  0.885839  0.858166  0.837376  0.796865  0.725502  0.745464  0.795627  0.793045  0.735511  0.718774  0.924822  0.774536  0.749111  0.785032  0.792301  0.350504  0.817629  0.870526  0.758621  0.307437  0.389531  0.798558  0.825019  0.836705  0.811206  0.917631  0.728279  0.686036 0.0  0.811899  0.440937  0.885233  0.913759  0.828009  0.758634  0.878354  0.762475  0.827220  0.804672  0.865533 
50  0.803491  0.601844  0.830956  0.835736  0.822577  0.775572  0.747357  0.646334  0.735612  0.912756  0.293190  0.788004  0.589195  0.838138  0.827930  0.724541  0.790269  0.765557  0.730982  0.776247  0.820870  0.831991  0.771353  0.817072  0.739811  0.632021  0.799955  0.584550  0.853327  0.683449  0.765578  0.813091  0.813805  0.818727  0.758476  0.413578  0.829453  0.695835  0.875508  0.797634  0.747865  0.729989  0.461782  0.792087  0.539411  0.748766  0.662018  0.821350  0.823583  0.811899 0.0  0.796714  0.891409  0.786001  0.779111  0.545765  0.756741  0.784933  0.802483  0.801029  0.831765 
51  0.700183  0.621193  0.743008  0.785628  0.751722  0.740914  0.858029  0.773696  0.831921  0.403052  0.771532  0.741207  0.812486  0.471200  0.805606  0.859960  0.765385  0.840464  0.816571  0.479465  0.673235  0.794173  0.811490  0.783624  0.791470  0.813598  0.811313  0.850203  0.749759  0.815648  0.942312  0.813156  0.781461  0.836028  0.850847  0.867952  0.445667  0.748798  0.779115  0.880910  0.436989  0.455572  0.672290  0.914610  0.781013  0.767841  0.847428  0.742328  0.868656  0.440937  0.796714 0.0  0.797773  0.906928  0.761142  0.724448  0.908985  0.859396  0.654930  0.839835  0.784047 
52  0.804447  0.744620  0.779353  0.818088  0.824537  0.750458  0.740873  0.821139  0.728407  0.837771  0.744175  0.385905  0.558391  0.831045  0.840693  0.810552  0.936597  0.385682  0.928499  0.788599  0.811811  0.757877  0.849651  0.772680  0.687305  0.762913  0.835591  0.830408  0.731943  0.666808  0.800195  0.401003  0.833658  0.863000  0.826015  0.853252  0.874656  0.857125  0.877201  0.842968  0.725078  0.876571  0.711157  0.796354  0.708266  0.831577  0.776452  0.866172  0.709729  0.885233  0.891409  0.797773 0.0  0.823155  0.755258  0.746166  0.702249  0.855099  0.802968  0.852926  0.797892 
53  0.810788  0.685580  0.683187  0.562441  0.642904  0.536652  0.812527  0.697094  0.858502  0.900511  0.867950  0.867150  0.799128  0.846748  0.670145  0.696989  0.573622  0.712356  0.808119  0.835949  0.597580  0.611444  0.361164  0.647209  0.781654  0.635075  0.583727  0.796120  0.614409  0.601182  0.612478  0.757920  0.448238  0.557035  0.632387  0.772807  0.738694  0.550454  0.346534  0.487508  0.788271  0.739869  0.638938  0.635343  0.695838  0.608863  0.732852  0.591097  0.568350  0.913759  0.786001  0.906928  0.823155 0.0  0.664463  0.704661  0.694147  0.514511  0.733641  0.704600  0.317859 
54  0.770859  0.672626  0.485047  0.579104  0.579586  0.314377  0.720880  0.798111  0.761341  0.774414  0.750925  0.825059  0.770525  0.815124  0.760727  0.541372  0.507060  0.794461  0.824567  0.786690  0.337141  0.395125  0.670600  0.512414  0.671432  0.694395  0.509503  0.745635  0.385684  0.376564  0.507291  0.834724  0.625972  0.457284  0.552214  0.879501  0.738731  0.366132  0.631673  0.596593  0.857012  0.845010  0.836081  0.333802  0.719742  0.521319  0.869441  0.322455  0.358984  0.828009  0.779111  0.761142  0.755258  0.664463 0.0  0.701232  0.558844  0.579578  0.715375  0.782557  0.546780 
55  0.729172  0.663224  0.696636  0.774032  0.827388  0.717796  0.778602  0.410804  0.696866  0.772182  0.541825  0.789500  0.816059  0.740454  0.681559  0.714112  0.781045  0.675301  0.716479  0.825623  0.755475  0.695912  0.701645  0.728692  0.717380  0.642562  0.653716  0.417982  0.741903  0.792826  0.748505  0.752991  0.666756  0.721290  0.706162  0.433850  0.784358  0.731170  0.748687  0.641055  0.710165  0.709224  0.291386  0.742226  0.596074  0.689101  0.562031  0.683885  0.696534  0.758634  0.545765  0.724448  0.746166  0.704661  0.701232 0.0  0.864251  0.712354  0.696606  0.708835  0.667007 
56  0.736249  0.675531  0.529060  0.569612  0.460002  0.524725  0.777166  0.816545  0.819055  0.859794  0.748514  0.844411  0.779653  0.778213  0.787329  0.419549  0.366700  0.791152  0.776340  0.849270  0.549958  0.469987  0.623939  0.532793  0.743064  0.653580  0.319409  0.782531  0.632819  0.477615  0.433682  0.891440  0.609164  0.503206  0.431356  0.791388  0.800524  0.375697  0.528165  0.632419  0.761108  0.791743  0.795999  0.585894  0.812589  0.311262  0.817171  0.574386  0.331667  0.878354  0.756741  0.908985  0.702249  0.694147  0.558844  0.864251 0.0  0.585314  0.783906  0.805883  0.664596 
57  0.782082  0.690894  0.705937  0.606047  0.616662  0.615407  0.764374  0.798744  0.831581  0.927925  0.849894  0.908379  0.755137  0.842088  0.710701  0.552769  0.633574  0.681862  0.784846  0.822024  0.651845  0.715223  0.522257  0.564617  0.814860  0.794475  0.647237  0.688088  0.652130  0.495422  0.521424  0.905961  0.437831  0.605288  0.490696  0.920555  0.884277  0.574819  0.528991  0.400986  0.639548  0.825784  0.714408  0.679273  0.840290  0.726150  0.716394  0.483504  0.557687  0.762475  0.784933  0.859396  0.855099  0.514511  0.579578  0.712354  0.585314 0.0  0.857037  0.799826  0.617689 
58  0.769657  0.690647  0.825626  0.841848  0.752725  0.739265  0.232457  0.902320  0.408415  0.750010  0.795898  0.798271  0.842581  0.638846  0.311362  0.850509  0.810624  0.857524  0.497800  0.773225  0.707636  0.860032  0.826322  0.759861  0.741982  0.667565  0.809050  0.701287  0.765696  0.814872  0.848805  0.865278  0.713065  0.803768  0.751566  0.836791  0.781742  0.839236  0.847614  0.809035  0.789068  0.767612  0.820701  0.897490  0.854526  0.769181  0.788768  0.735244  0.764210  0.827220  0.802483  0.654930  0.802968  0.733641  0.715375  0.696606  0.783906  0.857037 0.0  0.272052  0.835314 
59  0.680154  0.623364  0.772535  0.773068  0.775313  0.804850  0.206473  0.864226  0.351158  0.806441  0.916761  0.797160  0.687579  0.734973  0.446645  0.798258  0.692679  0.719215  0.465685  0.820673  0.772230  0.817623  0.828314  0.761356  0.780768  0.646900  0.860585  0.718966  0.743676  0.861585  0.728883  0.779890  0.816406  0.777718  0.687926  0.838069  0.830860  0.805759  0.824211  0.927125  0.672881  0.801583  0.639744  0.730403  0.826742  0.786126  0.917016  0.816165  0.750479  0.804672  0.801029  0.839835  0.852926  0.704600  0.782557  0.708835  0.805883  0.799826  0.272052 0.0  0.758122 
60  0.695320  0.628461  0.632063  0.680847  0.600501  0.652849  0.722661  0.695773  0.800890  0.816892  0.722203  0.867493  0.782316  0.929462  0.701945  0.555844  0.671038  0.744131  0.873597  0.806021  0.726875  0.700828  0.392939  0.660941  0.833526  0.805876  0.685018  0.770097  0.583497  0.695665  0.625742  0.830923  0.372943  0.517938  0.584581  0.814160  0.882428  0.633092  0.377390  0.630213  0.769335  0.807273  0.756762  0.659683  0.684867  0.656985  0.671537  0.615873  0.559095  0.865533  0.831765  0.784047  0.797892  0.317859  0.546780  0.667007  0.664596  0.617689  0.835314  0.758122 0.0 
