61
0 0.0  0.582070  0.794931  0.764079  0.782142  0.757974  0.731743  0.696216  0.800892  0.717509  0.770528  0.715089  0.723765  0.732556  0.721251  0.805773  0.710121  0.837306  0.691206  0.894213  0.778530  0.751847  0.718531  0.744705  0.664234  0.789607  0.695919  0.683453  0.739516  0.755731  0.730074  0.722314  0.633295  0.826140  0.733633  0.818663  0.752002  0.788242  0.739718  0.737041  0.663849  0.746543  0.649715  0.730978  0.687809  0.712090  0.712220  0.679073  0.715916  0.690509  0.795212  0.674168  0.783339  0.808986  0.732178  0.793595  0.841677  0.665925  0.787511  0.853472  0.710295 
1  0.582070 0.0  0.594311  0.732700  0.672924  0.581992  0.612948  0.657075  0.686836  0.702590  0.663489  0.605918  0.576111  0.765129  0.775920  0.639330  0.574874  0.574757  0.629277  0.597699  0.642465  0.542616  0.605869  0.581097  0.632982  0.629454  0.619810  0.642677  0.678748  0.552567  0.672299  0.536187  0.627102  0.624240  0.553425  0.665357  0.658368  0.586652  0.597233  0.626331  0.717236  0.603765  0.701663  0.646045  0.750230  0.732685  0.641334  0.585349  0.602800  0.651072  0.627950  0.568452  0.677699  0.631514  0.512501  0.660703  0.622434  0.574230  0.675216  0.599516  0.628330 
2  0.794931  0.594311 0.0  0.286987  0.329674  0.413613  0.841933  0.624848  0.763183  0.765942  0.711378  0.811462  0.747548  0.702712  0.857522  0.478887  0.479222  0.848226  0.790856  0.854273  0.430738  0.438847  0.681591  0.410356  0.754025  0.758733  0.391105  0.780424  0.341035  0.448460  0.467856  0.874992  0.639249  0.410903  0.480451  0.884666  0.750785  0.436398  0.613301  0.650295  0.731732  0.836682  0.682124  0.590966  0.775036  0.477738  0.721174  0.444194  0.364031  0.846512  0.763306  0.767291  0.881387  0.634035  0.437643  0.776467  0.449027  0.620991  0.686159  0.790900  0.511977 
3  0.764079  0.732700  0.286987 0.0  0.381266  0.446656  0.818787  0.865827  0.890830  0.766795  0.796110  0.862982  0.755888  0.767951  0.845765  0.320791  0.344085  0.730445  0.715221  0.821794  0.426975  0.512896  0.595469  0.576079  0.693220  0.815635  0.427303  0.804738  0.387463  0.470618  0.459026  0.772921  0.655871  0.377190  0.465512  0.782871  0.735312  0.371830  0.679430  0.658001  0.831102  0.678803  0.729002  0.505874  0.728441  0.396178  0.667178  0.512921  0.442015  0.729036  0.790365  0.792089  0.807699  0.602051  0.457127  0.753177  0.465611  0.646760  0.782481  0.769008  0.641209 
4  0.782142  0.672924  0.329674  0.381266 0.0  0.426555  0.719805  0.823666  0.704728  0.867110  0.748751  0.805865  0.803715  0.815573  0.860344  0.428590  0.422551  0.822940  0.798890  0.819879  0.459823  0.522571  0.551160  0.535764  0.746902  0.644039  0.440938  0.722120  0.349863  0.426192  0.399664  0.883967  0.673653  0.419220  0.451033  0.723217  0.800376  0.397962  0.562399  0.624558  0.719852  0.791399  0.673702  0.470384  0.655344  0.513123  0.777364  0.404190  0.392267  0.870375  0.767474  0.779326  0.891116  0.696900  0.522731  0.620781  0.388209  0.656787  0.718878  0.814016  0.663399 
5  0.757974  0.581992  0.413613  0.446656  0.426555 0.0  0.833752  0.768328  0.776499  0.771341  0.823790  0.832352  0.889792  0.861796  0.701115  0.488893  0.460732  0.774675  0.754234  0.852143  0.343662  0.404886  0.660121  0.445110  0.744410  0.668712  0.508110  0.804826  0.426696  0.371807  0.530897  0.818405  0.567776  0.437931  0.444711  0.756056  0.860065  0.460035  0.692038  0.633889  0.815570  0.766200  0.654585  0.325443  0.826134  0.485581  0.732440  0.260761  0.348106  0.806208  0.844266  0.748999  0.688237  0.668785  0.329841  0.725418  0.534920  0.635769  0.624810  0.840773  0.549397 
6  0.731743  0.612948  0.841933  0.818787  0.719805  0.833752 0.0  0.677809  0.301134  0.838631  0.721975  0.747040  0.847976  0.866204  0.456157  0.782518  0.818505  0.853918  0.423088  0.693522  0.662327  0.715853  0.850334  0.702045  0.728868  0.771774  0.820357  0.872051  0.812820  0.787287  0.818841  0.736379  0.843164  0.771894  0.788876  0.816158  0.740329  0.914907  0.787148  0.820702  0.786518  0.777532  0.772164  0.877876  0.771061  0.856523  0.779764  0.809910  0.765376  0.761788  0.770792  0.816470  0.686428  0.758301  0.751739  0.746931  0.825049  0.797226  0.369803  0.371244  0.790343 
7  0.696216  0.657075  0.624848  0.865827  0.823666  0.768328  0.677809 0.0  0.911796  0.834550  0.539337  0.773011  0.758037  0.756852  0.751738  0.803455  0.766064  0.881413  0.868778  0.803326  0.714725  0.801017  0.733921  0.759842  0.654603  0.674472  0.759805  0.249745  0.764524  0.834937  0.851567  0.798944  0.715376  0.757381  0.822322  0.509367  0.697551  0.735722  0.748250  0.715355  0.597833  0.791863  0.542557  0.922936  0.406119  0.778637  0.348409  0.822326  0.881014  0.879479  0.585630  0.744394  0.757597  0.685598  0.833658  0.499845  0.830917  0.676027  0.827726  0.777686  0.764891 
8  0.800892  0.686836  0.763183  0.890830  0.704728  0.776499  0.301134  0.911796 0.0  0.780311  0.790171  0.757688  0.741543  0.737637  0.424569  0.818352  0.657411  0.862767  0.436255  0.741002  0.788063  0.838507  0.705622  0.778321  0.657028  0.726225  0.762469  0.740853  0.749178  0.749588  0.778743  0.792905  0.785092  0.796270  0.754303  0.699182  0.801730  0.767918  0.758171  0.832710  0.841823  0.772683  0.749175  0.773703  0.821344  0.709041  0.813655  0.793516  0.673354  0.780257  0.759570  0.760576  0.761451  0.762377  0.861826  0.772814  0.789220  0.698627  0.310612  0.318369  0.769981 
9  0.717509  0.702590  0.765942  0.766795  0.867110  0.771341  0.838631  0.834550  0.780311 0.0  0.748588  0.789803  0.800582  0.420976  0.832283  0.810521  1.000000  0.754060  0.796723  0.359971  0.716212  0.777217  0.893092  0.858831  0.705415  0.750635  0.786881  0.896837  0.788719  0.750969  0.807620  0.848171  0.817492  0.798595  0.759490  0.836116  0.278081  0.833644  0.916335  0.775516  0.369632  0.284642  0.687531  0.862036  0.790250  0.815166  0.731292  0.794317  0.899672  0.269673  0.791394  0.489347  0.744364  0.859100  0.787591  0.751336  0.859417  0.821392  0.792458  0.879321  0.747304 
10  0.770528  0.663489  0.711378  0.796110  0.748751  0.823790  0.721975  0.539337  0.790171  0.748588 0.0  0.828761  0.551501  0.795402  0.763046  0.671772  0.845536  0.739662  0.727513  0.834441  0.708023  0.852935  0.771347  0.758793  0.797507  0.788094  0.758429  0.543436  0.745398  0.789665  0.823626  0.776492  0.800648  0.702320  0.721429  0.337682  0.801895  0.717046  0.757420  0.810819  0.803749  0.722178  0.424440  0.761067  0.543421  0.798247  0.618017  0.877610  0.689250  0.746811  0.354789  0.821838  0.692301  0.864462  0.779537  0.414428  0.771166  0.802903  0.716158  0.775122  0.884177 
11  0.715089  0.605918  0.811462  0.862982  0.805865  0.832352  0.747040  0.773011  0.757688  0.789803  0.828761 0.0  0.438148  0.862733  0.839839  0.867311  0.736150  0.462294  0.683399  0.823448  0.727319  0.862818  0.807503  0.831070  0.693737  0.771146  0.812911  0.820226  0.836517  0.697896  0.786518  0.371721  0.798800  0.708619  0.866454  0.900855  0.827456  0.825629  0.808616  0.758473  0.792806  0.872672  0.769900  0.738711  0.908927  0.804152  0.769419  0.804124  0.774611  0.782554  0.862079  0.834440  0.351334  0.929404  0.753793  0.680098  0.759363  0.886837  0.713610  0.749114  0.822339 
12  0.723765  0.576111  0.747548  0.755888  0.803715  0.889792  0.847976  0.758037  0.741543  0.800582  0.551501  0.438148 0.0  0.784925  0.858565  0.745017  0.903830  0.585487  0.728766  0.769278  0.732672  0.770660  0.851138  0.782957  0.827500  0.830782  0.812644  0.743724  0.760332  0.728295  0.734722  0.512994  0.806123  0.687544  0.680137  0.692547  0.819753  0.818798  0.756030  0.813505  0.685169  0.732575  0.700252  0.717061  0.770867  0.766078  0.719468  0.780095  0.727512  0.765698  0.776314  0.753455  0.541771  0.846405  0.738700  0.715228  0.740944  0.758509  0.759322  0.850375  0.709461 
13  0.732556  0.765129  0.702712  0.767951  0.815573  0.861796  0.866204  0.756852  0.737637  0.420976  0.795402  0.862733  0.784925 0.0  0.795898  0.734216  0.769062  0.745528  0.771675  0.322396  0.862159  0.856960  0.836419  0.865480  0.754240  0.741997  0.830388  0.783667  0.872880  0.801698  0.804886  0.845100  0.710821  0.851903  0.721067  0.777569  0.348930  0.760935  0.855107  0.877901  0.431309  0.318333  0.633203  0.817722  0.794969  0.753716  0.773435  0.758807  0.783813  0.306539  0.699463  0.421458  0.818139  0.825405  0.895216  0.812868  0.810149  0.828545  0.698026  0.793676  0.807291 
14  0.721251  0.775920  0.857522  0.845765  0.860344  0.701115  0.456157  0.751738  0.424569  0.832283  0.763046  0.839839  0.858565  0.795898 0.0  0.771794  0.850192  0.770233  0.211481  0.737177  0.799160  0.729162  0.749851  0.762554  0.770025  0.790207  0.736299  0.730565  0.775471  0.710771  0.771150  0.749381  0.818685  0.700939  0.700436  0.886203  0.848543  0.829555  0.701027  0.725352  0.730571  0.812523  0.706514  0.761139  0.751720  0.722782  0.838655  0.810329  0.792421  0.708254  0.806944  0.748836  0.691687  0.785370  0.740928  0.827145  0.719328  0.819617  0.400770  0.449080  0.858261 
15  0.805773  0.639330  0.478887  0.320791  0.428590  0.488893  0.782518  0.803455  0.818352  0.810521  0.671772  0.867311  0.745017  0.734216  0.771794 0.0  0.372218  0.826992  0.794633  0.747019  0.499065  0.510952  0.570881  0.374103  0.684722  0.736246  0.345847  0.844234  0.503480  0.334854  0.530774  0.810619  0.576376  0.556488  0.324328  0.757457  0.764076  0.385076  0.596140  0.653674  0.732486  0.818173  0.642020  0.509517  0.920210  0.493563  0.844130  0.394906  0.472962  0.876389  0.723479  0.848729  0.850281  0.628444  0.454393  0.731518  0.385617  0.674580  0.781596  0.819490  0.561708 
16  0.710121  0.574874  0.479222  0.344085  0.422551  0.460732  0.818505  0.766064  0.657411  1.000000  0.845536  0.736150  0.903830  0.769062  0.850192  0.372218 0.0  0.795928  0.769695  0.798888  0.497346  0.525259  0.593020  0.460326  0.681375  0.722071  0.451089  0.857854  0.384002  0.370424  0.457816  0.753862  0.506098  0.399430  0.283713  0.756114  0.853069  0.410803  0.639358  0.605334  0.818912  0.865975  0.825485  0.573814  0.822478  0.374086  0.695826  0.480007  0.395612  0.768570  0.842253  0.838219  0.822729  0.551663  0.475848  0.798690  0.208524  0.482891  0.774021  0.744481  0.634405 
17  0.837306  0.574757  0.848226  0.730445  0.822940  0.774675  0.853918  0.881413  0.862767  0.754060  0.739662  0.462294  0.585487  0.745528  0.770233  0.826992  0.795928 0.0  0.792604  0.751705  0.765696  0.780000  0.760394  0.847504  0.668240  0.712399  0.847207  0.803385  0.831175  0.809521  0.759595  0.358451  0.810458  0.720659  0.687620  0.766474  0.787027  0.779009  0.870032  0.726425  0.790517  0.851735  0.795802  0.783000  0.714874  0.733694  0.794020  0.787510  0.741498  0.791049  0.785964  0.744852  0.469763  0.729340  0.771604  0.689232  0.840650  0.704606  0.711723  0.876465  0.726603 
18  0.691206  0.629277  0.790856  0.715221  0.798890  0.754234  0.423088  0.868778  0.436255  0.796723  0.727513  0.683399  0.728766  0.771675  0.211481  0.794633  0.769695  0.792604 0.0  0.780750  0.879438  0.736270  0.799256  0.812274  0.685992  0.762912  0.729599  0.759755  0.798128  0.837186  0.729863  0.807585  0.876892  0.770527  0.842412  0.800058  0.709042  0.820082  0.766404  0.860808  0.754910  0.811829  0.769517  0.731602  0.844410  0.891945  0.803658  0.754759  0.672348  0.737223  0.844802  0.761416  0.834923  0.757239  0.798574  0.743188  0.884124  0.806253  0.410406  0.426282  0.858156 
19  0.894213  0.597699  0.854273  0.821794  0.819879  0.852143  0.693522  0.803326  0.741002  0.359971  0.834441  0.823448  0.769278  0.322396  0.737177  0.747019  0.798888  0.751705  0.780750 0.0  0.741372  0.834606  0.841178  0.828622  0.751921  0.716656  0.798606  0.719038  0.806941  0.743158  0.741769  0.849489  0.904304  0.855810  0.914554  0.766459  0.385777  0.802442  0.818094  0.760016  0.322595  0.382926  0.659712  0.788382  0.884921  0.813267  0.768604  0.868240  0.868121  0.439149  0.692253  0.450349  0.780227  0.759849  0.913268  0.677388  0.830004  0.823199  0.729133  0.695417  0.801455 
20  0.778530  0.642465  0.430738  0.426975  0.459823  0.343662  0.662327  0.714725  0.788063  0.716212  0.708023  0.727319  0.732672  0.862159  0.799160  0.499065  0.497346  0.765696  0.879438  0.741372 0.0  0.376955  0.666405  0.523969  0.820177  0.724993  0.573667  0.765581  0.438797  0.311116  0.528991  0.868759  0.567536  0.520067  0.403824  0.811888  0.813463  0.457741  0.539358  0.650442  0.772150  0.867161  0.709274  0.368576  0.765695  0.524743  0.704192  0.273706  0.433947  0.743986  0.789805  0.753868  0.829589  0.639570  0.394001  0.768456  0.402075  0.614869  0.745285  0.759893  0.510562 
21  0.751847  0.542616  0.438847  0.512896  0.522571  0.404886  0.715853  0.801017  0.838507  0.777217  0.852935  0.862818  0.770660  0.856960  0.729162  0.510952  0.525259  0.780000  0.736270  0.834606  0.376955 0.0  0.642692  0.460912  0.754139  0.735142  0.401894  0.726887  0.505903  0.408731  0.457820  0.795970  0.623830  0.487897  0.364883  0.730570  0.766295  0.367013  0.551975  0.655216  0.795930  0.772209  0.639340  0.329378  0.737822  0.453180  0.786160  0.382587  0.440669  0.858831  0.700886  0.807805  0.896695  0.622539  0.390591  0.753241  0.528776  0.668453  0.755911  0.753321  0.539627 
22  0.718531  0.605869  0.681591  0.595469  0.551160  0.660121  0.850334  0.733921  0.705622  0.893092  0.771347  0.807503  0.851138  0.836419  0.749851  0.570881  0.593020  0.760394  0.799256  0.841178  0.666405  0.642692 0.0  0.703597  0.772484  0.721988  0.573983  0.700006  0.628695  0.632921  0.529127  0.804359  0.533344  0.661990  0.621784  0.729507  0.838489  0.614189  0.484338  0.435673  0.861675  0.910444  0.719742  0.672982  0.670623  0.616316  0.738004  0.706673  0.622698  0.810908  0.846606  0.757844  0.931909  0.383855  0.657172  0.716139  0.758046  0.527174  0.761410  0.769853  0.375630 
23  0.744705  0.581097  0.410356  0.576079  0.535764  0.445110  0.702045  0.759842  0.778321  0.858831  0.758793  0.831070  0.782957  0.865480  0.762554  0.374103  0.460326  0.847504  0.812274  0.828622  0.523969  0.460912  0.703597 0.0  0.809257  0.756204  0.449969  0.745390  0.434327  0.445828  0.399826  0.801806  0.671323  0.440142  0.384257  0.762040  0.889930  0.404933  0.542557  0.666385  0.763902  0.782198  0.639074  0.489715  0.736823  0.465159  0.723254  0.487341  0.469261  0.784969  0.849375  0.694440  0.838803  0.582123  0.463048  0.655796  0.501877  0.680887  0.704121  0.895415  0.576911 
24  0.664234  0.632982  0.754025  0.693220  0.746902  0.744410  0.728868  0.654603  0.657028  0.705415  0.797507  0.693737  0.827500  0.754240  0.770025  0.684722  0.681375  0.668240  0.685992  0.751921  0.820177  0.754139  0.772484  0.809257 0.0  0.251823  0.713214  0.745390  0.784604  0.817983  0.817737  0.700162  0.688277  0.781337  0.767299  0.718990  0.729448  0.722577  0.647624  0.713569  0.736776  0.826197  0.679357  0.682064  0.672687  0.763262  0.671463  0.685822  0.718898  0.617413  0.760562  0.787446  0.786975  0.773776  0.641381  0.754289  0.721207  0.685086  0.769950  0.736402  0.720342 
25  0.789607  0.629454  0.758733  0.815635  0.644039  0.668712  0.771774  0.674472  0.726225  0.750635  0.788094  0.771146  0.830782  0.741997  0.790207  0.736246  0.722071  0.712399  0.762912  0.716656  0.724993  0.735142  0.721988  0.756204  0.251823 0.0  0.720198  0.719353  0.803963  0.838486  0.812728  0.791677  0.694050  0.740141  0.672560  0.632344  0.762038  0.617191  0.762077  0.690561  0.689069  0.692986  0.719789  0.676119  0.749520  0.736631  0.759529  0.746036  0.747419  0.738200  0.693351  0.677372  0.681364  0.732610  0.862612  0.745467  0.731333  0.703860  0.684198  0.726572  0.720296 
26  0.695919  0.619810  0.391105  0.427303  0.440938  0.508110  0.820357  0.759805  0.762469  0.786881  0.758429  0.812911  0.812644  0.830388  0.736299  0.345847  0.451089  0.847207  0.729599  0.798606  0.573667  0.401894  0.573983  0.449969  0.713214  0.720198 0.0  0.762156  0.485680  0.359331  0.384685  0.934378  0.660877  0.488041  0.358284  0.795287  0.826885  0.461131  0.673642  0.654417  0.752474  0.885821  0.678407  0.540837  0.792816  0.488344  0.845917  0.540478  0.453405  0.803267  0.765847  0.742437  0.866938  0.597311  0.500562  0.754518  0.412391  0.607640  0.711088  0.807063  0.634270 
27  0.683453  0.642677  0.780424  0.804738  0.722120  0.804826  0.872051  0.249745  0.740853  0.896837  0.543436  0.820226  0.743724  0.783667  0.730565  0.844234  0.857854  0.803385  0.759755  0.719038  0.765581  0.726887  0.700006  0.745390  0.745390  0.719353  0.762156 0.0  0.842694  0.805624  0.681935  0.749546  0.670937  0.764032  0.734890  0.571991  0.860520  0.767474  0.669375  0.741669  0.645578  0.783033  0.407427  0.846136  0.477890  0.843146  0.456184  0.651545  0.743500  0.811454  0.659267  0.873920  0.794826  0.812024  0.731097  0.481636  0.725774  0.827867  0.773938  0.832616  0.809685 
28  0.739516  0.678748  0.341035  0.387463  0.349863  0.426696  0.812820  0.764524  0.749178  0.788719  0.745398  0.836517  0.760332  0.872880  0.775471  0.503480  0.384002  0.831175  0.798128  0.806941  0.438797  0.505903  0.628695  0.434327  0.784604  0.803963  0.485680  0.842694 0.0  0.415220  0.470326  0.796890  0.641008  0.256809  0.493088  0.742280  0.855802  0.436285  0.635713  0.688966  0.764128  0.794186  0.653236  0.335323  0.687020  0.450369  0.907587  0.440943  0.424390  0.800416  0.826867  0.743256  0.748827  0.584913  0.392895  0.758891  0.529492  0.662339  0.764998  0.824075  0.591702 
29  0.755731  0.552567  0.448460  0.470618  0.426192  0.371807  0.787287  0.834937  0.749588  0.750969  0.789665  0.697896  0.728295  0.801698  0.710771  0.334854  0.370424  0.809521  0.837186  0.743158  0.311116  0.408731  0.632921  0.445828  0.817983  0.838486  0.359331  0.805624  0.415220 0.0  0.418341  0.772505  0.572158  0.501593  0.211234  0.807882  0.808807  0.320050  0.544209  0.526590  0.828182  0.730195  0.790420  0.515229  0.702237  0.368245  0.849187  0.487504  0.399016  0.653925  0.787455  0.815118  0.842914  0.573380  0.436186  0.632833  0.428039  0.561904  0.778249  0.879710  0.615784 
30  0.730074  0.672299  0.467856  0.459026  0.399664  0.530897  0.818841  0.851567  0.778743  0.807620  0.823626  0.786518  0.734722  0.804886  0.771150  0.530774  0.457816  0.759595  0.729863  0.741769  0.528991  0.457820  0.529127  0.399826  0.817737  0.812728  0.384685  0.681935  0.470326  0.418341 0.0  0.794655  0.584764  0.510267  0.400218  0.790479  0.715406  0.435687  0.614066  0.621265  0.753857  0.840785  0.778920  0.527430  0.743680  0.464246  0.888060  0.455124  0.388406  0.789259  0.864156  0.774437  0.809165  0.674375  0.513787  0.802662  0.428575  0.669318  0.817293  0.648655  0.603744 
31  0.722314  0.536187  0.874992  0.772921  0.883967  0.818405  0.736379  0.798944  0.792905  0.848171  0.776492  0.371721  0.512994  0.845100  0.749381  0.810619  0.753862  0.358451  0.807585  0.849489  0.868759  0.795970  0.804359  0.801806  0.700162  0.791677  0.934378  0.749546  0.796890  0.772505  0.794655 0.0  0.773307  0.800906  0.787277  0.786320  0.808997  0.746526  0.791989  0.888097  0.774419  0.874405  0.729692  0.800243  0.843197  0.773858  0.773113  0.792936  0.740720  0.813426  0.834794  0.803598  0.402794  0.846959  0.810615  0.681102  0.810504  0.789573  0.738244  0.849198  0.903220 
32  0.633295  0.627102  0.639249  0.655871  0.673653  0.567776  0.843164  0.715376  0.785092  0.817492  0.800648  0.798800  0.806123  0.710821  0.818685  0.576376  0.506098  0.810458  0.876892  0.904304  0.567536  0.623830  0.533344  0.671323  0.688277  0.694050  0.660877  0.670937  0.641008  0.572158  0.584764  0.773307 0.0  0.656281  0.577522  0.795110  0.743813  0.609659  0.515128  0.512146  0.682673  0.759928  0.687356  0.620539  0.734725  0.589754  0.783272  0.592239  0.522488  0.815547  0.744160  0.859759  0.771850  0.492849  0.598296  0.792237  0.616078  0.443319  0.776225  0.780995  0.531556 
33  0.826140  0.624240  0.410903  0.377190  0.419220  0.437931  0.771894  0.757381  0.796270  0.798595  0.702320  0.708619  0.687544  0.851903  0.700939  0.556488  0.399430  0.720659  0.770527  0.855810  0.520067  0.487897  0.661990  0.440142  0.781337  0.740141  0.488041  0.764032  0.256809  0.501593  0.510267  0.800906  0.656281 0.0  0.507633  0.758324  0.771108  0.490236  0.612605  0.640247  0.645581  0.800722  0.745228  0.400862  0.812967  0.522659  0.860487  0.367028  0.445332  0.823995  0.786431  0.986127  0.704771  0.548746  0.487446  0.682449  0.569310  0.617416  0.653658  0.732209  0.619673 
34  0.733633  0.553425  0.480451  0.465512  0.451033  0.444711  0.788876  0.822322  0.754303  0.759490  0.721429  0.866454  0.680137  0.721067  0.700436  0.324328  0.283713  0.687620  0.842412  0.914554  0.403824  0.364883  0.621784  0.384257  0.767299  0.672560  0.358284  0.734890  0.493088  0.211234  0.400218  0.787277  0.577522  0.507633 0.0  0.684442  0.828287  0.443403  0.620059  0.614241  0.771875  0.858860  0.734482  0.527319  0.686502  0.464448  0.769007  0.471638  0.364213  0.832639  0.794620  0.853476  0.938286  0.648456  0.399926  0.777577  0.368741  0.645077  0.742265  0.843062  0.566498 
35  0.818663  0.665357  0.884666  0.782871  0.723217  0.756056  0.816158  0.509367  0.699182  0.836116  0.337682  0.900855  0.692547  0.777569  0.886203  0.757457  0.756114  0.766474  0.800058  0.766459  0.811888  0.730570  0.729507  0.762040  0.718990  0.632344  0.795287  0.571991  0.742280  0.807882  0.790479  0.786320  0.795110  0.758324  0.684442 0.0  0.776005  0.770866  0.786549  0.781916  0.690326  0.714272  0.491171  0.761240  0.561418  0.759312  0.564322  0.755934  0.808395  0.856082  0.575420  0.699485  0.740130  0.871641  0.700390  0.595348  0.814207  0.696652  0.827188  0.893877  0.843587 
36  0.752002  0.658368  0.750785  0.735312  0.800376  0.860065  0.740329  0.697551  0.801730  0.278081  0.801895  0.827456  0.819753  0.348930  0.848543  0.764076  0.853069  0.787027  0.709042  0.385777  0.813463  0.766295  0.838489  0.889930  0.729448  0.762038  0.826885  0.860520  0.855802  0.808807  0.715406  0.808997  0.743813  0.771108  0.828287  0.776005 0.0  0.801977  0.800296  0.796974  0.485706  0.556467  0.745333  0.789693  0.835662  0.808888  0.739591  0.791210  0.684555  0.336630  0.836246  0.519379  0.856871  0.905013  0.967822  0.711196  0.780794  0.817060  0.806960  0.807803  0.867261 
37  0.788242  0.586652  0.436398  0.371830  0.397962  0.460035  0.914907  0.735722  0.767918  0.833644  0.717046  0.825629  0.818798  0.760935  0.829555  0.385076  0.410803  0.779009  0.820082  0.802442  0.457741  0.367013  0.614189  0.404933  0.722577  0.617191  0.461131  0.767474  0.436285  0.320050  0.435687  0.746526  0.609659  0.490236  0.443403  0.770866  0.801977 0.0  0.478221  0.499642  0.705974  0.699277  0.756113  0.414263  0.754539  0.330938  0.656679  0.378916  0.477437  0.744084  0.756902  0.784454  0.711419  0.568217  0.461682  0.606556  0.362603  0.545421  0.834597  0.728186  0.572673 
38  0.739718  0.597233  0.613301  0.679430  0.562399  0.692038  0.787148  0.748250  0.758171  0.916335  0.757420  0.808616  0.756030  0.855107  0.701027  0.596140  0.639358  0.870032  0.766404  0.818094  0.539358  0.551975  0.484338  0.542557  0.647624  0.762077  0.673642  0.669375  0.635713  0.544209  0.614066  0.791989  0.515128  0.612605  0.620059  0.786549  0.800296  0.478221 0.0  0.517855  0.681544  0.858858  0.689765  0.623962  0.648161  0.575662  0.723307  0.522357  0.522119  0.772192  0.792507  0.840534  0.779665  0.369284  0.589680  0.692132  0.635744  0.443500  0.730678  0.853603  0.466369 
39  0.737041  0.626331  0.650295  0.658001  0.624558  0.633889  0.820702  0.715355  0.832710  0.775516  0.810819  0.758473  0.813505  0.877901  0.725352  0.653674  0.605334  0.726425  0.860808  0.760016  0.650442  0.655216  0.435673  0.666385  0.713569  0.690561  0.654417  0.741669  0.688966  0.526590  0.621265  0.888097  0.512146  0.640247  0.614241  0.781916  0.796974  0.499642  0.517855 0.0  0.632239  0.820097  0.652336  0.588814  0.736833  0.693995  0.837491  0.768025  0.546921  0.885423  0.746807  0.778004  0.728501  0.492719  0.565262  0.767591  0.583124  0.422357  0.681673  0.735699  0.538593 
40  0.663849  0.717236  0.731732  0.831102  0.719852  0.815570  0.786518  0.597833  0.841823  0.369632  0.803749  0.792806  0.685169  0.431309  0.730571  0.732486  0.818912  0.790517  0.754910  0.322595  0.772150  0.795930  0.861675  0.763902  0.736776  0.689069  0.752474  0.645578  0.764128  0.828182  0.753857  0.774419  0.682673  0.645581  0.771875  0.690326  0.485706  0.705974  0.681544  0.632239 0.0  0.448471  0.745873  0.741620  0.856166  0.825461  0.790889  0.764226  0.824820  0.372505  0.795780  0.297249  0.730338  0.781051  0.745975  0.647827  0.777763  0.698853  0.834485  0.715916  0.780284 
41  0.746543  0.603765  0.836682  0.678803  0.791399  0.766200  0.777532  0.791863  0.772683  0.284642  0.722178  0.872672  0.732575  0.318333  0.812523  0.818173  0.865975  0.851735  0.811829  0.382926  0.867161  0.772209  0.910444  0.782198  0.826197  0.692986  0.885821  0.783033  0.794186  0.730195  0.840785  0.874405  0.759928  0.800722  0.858860  0.714272  0.556467  0.699277  0.858858  0.820097  0.448471 0.0  0.784580  0.850253  0.761229  0.817395  0.777667  0.864555  0.765306  0.317998  0.794801  0.540944  0.800621  0.823716  0.873120  0.768105  0.823627  0.790421  0.827824  0.776879  0.902868 
42  0.649715  0.701663  0.682124  0.729002  0.673702  0.654585  0.772164  0.542557  0.749175  0.687531  0.424440  0.769900  0.700252  0.633203  0.706514  0.642020  0.825485  0.795802  0.769517  0.659712  0.709274  0.639340  0.719742  0.639074  0.679357  0.719789  0.678407  0.407427  0.653236  0.790420  0.778920  0.729692  0.687356  0.745228  0.734482  0.491171  0.745333  0.756113  0.689765  0.652336  0.745873  0.784580 0.0  0.660882  0.507635  0.686877  0.453467  0.686822  0.709081  0.670921  0.502356  0.795076  0.765927  0.615176  0.651039  0.370002  0.853755  0.715617  0.668435  0.720563  0.660778 
43  0.730978  0.646045  0.590966  0.505874  0.470384  0.325443  0.877876  0.922936  0.773703  0.862036  0.761067  0.738711  0.717061  0.817722  0.761139  0.509517  0.573814  0.783000  0.731602  0.788382  0.368576  0.329378  0.672982  0.489715  0.682064  0.676119  0.540837  0.846136  0.335323  0.515229  0.527430  0.800243  0.620539  0.400862  0.527319  0.761240  0.789693  0.414263  0.623962  0.588814  0.741620  0.850253  0.660882 0.0  0.758811  0.514238  0.766482  0.374664  0.309359  0.749005  0.752922  0.853326  0.817163  0.571117  0.278537  0.832461  0.519667  0.629853  0.799796  0.798729  0.566081 
44  0.687809  0.750230  0.775036  0.728441  0.655344  0.826134  0.771061  0.406119  0.821344  0.790250  0.543421  0.908927  0.770867  0.794969  0.751720  0.920210  0.822478  0.714874  0.844410  0.884921  0.765695  0.737822  0.670623  0.736823  0.672687  0.749520  0.792816  0.477890  0.687020  0.702237  0.743680  0.843197  0.734725  0.812967  0.686502  0.561418  0.835662  0.754539  0.648161  0.736833  0.856166  0.761229  0.507635  0.758811 0.0  0.743129  0.357252  0.754652  0.786019  0.810039  0.593348  0.809843  0.736579  0.633116  0.717899  0.522490  0.812906  0.703352  0.806307  0.811351  0.638635 
45  0.712090  0.732685  0.477738  0.396178  0.513123  0.485581  0.856523  0.778637  0.709041  0.815166  0.798247  0.804152  0.766078  0.753716  0.722782  0.493563  0.374086  0.733694  0.891945  0.813267  0.524743  0.453180  0.616316  0.465159  0.763262  0.736631  0.488344  0.843146  0.450369  0.368245  0.464246  0.773858  0.589754  0.522659  0.464448  0.759312  0.808888  0.330938  0.575662  0.693995  0.825461  0.817395  0.686877  0.514238  0.743129 0.0  0.804120  0.444608  0.425532  0.730130  0.876302  0.799689  0.827572  0.621714  0.523066  0.698198  0.447382  0.609585  0.851880  0.753927  0.629024 
46  0.712220  0.641334  0.721174  0.667178  0.777364  0.732440  0.779764  0.348409  0.813655  0.731292  0.618017  0.769419  0.719468  0.773435  0.838655  0.844130  0.695826  0.794020  0.803658  0.768604  0.704192  0.786160  0.738004  0.723254  0.671463  0.759529  0.845917  0.456184  0.907587  0.849187  0.888060  0.773113  0.783272  0.860487  0.769007  0.564322  0.739591  0.656679  0.723307  0.837491  0.790889  0.777667  0.453467  0.766482  0.357252  0.804120 0.0  0.825748  0.705643  0.671183  0.672236  0.709264  0.746813  0.610794  0.668279  0.484242  0.776426  0.674506  0.818684  0.716382  0.658726 
47  0.679073  0.585349  0.444194  0.512921  0.404190  0.260761  0.809910  0.822326  0.793516  0.794317  0.877610  0.804124  0.780095  0.758807  0.810329  0.394906  0.480007  0.787510  0.754759  0.868240  0.273706  0.382587  0.706673  0.487341  0.685822  0.746036  0.540478  0.651545  0.440943  0.487504  0.455124  0.792936  0.592239  0.367028  0.471638  0.755934  0.791210  0.378916  0.522357  0.768025  0.764226  0.864555  0.686822  0.374664  0.754652  0.444608  0.825748 0.0  0.269159  0.813178  0.847839  0.826840  0.774371  0.707644  0.333172  0.771927  0.566411  0.551901  0.867522  0.790336  0.592313 
48  0.715916  0.602800  0.364031  0.442015  0.392267  0.348106  0.765376  0.881014  0.673354  0.899672  0.689250  0.774611  0.727512  0.783813  0.792421  0.472962  0.395612  0.741498  0.672348  0.868121  0.433947  0.440669  0.622698  0.469261  0.718898  0.747419  0.453405  0.743500  0.424390  0.399016  0.388406  0.740720  0.522488  0.445332  0.364213  0.808395  0.684555  0.477437  0.522119  0.546921  0.824820  0.765306  0.709081  0.309359  0.786019  0.425532  0.705643  0.269159 0.0  0.889390  0.729010  0.851139  0.804775  0.518322  0.407503  0.766689  0.450715  0.676037  0.759910  0.799758  0.500216 
49  0.690509  0.651072  0.846512  0.729036  0.870375  0.806208  0.761788  0.879479  0.780257  0.269673  0.746811  0.782554  0.765698  0.306539  0.708254  0.876389  0.768570  0.791049  0.737223  0.439149  0.743986  0.858831  0.810908  0.784969  0.617413  0.738200  0.803267  0.811454  0.800416  0.653925  0.789259  0.813426  0.815547  0.823995  0.832639  0.856082  0.336630  0.744084  0.772192  0.885423  0.372505  0.317998  0.670921  0.749005  0.810039  0.730130  0.671183  0.813178  0.889390 0.0  0.824362  0.509090  0.783916  0.844100  0.855950  0.721090  0.827577  0.746972  0.802428  0.872861  0.773215 
50  0.795212  0.627950  0.763306  0.790365  0.767474  0.844266  0.770792  0.585630  0.759570  0.791394  0.354789  0.862079  0.776314  0.699463  0.806944  0.723479  0.842253  0.785964  0.844802  0.692253  0.789805  0.700886  0.846606  0.849375  0.760562  0.693351  0.765847  0.659267  0.826867  0.787455  0.864156  0.834794  0.744160  0.786431  0.794620  0.575420  0.836246  0.756902  0.792507  0.746807  0.795780  0.794801  0.502356  0.752922  0.593348  0.876302  0.672236  0.847839  0.729010  0.824362 0.0  0.743689  0.756749  0.820460  0.780391  0.388063  0.688990  0.736874  0.773981  0.819817  0.809351 
51  0.674168  0.568452  0.767291  0.792089  0.779326  0.748999  0.816470  0.744394  0.760576  0.489347  0.821838  0.834440  0.753455  0.421458  0.748836  0.848729  0.838219  0.744852  0.761416  0.450349  0.753868  0.807805  0.757844  0.694440  0.787446  0.677372  0.742437  0.873920  0.743256  0.815118  0.774437  0.803598  0.859759  0.986127  0.853476  0.699485  0.519379  0.784454  0.840534  0.778004  0.297249  0.540944  0.795076  0.853326  0.809843  0.799689  0.709264  0.826840  0.851139  0.509090  0.743689 0.0  0.790356  0.868927  0.921628  0.766824  0.737925  0.734030  0.956386  0.871547  0.834381 
52  0.783339  0.677699  0.881387  0.807699  0.891116  0.688237  0.686428  0.757597  0.761451  0.744364  0.692301  0.351334  0.541771  0.818139  0.691687  0.850281  0.822729  0.469763  0.834923  0.780227  0.829589  0.896695  0.931909  0.838803  0.786975  0.681364  0.866938  0.794826  0.748827  0.842914  0.809165  0.402794  0.771850  0.704771  0.938286  0.740130  0.856871  0.711419  0.779665  0.728501  0.730338  0.800621  0.765927  0.817163  0.736579  0.827572  0.746813  0.774371  0.804775  0.783916  0.756749  0.790356 0.0  0.796906  0.843983  0.748721  0.857945  0.862197  0.790086  0.705568  0.760473 
53  0.808986  0.631514  0.634035  0.602051  0.696900  0.668785  0.758301  0.685598  0.762377  0.859100  0.864462  0.929404  0.846405  0.825405  0.785370  0.628444  0.551663  0.729340  0.757239  0.759849  0.639570  0.622539  0.383855  0.582123  0.773776  0.732610  0.597311  0.812024  0.584913  0.573380  0.674375  0.846959  0.492849  0.548746  0.648456  0.871641  0.905013  0.568217  0.369284  0.492719  0.781051  0.823716  0.615176  0.571117  0.633116  0.621714  0.610794  0.707644  0.518322  0.844100  0.820460  0.868927  0.796906 0.0  0.720043  0.697877  0.576959  0.459774  0.756041  0.807514  0.401703 
54  0.732178  0.512501  0.437643  0.457127  0.522731  0.329841  0.751739  0.833658  0.861826  0.787591  0.779537  0.753793  0.738700  0.895216  0.740928  0.454393  0.475848  0.771604  0.798574  0.913268  0.394001  0.390591  0.657172  0.463048  0.641381  0.862612  0.500562  0.731097  0.392895  0.436186  0.513787  0.810615  0.598296  0.487446  0.399926  0.700390  0.967822  0.461682  0.589680  0.565262  0.745975  0.873120  0.651039  0.278537  0.717899  0.523066  0.668279  0.333172  0.407503  0.855950  0.780391  0.921628  0.843983  0.720043 0.0  0.731267  0.436005  0.651198  0.819274  0.827777  0.670379 
55  0.793595  0.660703  0.776467  0.753177  0.620781  0.725418  0.746931  0.499845  0.772814  0.751336  0.414428  0.680098  0.715228  0.812868  0.827145  0.731518  0.798690  0.689232  0.743188  0.677388  0.768456  0.753241  0.716139  0.655796  0.754289  0.745467  0.754518  0.481636  0.758891  0.632833  0.802662  0.681102  0.792237  0.682449  0.777577  0.595348  0.711196  0.606556  0.692132  0.767591  0.647827  0.768105  0.370002  0.832461  0.522490  0.698198  0.484242  0.771927  0.766689  0.721090  0.388063  0.766824  0.748721  0.697877  0.731267 0.0  0.802268  0.699936  0.714011  0.820863  0.761724 
56  0.841677  0.622434  0.449027  0.465611  0.388209  0.534920  0.825049  0.830917  0.789220  0.859417  0.771166  0.759363  0.740944  0.810149  0.719328  0.385617  0.208524  0.840650  0.884124  0.830004  0.402075  0.528776  0.758046  0.501877  0.721207  0.731333  0.412391  0.725774  0.529492  0.428039  0.428575  0.810504  0.616078  0.569310  0.368741  0.814207  0.780794  0.362603  0.635744  0.583124  0.777763  0.823627  0.853755  0.519667  0.812906  0.447382  0.776426  0.566411  0.450715  0.827577  0.688990  0.737925  0.857945  0.576959  0.436005  0.802268 0.0  0.589733  0.745152  0.738444  0.608220 
57  0.665925  0.574230  0.620991  0.646760  0.656787  0.635769  0.797226  0.676027  0.698627  0.821392  0.802903  0.886837  0.758509  0.828545  0.819617  0.674580  0.482891  0.704606  0.806253  0.823199  0.614869  0.668453  0.527174  0.680887  0.685086  0.703860  0.607640  0.827867  0.662339  0.561904  0.669318  0.789573  0.443319  0.617416  0.645077  0.696652  0.817060  0.545421  0.443500  0.422357  0.698853  0.790421  0.715617  0.629853  0.703352  0.609585  0.674506  0.551901  0.676037  0.746972  0.736874  0.734030  0.862197  0.459774  0.651198  0.699936  0.589733 0.0  0.692783  0.838553  0.605719 
58  0.787511  0.675216  0.686159  0.782481  0.718878  0.624810  0.369803  0.827726  0.310612  0.792458  0.716158  0.713610  0.759322  0.698026  0.400770  0.781596  0.774021  0.711723  0.410406  0.729133  0.745285  0.755911  0.761410  0.704121  0.769950  0.684198  0.711088  0.773938  0.764998  0.778249  0.817293  0.738244  0.776225  0.653658  0.742265  0.827188  0.806960  0.834597  0.730678  0.681673  0.834485  0.827824  0.668435  0.799796  0.806307  0.851880  0.818684  0.867522  0.759910  0.802428  0.773981  0.956386  0.790086  0.756041  0.819274  0.714011  0.745152  0.692783 0.0  0.355285  0.804184 
59  0.853472  0.599516  0.790900  0.769008  0.814016  0.840773  0.371244  0.777686  0.318369  0.879321  0.775122  0.749114  0.850375  0.793676  0.449080  0.819490  0.744481  0.876465  0.426282  0.695417  0.759893  0.753321  0.769853  0.895415  0.736402  0.726572  0.807063  0.832616  0.824075  0.879710  0.648655  0.849198  0.780995  0.732209  0.843062  0.893877  0.807803  0.728186  0.853603  0.735699  0.715916  0.776879  0.720563  0.798729  0.811351  0.753927  0.716382  0.790336  0.799758  0.872861  0.819817  0.871547  0.705568  0.807514  0.827777  0.820863  0.738444  0.838553  0.355285 0.0  0.872442 
60  0.710295  0.628330  0.511977  0.641209  0.663399  0.549397  0.790343  0.764891  0.769981  0.747304  0.884177  0.822339  0.709461  0.807291  0.858261  0.561708  0.634405  0.726603  0.858156  0.801455  0.510562  0.539627  0.375630  0.576911  0.720342  0.720296  0.634270  0.809685  0.591702  0.615784  0.603744  0.903220  0.531556  0.619673  0.566498  0.843587  0.867261  0.572673  0.466369  0.538593  0.780284  0.902868  0.660778  0.566081  0.638635  0.629024  0.658726  0.592313  0.500216  0.773215  0.809351  0.834381  0.760473  0.401703  0.670379  0.761724  0.608220  0.605719  0.804184  0.872442 0.0 
