afro_distance_ancestral = [0.222127, 0.125017, 0.156916, 0.165241, 0.165456, 0.165243, ]


afro_distance_stationary = [0.281978, 0.464859, 0.130549, 0.040899, 0.040797, 0.040918, ]


afro_distance_transition = [0.747192, 0.119608, 0.063181, 0.023301, 0.023304, 0.023414;
0.071373, 0.833884, 0.045562, 0.016444, 0.016287, 0.016450;
0.138290, 0.160730, 0.584586, 0.038790, 0.038837, 0.038766;
0.163628, 0.183412, 0.124250, 0.394641, 0.067033, 0.067036;
0.163322, 0.182945, 0.124366, 0.067284, 0.394953, 0.067131;
0.163735, 0.183315, 0.124402, 0.067175, 0.067016, 0.394357;
]


afro_family_ancestral = [0.188140, 0.128222, 0.176548, 0.168994, 0.168986, 0.169111, ]


afro_family_stationary = [0.282704, 0.464662, 0.130284, 0.040809, 0.040769, 0.040772, ]


afro_family_transition = [0.747040, 0.120066, 0.062749, 0.023410, 0.023312, 0.023423;
0.073172, 0.832981, 0.044607, 0.016425, 0.016431, 0.016383;
0.135785, 0.161521, 0.586754, 0.038674, 0.038651, 0.038616;
0.162135, 0.184577, 0.125382, 0.393778, 0.067054, 0.067074;
0.161906, 0.184750, 0.126050, 0.066924, 0.393190, 0.067179;
0.162217, 0.184556, 0.125652, 0.066957, 0.067403, 0.393215;
]


afro_feature_ancestral = [0.169626, 0.167024, 0.160602, 0.167753, 0.167465, 0.167531, ]


afro_feature_stationary = [0.283621, 0.462873, 0.131136, 0.040793, 0.040818, 0.040760, ]


afro_feature_transition = [0.744769, 0.120681, 0.063771, 0.023529, 0.023643, 0.023608;
0.074828, 0.828690, 0.046749, 0.016570, 0.016574, 0.016590;
0.137079, 0.166824, 0.580195, 0.038678, 0.038518, 0.038706;
0.161467, 0.189207, 0.125327, 0.389718, 0.067086, 0.067195;
0.161642, 0.189251, 0.125098, 0.067054, 0.389917, 0.067038;
0.161655, 0.189360, 0.125980, 0.067332, 0.067216, 0.388457;
]


austro_distance_ancestral = [0.087993, 0.049897, 0.472573, 0.149287, 0.119104, 0.121146, ]


austro_distance_stationary = [0.074305, 0.687737, 0.129073, 0.059903, 0.024471, 0.024511, ]


austro_distance_transition = [0.519382, 0.240705, 0.106867, 0.067566, 0.032682, 0.032798;
0.024191, 0.894124, 0.039522, 0.022224, 0.009967, 0.009972;
0.063403, 0.209949, 0.623672, 0.053806, 0.024548, 0.024622;
0.090773, 0.250537, 0.116152, 0.467195, 0.037698, 0.037645;
0.112125, 0.258931, 0.133746, 0.095938, 0.343379, 0.055882;
0.111863, 0.259356, 0.134073, 0.095564, 0.055664, 0.343481;
]


austro_family_ancestral = [0.087435, 0.038312, 0.441172, 0.180252, 0.126226, 0.126603, ]


austro_family_stationary = [0.078684, 0.679982, 0.130004, 0.061525, 0.024852, 0.024953, ]


austro_family_transition = [0.528763, 0.221635, 0.111825, 0.070619, 0.033510, 0.033647;
0.025383, 0.900041, 0.034719, 0.020894, 0.009451, 0.009512;
0.065928, 0.189193, 0.641137, 0.054179, 0.024718, 0.024845;
0.092066, 0.228040, 0.119366, 0.483753, 0.038349, 0.038428;
0.112893, 0.236980, 0.139524, 0.099755, 0.353101, 0.057747;
0.112629, 0.236866, 0.139590, 0.099898, 0.057876, 0.353140;
]


austro_feature_ancestral = [0.085538, 0.140504, 0.330584, 0.180027, 0.132016, 0.131331, ]


austro_feature_stationary = [0.079093, 0.673557, 0.134462, 0.061974, 0.025515, 0.025399, ]


austro_feature_transition = [0.520861, 0.239239, 0.106040, 0.067919, 0.033009, 0.032932;
0.027094, 0.886899, 0.042255, 0.023013, 0.010451, 0.010287;
0.064168, 0.209952, 0.623046, 0.053508, 0.024666, 0.024659;
0.088701, 0.252222, 0.115026, 0.468658, 0.037538, 0.037855;
0.108766, 0.261617, 0.132833, 0.095610, 0.345292, 0.055881;
0.109435, 0.260613, 0.132952, 0.095805, 0.055632, 0.345564;
]


indo_distance_ancestral = [0.155755, 0.221172, 0.157760, 0.155151, 0.155111, 0.155050, ]


indo_distance_stationary = [0.428467, 0.378907, 0.073814, 0.039717, 0.039570, 0.039525, ]


indo_distance_transition = [0.824138, 0.088496, 0.032256, 0.018386, 0.018398, 0.018326;
0.099766, 0.806149, 0.034583, 0.019912, 0.019777, 0.019812;
0.189702, 0.178078, 0.478049, 0.051429, 0.051435, 0.051307;
0.197354, 0.188576, 0.097612, 0.384082, 0.066018, 0.066358;
0.198070, 0.188319, 0.098048, 0.066296, 0.383091, 0.066176;
0.198126, 0.188532, 0.097703, 0.066463, 0.066262, 0.382914;
]


indo_family_ancestral = [0.081661, 0.285139, 0.176453, 0.151977, 0.152605, 0.152164, ]


indo_family_stationary = [0.428946, 0.378112, 0.074034, 0.039624, 0.039688, 0.039596, ]


indo_family_transition = [0.822979, 0.089885, 0.032096, 0.018341, 0.018366, 0.018332;
0.102232, 0.803667, 0.034661, 0.019802, 0.019846, 0.019793;
0.187652, 0.177915, 0.478619, 0.051841, 0.051941, 0.052032;
0.196816, 0.188220, 0.098632, 0.382239, 0.067175, 0.066918;
0.195849, 0.189611, 0.098993, 0.066566, 0.381965, 0.067017;
0.196916, 0.189184, 0.098834, 0.067037, 0.066820, 0.381209;
]


indo_feature_ancestral = [0.177692, 0.219772, 0.149124, 0.151274, 0.151080, 0.151058, ]


indo_feature_stationary = [0.425767, 0.380195, 0.074643, 0.039753, 0.039802, 0.039841, ]


indo_feature_transition = [0.817667, 0.092462, 0.033468, 0.018795, 0.018777, 0.018831;
0.102906, 0.801177, 0.035654, 0.020075, 0.020038, 0.020149;
0.192869, 0.180648, 0.471432, 0.051650, 0.051754, 0.051648;
0.201939, 0.190337, 0.097712, 0.376585, 0.066766, 0.066661;
0.201977, 0.190355, 0.097488, 0.066699, 0.376872, 0.066608;
0.201441, 0.190520, 0.097870, 0.066330, 0.067055, 0.376784;
]


niger_distance_ancestral = [0.366152, 0.041772, 0.148255, 0.147944, 0.147810, 0.148067, ]


niger_distance_stationary = [0.071162, 0.888854, 0.010025, 0.009972, 0.010010, 0.009977, ]


niger_distance_transition = [0.681643, 0.250408, 0.017091, 0.016900, 0.016971, 0.016987;
0.018506, 0.967133, 0.003599, 0.003580, 0.003591, 0.003592;
0.157261, 0.284024, 0.372468, 0.061934, 0.062427, 0.061885;
0.156869, 0.283043, 0.062560, 0.372744, 0.062606, 0.062177;
0.156530, 0.284553, 0.062182, 0.062016, 0.372823, 0.061896;
0.156645, 0.283361, 0.062753, 0.062626, 0.062580, 0.372034;
]


niger_family_ancestral = [0.367797, 0.040604, 0.147651, 0.148242, 0.147764, 0.147943, ]


niger_family_stationary = [0.072283, 0.887505, 0.010032, 0.010040, 0.010094, 0.010045, ]


niger_family_transition = [0.683279, 0.247471, 0.017206, 0.017295, 0.017406, 0.017344;
0.018789, 0.966893, 0.003587, 0.003564, 0.003587, 0.003580;
0.156455, 0.283639, 0.372006, 0.062624, 0.062747, 0.062530;
0.156814, 0.283272, 0.062418, 0.372754, 0.062405, 0.062338;
0.156782, 0.284135, 0.061657, 0.062099, 0.373247, 0.062079;
0.157019, 0.283856, 0.061935, 0.062508, 0.062724, 0.371957;
]


niger_feature_ancestral = [0.329755, 0.062354, 0.151612, 0.152358, 0.151873, 0.152049, ]


niger_feature_stationary = [0.075459, 0.882824, 0.010409, 0.010420, 0.010444, 0.010444, ]


niger_feature_transition = [0.669114, 0.261423, 0.017404, 0.017270, 0.017459, 0.017330;
0.021131, 0.963921, 0.003717, 0.003742, 0.003742, 0.003746;
0.152664, 0.289080, 0.371360, 0.061982, 0.062372, 0.062541;
0.154086, 0.288086, 0.062101, 0.371608, 0.061986, 0.062134;
0.153365, 0.289324, 0.062022, 0.061773, 0.371203, 0.062313;
0.152572, 0.289703, 0.062253, 0.062118, 0.062155, 0.371198;
]


nilo_distance_ancestral = [0.225830, 0.134455, 0.153530, 0.162345, 0.161769, 0.162070, ]


nilo_distance_stationary = [0.234552, 0.441973, 0.184222, 0.043545, 0.052154, 0.043554, ]


nilo_distance_transition = [0.691774, 0.130836, 0.088459, 0.028175, 0.032965, 0.027791;
0.068548, 0.814730, 0.059655, 0.017882, 0.021255, 0.017931;
0.113616, 0.142853, 0.640043, 0.032612, 0.038467, 0.032408;
0.152990, 0.178675, 0.138974, 0.387934, 0.075054, 0.066373;
0.150381, 0.176943, 0.136401, 0.062445, 0.410928, 0.062901;
0.151468, 0.178829, 0.139090, 0.066291, 0.074715, 0.389607;
]


nilo_family_ancestral = [0.213619, 0.140202, 0.154603, 0.164045, 0.163394, 0.164138, ]


nilo_family_stationary = [0.235011, 0.442351, 0.183916, 0.043348, 0.051885, 0.043489, ]


