afro_distance_ancestral = [0.222127, 0.125017, 0.156916, 0.165241, 0.165456, 0.165243, ]


afro_distance_stationary = [0.281978, 0.464859, 0.130549, 0.040899, 0.040797, 0.040918, ]


afro_distance_transition = [0.747192, 0.119608, 0.063181, 0.023301, 0.023304, 0.023414;
0.071373, 0.833884, 0.045562, 0.016444, 0.016287, 0.016450;
0.138290, 0.160730, 0.584586, 0.038790, 0.038837, 0.038766;
0.163628, 0.183412, 0.124250, 0.394641, 0.067033, 0.067036;
0.163322, 0.182945, 0.124366, 0.067284, 0.394953, 0.067131;
0.163735, 0.183315, 0.124402, 0.067175, 0.067016, 0.394357;
]


afro_family_ancestral = [0.188140, 0.128222, 0.176548, 0.168994, 0.168986, 0.169111, ]


afro_family_stationary = [0.282704, 0.464662, 0.130284, 0.040809, 0.040769, 0.040772, ]


afro_family_transition = [0.747040, 0.120066, 0.062749, 0.023410, 0.023312, 0.023423;
0.073172, 0.832981, 0.044607, 0.016425, 0.016431, 0.016383;
0.135785, 0.161521, 0.586754, 0.038674, 0.038651, 0.038616;
0.162135, 0.184577, 0.125382, 0.393778, 0.067054, 0.067074;
0.161906, 0.184750, 0.126050, 0.066924, 0.393190, 0.067179;
0.162217, 0.184556, 0.125652, 0.066957, 0.067403, 0.393215;
]


afro_feature_ancestral = [0.169626, 0.167024, 0.160602, 0.167753, 0.167465, 0.167531, ]


afro_feature_stationary = [0.283621, 0.462873, 0.131136, 0.040793, 0.040818, 0.040760, ]


afro_feature_transition = [0.744769, 0.120681, 0.063771, 0.023529, 0.023643, 0.023608;
0.074828, 0.828690, 0.046749, 0.016570, 0.016574, 0.016590;
0.137079, 0.166824, 0.580195, 0.038678, 0.038518, 0.038706;
0.161467, 0.189207, 0.125327, 0.389718, 0.067086, 0.067195;
0.161642, 0.189251, 0.125098, 0.067054, 0.389917, 0.067038;
0.161655, 0.189360, 0.125980, 0.067332, 0.067216, 0.388457;
]


austro_distance_ancestral = [0.087993, 0.049897, 0.472573, 0.149287, 0.119104, 0.121146, ]


austro_distance_stationary = [0.074305, 0.687737, 0.129073, 0.059903, 0.024471, 0.024511, ]


austro_distance_transition = [0.519382, 0.240705, 0.106867, 0.067566, 0.032682, 0.032798;
0.024191, 0.894124, 0.039522, 0.022224, 0.009967, 0.009972;
0.063403, 0.209949, 0.623672, 0.053806, 0.024548, 0.024622;
0.090773, 0.250537, 0.116152, 0.467195, 0.037698, 0.037645;
0.112125, 0.258931, 0.133746, 0.095938, 0.343379, 0.055882;
0.111863, 0.259356, 0.134073, 0.095564, 0.055664, 0.343481;
]


austro_family_ancestral = [0.087435, 0.038312, 0.441172, 0.180252, 0.126226, 0.126603, ]


austro_family_stationary = [0.078684, 0.679982, 0.130004, 0.061525, 0.024852, 0.024953, ]


austro_family_transition = [0.528763, 0.221635, 0.111825, 0.070619, 0.033510, 0.033647;
0.025383, 0.900041, 0.034719, 0.020894, 0.009451, 0.009512;
0.065928, 0.189193, 0.641137, 0.054179, 0.024718, 0.024845;
0.092066, 0.228040, 0.119366, 0.483753, 0.038349, 0.038428;
0.112893, 0.236980, 0.139524, 0.099755, 0.353101, 0.057747;
0.112629, 0.236866, 0.139590, 0.099898, 0.057876, 0.353140;
]


austro_feature_ancestral = [0.085538, 0.140504, 0.330584, 0.180027, 0.132016, 0.131331, ]


austro_feature_stationary = [0.079093, 0.673557, 0.134462, 0.061974, 0.025515, 0.025399, ]


austro_feature_transition = [0.520861, 0.239239, 0.106040, 0.067919, 0.033009, 0.032932;
0.027094, 0.886899, 0.042255, 0.023013, 0.010451, 0.010287;
0.064168, 0.209952, 0.623046, 0.053508, 0.024666, 0.024659;
0.088701, 0.252222, 0.115026, 0.468658, 0.037538, 0.037855;
0.108766, 0.261617, 0.132833, 0.095610, 0.345292, 0.055881;
0.109435, 0.260613, 0.132952, 0.095805, 0.055632, 0.345564;
]


indo_distance_ancestral = [0.155755, 0.221172, 0.157760, 0.155151, 0.155111, 0.155050, ]


indo_distance_stationary = [0.428467, 0.378907, 0.073814, 0.039717, 0.039570, 0.039525, ]


indo_distance_transition = [0.824138, 0.088496, 0.032256, 0.018386, 0.018398, 0.018326;
0.099766, 0.806149, 0.034583, 0.019912, 0.019777, 0.019812;
0.189702, 0.178078, 0.478049, 0.051429, 0.051435, 0.051307;
0.197354, 0.188576, 0.097612, 0.384082, 0.066018, 0.066358;
0.198070, 0.188319, 0.098048, 0.066296, 0.383091, 0.066176;
0.198126, 0.188532, 0.097703, 0.066463, 0.066262, 0.382914;
]


indo_family_ancestral = [0.081661, 0.285139, 0.176453, 0.151977, 0.152605, 0.152164, ]


indo_family_stationary = [0.428946, 0.378112, 0.074034, 0.039624, 0.039688, 0.039596, ]


indo_family_transition = [0.822979, 0.089885, 0.032096, 0.018341, 0.018366, 0.018332;
0.102232, 0.803667, 0.034661, 0.019802, 0.019846, 0.019793;
0.187652, 0.177915, 0.478619, 0.051841, 0.051941, 0.052032;
0.196816, 0.188220, 0.098632, 0.382239, 0.067175, 0.066918;
0.195849, 0.189611, 0.098993, 0.066566, 0.381965, 0.067017;
0.196916, 0.189184, 0.098834, 0.067037, 0.066820, 0.381209;
]


indo_feature_ancestral = [0.177692, 0.219772, 0.149124, 0.151274, 0.151080, 0.151058, ]


indo_feature_stationary = [0.425767, 0.380195, 0.074643, 0.039753, 0.039802, 0.039841, ]


indo_feature_transition = [0.817667, 0.092462, 0.033468, 0.018795, 0.018777, 0.018831;
0.102906, 0.801177, 0.035654, 0.020075, 0.020038, 0.020149;
0.192869, 0.180648, 0.471432, 0.051650, 0.051754, 0.051648;
0.201939, 0.190337, 0.097712, 0.376585, 0.066766, 0.066661;
0.201977, 0.190355, 0.097488, 0.066699, 0.376872, 0.066608;
0.201441, 0.190520, 0.097870, 0.066330, 0.067055, 0.376784;
]


niger_distance_ancestral = [0.366152, 0.041772, 0.148255, 0.147944, 0.147810, 0.148067, ]


niger_distance_stationary = [0.071162, 0.888854, 0.010025, 0.009972, 0.010010, 0.009977, ]


niger_distance_transition = [0.681643, 0.250408, 0.017091, 0.016900, 0.016971, 0.016987;
0.018506, 0.967133, 0.003599, 0.003580, 0.003591, 0.003592;
0.157261, 0.284024, 0.372468, 0.061934, 0.062427, 0.061885;
0.156869, 0.283043, 0.062560, 0.372744, 0.062606, 0.062177;
0.156530, 0.284553, 0.062182, 0.062016, 0.372823, 0.061896;
0.156645, 0.283361, 0.062753, 0.062626, 0.062580, 0.372034;
]


niger_family_ancestral = [0.367797, 0.040604, 0.147651, 0.148242, 0.147764, 0.147943, ]


niger_family_stationary = [0.072283, 0.887505, 0.010032, 0.010040, 0.010094, 0.010045, ]


niger_family_transition = [0.683279, 0.247471, 0.017206, 0.017295, 0.017406, 0.017344;
0.018789, 0.966893, 0.003587, 0.003564, 0.003587, 0.003580;
0.156455, 0.283639, 0.372006, 0.062624, 0.062747, 0.062530;
0.156814, 0.283272, 0.062418, 0.372754, 0.062405, 0.062338;
0.156782, 0.284135, 0.061657, 0.062099, 0.373247, 0.062079;
0.157019, 0.283856, 0.061935, 0.062508, 0.062724, 0.371957;
]


niger_feature_ancestral = [0.329755, 0.062354, 0.151612, 0.152358, 0.151873, 0.152049, ]


niger_feature_stationary = [0.075459, 0.882824, 0.010409, 0.010420, 0.010444, 0.010444, ]


niger_feature_transition = [0.669114, 0.261423, 0.017404, 0.017270, 0.017459, 0.017330;
0.021131, 0.963921, 0.003717, 0.003742, 0.003742, 0.003746;
0.152664, 0.289080, 0.371360, 0.061982, 0.062372, 0.062541;
0.154086, 0.288086, 0.062101, 0.371608, 0.061986, 0.062134;
0.153365, 0.289324, 0.062022, 0.061773, 0.371203, 0.062313;
0.152572, 0.289703, 0.062253, 0.062118, 0.062155, 0.371198;
]


nilo_distance_ancestral = [0.225830, 0.134455, 0.153530, 0.162345, 0.161769, 0.162070, ]


nilo_distance_stationary = [0.234552, 0.441973, 0.184222, 0.043545, 0.052154, 0.043554, ]


nilo_distance_transition = [0.691774, 0.130836, 0.088459, 0.028175, 0.032965, 0.027791;
0.068548, 0.814730, 0.059655, 0.017882, 0.021255, 0.017931;
0.113616, 0.142853, 0.640043, 0.032612, 0.038467, 0.032408;
0.152990, 0.178675, 0.138974, 0.387934, 0.075054, 0.066373;
0.150381, 0.176943, 0.136401, 0.062445, 0.410928, 0.062901;
0.151468, 0.178829, 0.139090, 0.066291, 0.074715, 0.389607;
]


nilo_family_ancestral = [0.213619, 0.140202, 0.154603, 0.164045, 0.163394, 0.164138, ]


nilo_family_stationary = [0.235011, 0.442351, 0.183916, 0.043348, 0.051885, 0.043489, ]


nilo_family_transition = [0.694224, 0.129599, 0.087889, 0.027815, 0.032684, 0.027788;
0.068339, 0.815600, 0.059323, 0.017812, 0.021139, 0.017786;
0.112499, 0.143070, 0.640937, 0.032513, 0.038304, 0.032678;
0.151989, 0.178397, 0.139054, 0.388649, 0.075062, 0.066849;
0.149521, 0.177629, 0.136599, 0.062364, 0.410790, 0.063097;
0.151857, 0.179058, 0.138970, 0.066237, 0.074843, 0.389034;
]


nilo_feature_ancestral = [0.206397, 0.147524, 0.151062, 0.165372, 0.164332, 0.165314, ]


nilo_feature_stationary = [0.235686, 0.441429, 0.183429, 0.043694, 0.052235, 0.043526, ]


nilo_feature_transition = [0.692259, 0.131167, 0.088055, 0.027777, 0.032876, 0.027866;
0.069455, 0.813047, 0.059947, 0.018075, 0.021419, 0.018057;
0.113324, 0.145017, 0.637445, 0.032672, 0.038803, 0.032739;
0.152042, 0.179851, 0.139118, 0.388400, 0.074591, 0.065997;
0.149757, 0.177894, 0.136863, 0.063087, 0.409965, 0.062434;
0.151932, 0.180095, 0.139381, 0.066974, 0.074677, 0.386941;
]


sino_distance_ancestral = [0.105814, 0.288056, 0.151354, 0.151406, 0.151687, 0.151684, ]


sino_distance_stationary = [0.873719, 0.053449, 0.018176, 0.018258, 0.018252, 0.018146, ]


sino_distance_transition = [0.956062, 0.016710, 0.006804, 0.006827, 0.006810, 0.006787;
0.301654, 0.556151, 0.035489, 0.035683, 0.035629, 0.035394;
0.304597, 0.125592, 0.374977, 0.065012, 0.065290, 0.064531;
0.306233, 0.125355, 0.064171, 0.374637, 0.064940, 0.064663;
0.306187, 0.125552, 0.064321, 0.064712, 0.374983, 0.064244;
0.304616, 0.126112, 0.064614, 0.065090, 0.064971, 0.374597;
]


sino_family_ancestral = [0.102492, 0.280441, 0.154537, 0.154158, 0.154316, 0.154057, ]


sino_family_stationary = [0.874659, 0.053451, 0.017961, 0.017985, 0.017954, 0.017990, ]


sino_family_transition = [0.956790, 0.016482, 0.006692, 0.006688, 0.006672, 0.006676;
0.297943, 0.560932, 0.035193, 0.035238, 0.035357, 0.035337;
0.304407, 0.126588, 0.374826, 0.064705, 0.064761, 0.064713;
0.303600, 0.125983, 0.064832, 0.375756, 0.064691, 0.065137;
0.303633, 0.126412, 0.065009, 0.064896, 0.375087, 0.064964;
0.303364, 0.126163, 0.064885, 0.064964, 0.064773, 0.375851;
]


sino_feature_ancestral = [0.045067, 0.425039, 0.132027, 0.132405, 0.132927, 0.132535, ]


sino_feature_stationary = [0.875445, 0.052287, 0.017994, 0.018140, 0.018058, 0.018076, ]


sino_feature_transition = [0.955614, 0.016638, 0.006906, 0.006988, 0.006922, 0.006932;
0.309892, 0.547785, 0.035434, 0.035745, 0.035526, 0.035619;
0.314126, 0.125687, 0.366833, 0.064513, 0.064470, 0.064370;
0.313366, 0.125935, 0.064523, 0.367439, 0.064515, 0.064223;
0.312437, 0.126681, 0.064202, 0.064408, 0.367760, 0.064512;
0.312660, 0.126166, 0.064315, 0.064271, 0.064530, 0.368058;
]


common_afro_distance_ancestral = [0.198600, 0.071750, 0.164050, 0.175201, 0.194983, 0.195416, ]


common_afro_distance_postancestral = [0.442383, 0.396264, 0.107578, 0.027317, 0.014258, 0.012199, ]


common_austro_distance_ancestral = [0.018814, 0.096018, 0.301899, 0.238636, 0.170431, 0.174201, ]


common_austro_distance_postancestral = [0.046374, 0.575132, 0.288518, 0.056035, 0.018066, 0.015874, ]


common_indo_distance_ancestral = [0.118301, 0.213863, 0.147446, 0.162044, 0.179324, 0.179023, ]


common_indo_distance_postancestral = [0.158964, 0.751726, 0.059206, 0.015339, 0.007975, 0.006791, ]


common_niger_distance_ancestral = [0.227952, 0.078832, 0.170643, 0.174840, 0.173947, 0.173787, ]


common_niger_distance_postancestral = [0.459477, 0.393567, 0.101281, 0.024516, 0.011420, 0.009738, ]


common_nilo_distance_ancestral = [0.251499, 0.082112, 0.170245, 0.168629, 0.163915, 0.163599, ]


common_nilo_distance_postancestral = [0.478409, 0.384345, 0.095985, 0.022410, 0.010179, 0.008673, ]


common_sino_distance_ancestral = [0.340912, 0.043815, 0.135934, 0.151453, 0.163896, 0.163990, ]


common_sino_distance_postancestral = [0.665874, 0.214622, 0.079032, 0.020903, 0.010552, 0.009016, ]


common_distance_stationary = [0.245543, 0.650592, 0.072123, 0.016984, 0.007955, 0.006804, ]


common_distance_transition = [0.774451, 0.145058, 0.051268, 0.015402, 0.007412, 0.006410;
0.048253, 0.903873, 0.033225, 0.007151, 0.004089, 0.003409;
0.233697, 0.236010, 0.458356, 0.038705, 0.017851, 0.015381;
0.261103, 0.247204, 0.155938, 0.264392, 0.037264, 0.034098;
0.271161, 0.273482, 0.168387, 0.089209, 0.154335, 0.043425;
0.270902, 0.273260, 0.168962, 0.091668, 0.050005, 0.145204;
]


common_afro_family_ancestral = [0.153977, 0.088629, 0.184585, 0.182183, 0.195004, 0.195622, ]


common_afro_family_postancestral = [0.325044, 0.499425, 0.120400, 0.028630, 0.014215, 0.012285, ]


common_austro_family_ancestral = [0.041793, 0.166480, 0.290846, 0.203156, 0.148230, 0.149495, ]


common_austro_family_postancestral = [0.074351, 0.683188, 0.189012, 0.033695, 0.010562, 0.009192, ]


common_indo_family_ancestral = [0.138931, 0.208801, 0.143083, 0.161296, 0.173839, 0.174050, ]


common_indo_family_postancestral = [0.179540, 0.732788, 0.057620, 0.015576, 0.007770, 0.006706, ]


common_niger_family_ancestral = [0.199908, 0.078561, 0.184559, 0.180426, 0.178346, 0.178200, ]


common_niger_family_postancestral = [0.414667, 0.416456, 0.117698, 0.027636, 0.012648, 0.010895, ]


common_nilo_family_ancestral = [0.215828, 0.082004, 0.176816, 0.176662, 0.174480, 0.174209, ]


common_nilo_family_postancestral = [0.428079, 0.415250, 0.108540, 0.026004, 0.011898, 0.010229, ]


common_sino_family_ancestral = [0.303556, 0.041733, 0.144128, 0.166418, 0.172161, 0.172004, ]


common_sino_family_postancestral = [0.631793, 0.227922, 0.091871, 0.025605, 0.012252, 0.010557, ]


common_family_stationary = [0.236799, 0.658588, 0.072285, 0.017349, 0.008045, 0.006933, ]


common_family_transition = [0.762697, 0.151747, 0.054298, 0.016948, 0.007654, 0.006655;
0.044385, 0.908007, 0.032458, 0.007597, 0.004071, 0.003481;
0.262921, 0.206713, 0.457200, 0.039444, 0.018048, 0.015673;
0.303536, 0.218176, 0.163145, 0.243811, 0.037872, 0.033460;
0.304552, 0.236727, 0.172089, 0.087401, 0.155264, 0.043967;
0.303642, 0.237626, 0.172481, 0.089505, 0.051055, 0.145691;
]


common_afro_feature_ancestral = [0.205551, 0.074486, 0.158869, 0.173403, 0.193961, 0.193730, ]


common_afro_feature_postancestral = [0.437342, 0.409763, 0.101255, 0.026143, 0.013736, 0.011760, ]


common_austro_feature_ancestral = [0.024263, 0.209081, 0.237679, 0.208605, 0.158218, 0.162153, ]


common_austro_feature_postancestral = [0.036795, 0.791984, 0.126553, 0.027201, 0.009278, 0.008188, ]


common_indo_feature_ancestral = [0.109078, 0.257262, 0.139273, 0.153762, 0.169912, 0.170712, ]


common_indo_feature_postancestral = [0.128586, 0.795551, 0.050272, 0.013004, 0.006759, 0.005828, ]


common_niger_feature_ancestral = [0.188151, 0.105787, 0.174757, 0.176724, 0.177400, 0.177182, ]


common_niger_feature_postancestral = [0.351397, 0.507488, 0.097597, 0.023185, 0.010957, 0.009375, ]


common_nilo_feature_ancestral = [0.213022, 0.094045, 0.173100, 0.174229, 0.173058, 0.172546, ]


common_nilo_feature_postancestral = [0.406780, 0.450745, 0.098892, 0.023355, 0.010911, 0.009316, ]


common_sino_feature_ancestral = [0.299813, 0.064996, 0.141704, 0.155597, 0.169608, 0.168282, ]


common_sino_feature_postancestral = [0.557937, 0.322078, 0.079754, 0.020685, 0.010562, 0.008984, ]


common_feature_stationary = [0.244036, 0.651047, 0.072849, 0.017111, 0.008051, 0.006906, ]


common_feature_transition = [0.761273, 0.153813, 0.054460, 0.016141, 0.007701, 0.006612;
0.048417, 0.900473, 0.035920, 0.007519, 0.004157, 0.003514;
0.257615, 0.239781, 0.432198, 0.037874, 0.017426, 0.015107;
0.281600, 0.248552, 0.148856, 0.250627, 0.037262, 0.033104;
0.289622, 0.268536, 0.160870, 0.086122, 0.152135, 0.042715;
0.285959, 0.269100, 0.160744, 0.088633, 0.049967, 0.145598;
]


