stabs = containers.Map()
trans = containers.Map()
uniform_ancestrals = containers.Map()
stabs('geographic_afro') = [5.924159, 4.202783, 11.412199, 18.576502, 18.488335, 18.445142, ]

trans('geographic_afro') = [0.000000, 0.445792, 0.240942, 0.105098, 0.104256, 0.103912;
0.452795, 0.000000, 0.252286, 0.098113, 0.098468, 0.098338;
0.280146, 0.376192, 0.000000, 0.115112, 0.114211, 0.114339;
0.219970, 0.275711, 0.214212, 0.000000, 0.144777, 0.145330;
0.220535, 0.274548, 0.214631, 0.145548, 0.000000, 0.144738;
0.220343, 0.273598, 0.214646, 0.145578, 0.145835, 0.000000;
]
stabs('geographic_austro') = [15.193356, 4.067697, 10.143333, 18.291495, 25.065650, 24.589181, ]

trans('geographic_austro') = [0.000000, 0.530672, 0.144701, 0.144212, 0.091343, 0.089072;
0.093085, 0.000000, 0.522066, 0.232681, 0.079904, 0.072263;
0.123981, 0.504678, 0.000000, 0.200372, 0.089384, 0.081584;
0.157793, 0.511386, 0.160555, 0.000000, 0.086942, 0.083324;
0.220353, 0.387396, 0.135118, 0.148054, 0.000000, 0.109078;
0.221272, 0.389045, 0.133707, 0.146525, 0.109450, 0.000000;
]
stabs('geographic_indo') = [4.612008, 4.332991, 15.035964, 19.280964, 19.234527, 19.273522, ]

trans('geographic_indo') = [0.000000, 0.485425, 0.196009, 0.105841, 0.107205, 0.105521;
0.440201, 0.000000, 0.210905, 0.116103, 0.116259, 0.116532;
0.352651, 0.275878, 0.000000, 0.124267, 0.123247, 0.123957;
0.300369, 0.233017, 0.182925, 0.000000, 0.141673, 0.142016;
0.299947, 0.233920, 0.182649, 0.142322, 0.000000, 0.141163;
0.298354, 0.233135, 0.184636, 0.141656, 0.142219, 0.000000;
]
stabs('geographic_niger') = [10.349810, 1.252943, 19.411174, 19.385140, 19.303359, 19.388060, ]

trans('geographic_niger') = [0.000000, 0.789961, 0.052371, 0.052943, 0.052137, 0.052588;
0.764335, 0.000000, 0.058954, 0.059066, 0.058842, 0.058803;
0.233119, 0.340851, 0.000000, 0.142388, 0.141497, 0.142144;
0.231678, 0.343256, 0.142221, 0.000000, 0.140398, 0.142448;
0.232132, 0.339382, 0.142421, 0.143051, 0.000000, 0.143013;
0.232051, 0.342261, 0.141882, 0.141719, 0.142087, 0.000000;
]
stabs('geographic_nilo') = [8.019145, 4.562609, 9.289964, 19.082648, 17.873293, 19.076013, ]

trans('geographic_nilo') = [0.000000, 0.380499, 0.286666, 0.104937, 0.123372, 0.104527;
0.325056, 0.000000, 0.345807, 0.104086, 0.121896, 0.103155;
0.299693, 0.369694, 0.000000, 0.105059, 0.121990, 0.103564;
0.238943, 0.247156, 0.216549, 0.000000, 0.155497, 0.141854;
0.244043, 0.260226, 0.221504, 0.137767, 0.000000, 0.136461;
0.238604, 0.247273, 0.216186, 0.142013, 0.155924, 0.000000;
]
stabs('geographic_sino') = [1.571197, 13.739177, 20.821769, 20.742559, 20.804889, 20.787045, ]

trans('geographic_sino') = [0.000000, 0.494967, 0.126137, 0.125808, 0.126591, 0.126497;
0.614661, 0.000000, 0.095898, 0.096353, 0.096473, 0.096614;
0.414399, 0.191683, 0.000000, 0.130885, 0.131788, 0.131245;
0.412895, 0.191395, 0.132387, 0.000000, 0.131739, 0.131584;
0.414798, 0.191932, 0.131607, 0.130851, 0.000000, 0.130811;
0.412558, 0.192185, 0.132673, 0.130830, 0.131753, 0.000000;
]
stabs('genetic_afro') = [6.034900, 3.875819, 11.169527, 18.043114, 17.992382, 18.000941, ]

trans('genetic_afro') = [0.000000, 0.451761, 0.247106, 0.100262, 0.100170, 0.100701;
0.439495, 0.000000, 0.259977, 0.100005, 0.100326, 0.100197;
0.311073, 0.344443, 0.000000, 0.114965, 0.114783, 0.114736;
0.242130, 0.249753, 0.214236, 0.000000, 0.146946, 0.146936;
0.240336, 0.250606, 0.214840, 0.147660, 0.000000, 0.146558;
0.242410, 0.250165, 0.213823, 0.147288, 0.146314, 0.000000;
]
stabs('genetic_austro') = [13.152553, 2.969149, 9.689687, 14.758376, 20.398560, 20.294963, ]

trans('genetic_austro') = [0.000000, 0.390534, 0.245334, 0.179473, 0.093226, 0.091434;
0.260829, 0.000000, 0.377362, 0.199942, 0.080966, 0.080900;
0.208156, 0.452088, 0.000000, 0.175337, 0.082600, 0.081819;
0.201514, 0.361469, 0.236480, 0.000000, 0.100356, 0.100181;
0.195889, 0.276671, 0.210474, 0.185377, 0.000000, 0.131590;
0.194116, 0.273389, 0.211540, 0.187535, 0.133420, 0.000000;
]
stabs('genetic_indo') = [3.985902, 4.398302, 13.857164, 17.988709, 18.018945, 17.999742, ]

trans('genetic_indo') = [0.000000, 0.486868, 0.192302, 0.107308, 0.106797, 0.106725;
0.491637, 0.000000, 0.191854, 0.105002, 0.105877, 0.105630;
0.312459, 0.302160, 0.000000, 0.128777, 0.128235, 0.128368;
0.257830, 0.251299, 0.193752, 0.000000, 0.148393, 0.148725;
0.259184, 0.251768, 0.193855, 0.147532, 0.000000, 0.147661;
0.258750, 0.252052, 0.194101, 0.147208, 0.147889, 0.000000;
]
stabs('genetic_niger') = [6.289727, 0.713697, 17.628973, 17.721177, 17.586596, 17.636639, ]

trans('genetic_niger') = [0.000000, 0.677050, 0.080713, 0.081365, 0.080093, 0.080780;
0.635657, 0.000000, 0.091228, 0.091026, 0.090455, 0.091633;
0.257802, 0.279591, 0.000000, 0.154864, 0.154118, 0.153626;
0.257510, 0.279737, 0.154539, 0.000000, 0.154238, 0.153976;
0.259325, 0.277519, 0.154904, 0.154660, 0.000000, 0.153592;
0.256364, 0.280600, 0.154562, 0.154543, 0.153931, 0.000000;
]
stabs('genetic_nilo') = [7.927441, 4.500662, 9.170730, 18.787508, 17.641919, 18.727238, ]

trans('genetic_nilo') = [0.000000, 0.382761, 0.289069, 0.103512, 0.121131, 0.103527;
0.352444, 0.000000, 0.322903, 0.101400, 0.121351, 0.101901;
0.305197, 0.360363, 0.000000, 0.105479, 0.122753, 0.106208;
0.230630, 0.242716, 0.224413, 0.000000, 0.156958, 0.145284;
0.236090, 0.253781, 0.231102, 0.139633, 0.000000, 0.139393;
0.231037, 0.243644, 0.224503, 0.143743, 0.157074, 0.000000;
]
stabs('genetic_sino') = [0.949257, 10.395019, 18.202801, 18.240710, 18.252827, 18.257903, ]

trans('genetic_sino') = [0.000000, 0.433913, 0.140272, 0.141965, 0.141938, 0.141911;
0.555228, 0.000000, 0.110494, 0.111230, 0.111580, 0.111468;
0.320094, 0.229990, 0.000000, 0.150564, 0.150167, 0.149185;
0.322188, 0.231964, 0.148028, 0.000000, 0.149286, 0.148534;
0.322914, 0.230655, 0.148616, 0.149563, 0.000000, 0.148252;
0.321044, 0.231409, 0.149194, 0.149282, 0.149071, 0.000000;
]
stabs('feature_afro') = [6.070878, 3.905487, 11.327990, 18.216319, 18.316569, 18.229581, ]

trans('feature_afro') = [0.000000, 0.448830, 0.247577, 0.100991, 0.100874, 0.101728;
0.437932, 0.000000, 0.260015, 0.100468, 0.100496, 0.101089;
0.308605, 0.346950, 0.000000, 0.114732, 0.115334, 0.114379;
0.240801, 0.250747, 0.214326, 0.000000, 0.146523, 0.147604;
0.240284, 0.250883, 0.214591, 0.147091, 0.000000, 0.147151;
0.240141, 0.252503, 0.213329, 0.146886, 0.147141, 0.000000;
]
stabs('feature_austro') = [12.978294, 2.616816, 9.142954, 14.204492, 20.217502, 20.213885, ]

trans('feature_austro') = [0.000000, 0.373277, 0.257195, 0.181953, 0.094114, 0.093462;
0.282056, 0.000000, 0.347224, 0.193315, 0.088122, 0.089284;
0.216151, 0.431673, 0.000000, 0.181075, 0.085985, 0.085116;
0.207932, 0.335011, 0.249199, 0.000000, 0.104803, 0.103054;
0.199388, 0.253730, 0.220572, 0.191941, 0.000000, 0.134369;
0.199831, 0.254880, 0.219088, 0.192118, 0.134083, 0.000000;
]
stabs('feature_indo') = [4.119188, 4.519745, 14.302272, 18.436700, 18.408713, 18.419061, ]

trans('feature_indo') = [0.000000, 0.480601, 0.196801, 0.107562, 0.107503, 0.107533;
0.484091, 0.000000, 0.193912, 0.108202, 0.106676, 0.107119;
0.317301, 0.303590, 0.000000, 0.126469, 0.126647, 0.125993;
0.267080, 0.253453, 0.189827, 0.000000, 0.145452, 0.144188;
0.265234, 0.253916, 0.189921, 0.145508, 0.000000, 0.145420;
0.263343, 0.255167, 0.190503, 0.145708, 0.145279, 0.000000;
]
stabs('feature_niger') = [6.530969, 0.739469, 17.561658, 17.540653, 17.561853, 17.582883, ]

trans('feature_niger') = [0.000000, 0.686271, 0.079083, 0.078559, 0.078292, 0.077795;
0.647762, 0.000000, 0.088111, 0.087791, 0.088680, 0.087656;
0.257929, 0.282242, 0.000000, 0.153997, 0.153643, 0.152190;
0.255586, 0.284056, 0.153652, 0.000000, 0.153026, 0.153680;
0.257388, 0.283567, 0.152879, 0.153679, 0.000000, 0.152487;
0.255437, 0.282312, 0.153345, 0.154885, 0.154020, 0.000000;
]
stabs('feature_nilo') = [7.828773, 4.446467, 9.010996, 18.380604, 17.350848, 18.433221, ]

trans('feature_nilo') = [0.000000, 0.386637, 0.289393, 0.101700, 0.120171, 0.102099;
0.359502, 0.000000, 0.323017, 0.099037, 0.118273, 0.100172;
0.305449, 0.361000, 0.000000, 0.105189, 0.123426, 0.104936;
0.229756, 0.243713, 0.224313, 0.000000, 0.157755, 0.144463;
0.236794, 0.253874, 0.231173, 0.139076, 0.000000, 0.139083;
0.229380, 0.243164, 0.224428, 0.145461, 0.157566, 0.000000;
]
stabs('feature_sino') = [0.974936, 10.533724, 18.064845, 18.133977, 18.108802, 18.109497, ]

trans('feature_sino') = [0.000000, 0.454963, 0.136337, 0.135864, 0.136549, 0.136286;
0.558624, 0.000000, 0.110650, 0.109965, 0.110785, 0.109975;
0.318974, 0.230230, 0.000000, 0.150037, 0.150295, 0.150463;
0.319971, 0.228138, 0.150672, 0.000000, 0.151682, 0.149537;
0.321537, 0.228449, 0.149463, 0.150435, 0.000000, 0.150116;
0.318384, 0.228416, 0.151438, 0.150547, 0.151215, 0.000000;
]
stabs('combination_afro') = [6.079580, 3.891974, 11.285984, 18.306121, 18.322859, 18.267380, ]

trans('combination_afro') = [0.000000, 0.448174, 0.247821, 0.101168, 0.101582, 0.101255;
0.435714, 0.000000, 0.261243, 0.100755, 0.101115, 0.101174;
0.312686, 0.340250, 0.000000, 0.115130, 0.116426, 0.115507;
0.242184, 0.248042, 0.213293, 0.000000, 0.147725, 0.148757;
0.242687, 0.251791, 0.213609, 0.145407, 0.000000, 0.146506;
0.243129, 0.251544, 0.212422, 0.145170, 0.147735, 0.000000;
]
stabs('combination_austro') = [12.954397, 2.953744, 9.761498, 14.766492, 20.241570, 20.245657, ]

trans('combination_austro') = [0.000000, 0.389491, 0.245018, 0.179294, 0.093317, 0.092881;
0.243184, 0.000000, 0.393442, 0.200810, 0.080851, 0.081713;
0.207537, 0.454878, 0.000000, 0.174460, 0.081870, 0.081255;
0.205872, 0.356923, 0.236161, 0.000000, 0.100606, 0.100438;
0.198818, 0.270443, 0.210229, 0.187004, 0.000000, 0.133505;
0.198428, 0.268992, 0.210639, 0.188415, 0.133526, 0.000000;
]
stabs('combination_indo') = [4.016703, 4.450388, 13.997064, 18.128288, 18.122820, 18.161162, ]

trans('combination_indo') = [0.000000, 0.488003, 0.192856, 0.105783, 0.106172, 0.107186;
0.492265, 0.000000, 0.191018, 0.104893, 0.105744, 0.106080;
0.313139, 0.302333, 0.000000, 0.128082, 0.128102, 0.128344;
0.260152, 0.253415, 0.193357, 0.000000, 0.146291, 0.146785;
0.257892, 0.252613, 0.193107, 0.147982, 0.000000, 0.148407;
0.259174, 0.253467, 0.192912, 0.147837, 0.146610, 0.000000;
]
stabs('combination_niger') = [6.185501, 0.698315, 17.436588, 17.403189, 17.362694, 17.394506, ]

trans('combination_niger') = [0.000000, 0.673670, 0.082427, 0.081326, 0.081077, 0.081500;
0.635376, 0.000000, 0.090823, 0.091209, 0.091829, 0.090763;
0.256963, 0.280879, 0.000000, 0.154380, 0.153661, 0.154117;
0.257501, 0.279852, 0.154097, 0.000000, 0.154204, 0.154347;
0.256420, 0.281997, 0.153900, 0.154373, 0.000000, 0.153310;
0.255823, 0.281959, 0.154251, 0.153800, 0.154166, 0.000000;
]
stabs('combination_nilo') = [7.974945, 4.504589, 9.183480, 18.608063, 17.609050, 18.623492, ]

trans('combination_nilo') = [0.000000, 0.386549, 0.291272, 0.101232, 0.118739, 0.102208;
0.357582, 0.000000, 0.323637, 0.100024, 0.118307, 0.100449;
0.308974, 0.360415, 0.000000, 0.104647, 0.121632, 0.104331;
0.229208, 0.242021, 0.225171, 0.000000, 0.158140, 0.145459;
0.238137, 0.251334, 0.230246, 0.140026, 0.000000, 0.140256;
0.229999, 0.245134, 0.223440, 0.143779, 0.157648, 0.000000;
]
stabs('combination_sino') = [0.963023, 10.589245, 18.367920, 18.393246, 18.356485, 18.351042, ]

trans('combination_sino') = [0.000000, 0.437665, 0.141141, 0.140197, 0.140601, 0.140395;
0.552354, 0.000000, 0.111890, 0.112646, 0.111613, 0.111496;
0.322190, 0.229259, 0.000000, 0.149704, 0.149092, 0.149755;
0.320420, 0.229622, 0.150219, 0.000000, 0.149392, 0.150347;
0.321830, 0.230496, 0.149077, 0.149516, 0.000000, 0.149081;
0.322354, 0.229580, 0.149008, 0.149053, 0.150005, 0.000000;
]
