stabs = containers.Map()
trans = containers.Map()
Q = containers.Map()
P = containers.Map()
stationary = containers.Map()
indiv_uni_ancestrals = containers.Map()
indiv_fuzzy_ancestrals = containers.Map()
indiv_stationary_ancestrals = containers.Map()
multi_uni_ancestrals = containers.Map()
multi_fuzzy_ancestrals = containers.Map()
multi_stationary_ancestrals = containers.Map()
stabs('geographic_afro') = [5.924159, 4.202783, 11.412199, 18.576502, 18.488335, 18.445142, ]

trans('geographic_afro') = [0.000000, 0.445792, 0.240942, 0.105098, 0.104256, 0.103912;
0.452795, 0.000000, 0.252286, 0.098113, 0.098468, 0.098338;
0.280146, 0.376192, 0.000000, 0.115112, 0.114211, 0.114339;
0.219970, 0.275711, 0.214212, 0.000000, 0.144777, 0.145330;
0.220535, 0.274548, 0.214631, 0.145548, 0.000000, 0.144738;
0.220343, 0.273598, 0.214646, 0.145578, 0.145835, 0.000000;
]

Q('geographic_afro') = [-5.924159, 2.887795, 1.376763, 0.556488, 0.553108, 0.550006;
1.996280, -4.202783, 1.050337, 0.384016, 0.386817, 0.385334;
3.289602, 4.354686, -11.412199, 1.262186, 1.252639, 1.253086;
4.145094, 5.083194, 3.990288, -18.576502, 2.675796, 2.682130;
4.143990, 5.052280, 3.964468, 2.668481, -18.488335, 2.659117;
4.127100, 5.021404, 3.964529, 2.663884, 2.668225, -18.445142;
]

P('geographic_afro') = [0.633411, 0.204093, 0.078588, 0.028092, 0.027941, 0.027876;
0.139069, 0.727168, 0.066277, 0.022439, 0.022537, 0.022509;
0.190714, 0.270963, 0.403290, 0.045085, 0.044949, 0.044998;
0.213085, 0.292768, 0.142878, 0.221446, 0.064752, 0.065071;
0.213019, 0.291476, 0.142771, 0.064744, 0.223277, 0.064713;
0.212801, 0.290953, 0.142676, 0.064769, 0.064971, 0.223830;
]

stationary('geographic_afro') = [0.310400, 0.460961, 0.117612, 0.036990, 0.037017, 0.037020, ]

indiv_uni_ancestrals('geographic_afro') = [0.101663, 0.312188, 0.149810, 0.145652, 0.145485, 0.145202, ]

indiv_fuzzy_ancestrals('geographic_afro') = [0.113838, 0.360174, 0.150578, 0.125207, 0.125183, 0.125019, ]

indiv_stationary_ancestrals('geographic_afro') = [0.160531, 0.660403, 0.093706, 0.028428, 0.028457, 0.028476, ]
stabs('geographic_austro') = [15.193356, 4.067697, 10.143333, 18.291495, 25.065650, 24.589181, ]

trans('geographic_austro') = [0.000000, 0.530672, 0.144701, 0.144212, 0.091343, 0.089072;
0.093085, 0.000000, 0.522066, 0.232681, 0.079904, 0.072263;
0.123981, 0.504678, 0.000000, 0.200372, 0.089384, 0.081584;
0.157793, 0.511386, 0.160555, 0.000000, 0.086942, 0.083324;
0.220353, 0.387396, 0.135118, 0.148054, 0.000000, 0.109078;
0.221272, 0.389045, 0.133707, 0.146525, 0.109450, 0.000000;
]

Q('geographic_austro') = [-15.193356, 8.283141, 2.109658, 2.144167, 1.345471, 1.310919;
0.361963, -4.067697, 2.196803, 0.935430, 0.301845, 0.271657;
1.170105, 5.537234, -10.143333, 1.899447, 0.803911, 0.732636;
2.886847, 9.515049, 2.867559, -18.291495, 1.543915, 1.478125;
5.616990, 9.675068, 3.327597, 3.708287, -25.065650, 2.737709;
5.534554, 9.552247, 3.217293, 3.594717, 2.690370, -24.589181;
]

P('geographic_austro') = [0.280249, 0.455655, 0.125241, 0.073384, 0.033133, 0.032338;
0.030929, 0.768745, 0.121332, 0.047971, 0.016013, 0.015010;
0.056428, 0.358813, 0.463645, 0.069680, 0.026463, 0.024972;
0.082033, 0.476178, 0.138335, 0.237734, 0.033390, 0.032331;
0.112141, 0.483875, 0.143617, 0.087014, 0.132530, 0.040824;
0.112114, 0.482023, 0.142838, 0.086582, 0.041337, 0.135106;
]

stationary('geographic_austro') = [0.055857, 0.639446, 0.191072, 0.068037, 0.023356, 0.022233, ]

indiv_uni_ancestrals('geographic_austro') = [0.752020, 0.109766, 0.002823, 0.021247, 0.048745, 0.065399, ]

indiv_fuzzy_ancestrals('geographic_austro') = [0.753843, 0.127055, 0.002764, 0.019425, 0.041059, 0.055854, ]

indiv_stationary_ancestrals('geographic_austro') = [0.692563, 0.239300, 0.004119, 0.015924, 0.020680, 0.027414, ]
stabs('geographic_indo') = [4.612008, 4.332991, 15.035964, 19.280964, 19.234527, 19.273522, ]

trans('geographic_indo') = [0.000000, 0.485425, 0.196009, 0.105841, 0.107205, 0.105521;
0.440201, 0.000000, 0.210905, 0.116103, 0.116259, 0.116532;
0.352651, 0.275878, 0.000000, 0.124267, 0.123247, 0.123957;
0.300369, 0.233017, 0.182925, 0.000000, 0.141673, 0.142016;
0.299947, 0.233920, 0.182649, 0.142322, 0.000000, 0.141163;
0.298354, 0.233135, 0.184636, 0.141656, 0.142219, 0.000000;
]

Q('geographic_indo') = [-4.612008, 2.396806, 0.859745, 0.450937, 0.454892, 0.449628;
2.144358, -4.332991, 0.844959, 0.447872, 0.446620, 0.449183;
5.382844, 4.152877, -15.035964, 1.841288, 1.821887, 1.837067;
5.809030, 4.490825, 3.537259, -19.280964, 2.721029, 2.722820;
5.789130, 4.490059, 3.521414, 2.731897, -19.234527, 2.702027;
5.769348, 4.482164, 3.565842, 2.723834, 2.732333, -19.273522;
]

P('geographic_indo') = [0.704195, 0.173385, 0.048405, 0.024663, 0.024763, 0.024589;
0.161951, 0.717346, 0.047578, 0.024366, 0.024366, 0.024392;
0.294790, 0.246077, 0.299838, 0.053161, 0.053042, 0.053092;
0.305781, 0.253775, 0.103296, 0.209840, 0.063638, 0.063671;
0.305154, 0.254139, 0.103191, 0.063646, 0.210469, 0.063401;
0.304775, 0.253864, 0.103754, 0.063467, 0.063692, 0.210449;
]

stationary('geographic_indo') = [0.404257, 0.416996, 0.071690, 0.035650, 0.035724, 0.035683, ]

indiv_uni_ancestrals('geographic_indo') = [0.663413, 0.026449, 0.074582, 0.078680, 0.078527, 0.078349, ]

indiv_fuzzy_ancestrals('geographic_indo') = [0.719703, 0.029073, 0.064882, 0.062238, 0.062163, 0.061941, ]

indiv_stationary_ancestrals('geographic_indo') = [0.904962, 0.039317, 0.021494, 0.011446, 0.011423, 0.011359, ]
stabs('geographic_niger') = [10.349810, 1.252943, 19.411174, 19.385140, 19.303359, 19.388060, ]

trans('geographic_niger') = [0.000000, 0.789961, 0.052371, 0.052943, 0.052137, 0.052588;
0.764335, 0.000000, 0.058954, 0.059066, 0.058842, 0.058803;
0.233119, 0.340851, 0.000000, 0.142388, 0.141497, 0.142144;
0.231678, 0.343256, 0.142221, 0.000000, 0.140398, 0.142448;
0.232132, 0.339382, 0.142421, 0.143051, 0.000000, 0.143013;
0.232051, 0.342261, 0.141882, 0.141719, 0.142087, 0.000000;
]

Q('geographic_niger') = [-10.349810, 8.333315, 0.504350, 0.506683, 0.500055, 0.505407;
0.983985, -1.252943, 0.067297, 0.067342, 0.066769, 0.067550;
4.599398, 6.523154, -19.411174, 2.775747, 2.746978, 2.765897;
4.561694, 6.564785, 2.756906, -19.385140, 2.730437, 2.771319;
4.546331, 6.448385, 2.763489, 2.769031, -19.303359, 2.776124;
4.576579, 6.536326, 2.758140, 2.757479, 2.759537, -19.388060;
]

P('geographic_niger') = [0.421761, 0.504730, 0.018377, 0.018472, 0.018287, 0.018373;
0.058944, 0.921663, 0.004849, 0.004855, 0.004833, 0.004856;
0.167515, 0.457760, 0.201330, 0.057859, 0.057674, 0.057861;
0.166689, 0.458643, 0.057728, 0.201680, 0.057434, 0.057826;
0.166910, 0.456540, 0.057771, 0.057981, 0.202769, 0.058029;
0.166788, 0.458330, 0.057654, 0.057752, 0.057860, 0.201615;
]

stationary('geographic_niger') = [0.098685, 0.863151, 0.009534, 0.009558, 0.009525, 0.009546, ]

indiv_uni_ancestrals('geographic_niger') = [0.130704, 0.456521, 0.103114, 0.103638, 0.102739, 0.103284, ]

indiv_fuzzy_ancestrals('geographic_niger') = [0.128094, 0.546676, 0.081211, 0.081680, 0.080948, 0.081392, ]

indiv_stationary_ancestrals('geographic_niger') = [0.038673, 0.949426, 0.002967, 0.003006, 0.002948, 0.002979, ]
stabs('geographic_nilo') = [8.019145, 4.562609, 9.289964, 19.082648, 17.873293, 19.076013, ]

trans('geographic_nilo') = [0.000000, 0.380499, 0.286666, 0.104937, 0.123372, 0.104527;
0.325056, 0.000000, 0.345807, 0.104086, 0.121896, 0.103155;
0.299693, 0.369694, 0.000000, 0.105059, 0.121990, 0.103564;
0.238943, 0.247156, 0.216549, 0.000000, 0.155497, 0.141854;
0.244043, 0.260226, 0.221504, 0.137767, 0.000000, 0.136461;
0.238604, 0.247273, 0.216186, 0.142013, 0.155924, 0.000000;
]

Q('geographic_nilo') = [-8.019145, 3.178134, 2.304635, 0.799318, 0.941816, 0.795242;
1.554797, -4.562609, 1.595229, 0.446476, 0.523691, 0.442417;
2.830282, 3.529386, -9.289964, 0.929866, 1.082224, 0.918206;
4.552520, 4.743212, 4.158150, -19.082647, 2.948572, 2.680192;
4.367247, 4.681804, 3.976662, 2.437333, -17.873293, 2.410247;
4.533412, 4.759829, 4.156434, 2.679129, 2.947208, -19.076013;
]

P('geographic_nilo') = [0.534515, 0.218738, 0.131877, 0.035888, 0.043241, 0.035741;
0.108993, 0.707190, 0.103430, 0.025165, 0.030229, 0.024991;
0.159325, 0.233474, 0.483847, 0.038679, 0.046342, 0.038333;
0.202718, 0.269370, 0.174742, 0.215264, 0.074251, 0.063654;
0.199365, 0.268517, 0.172235, 0.061383, 0.237562, 0.060937;
0.202536, 0.269413, 0.174678, 0.063886, 0.074466, 0.215020;
]

stationary('geographic_nilo') = [0.226502, 0.448378, 0.193337, 0.041060, 0.049909, 0.040814, ]

indiv_uni_ancestrals('geographic_nilo') = [0.283678, 0.191772, 0.101444, 0.141660, 0.139633, 0.141813, ]

indiv_fuzzy_ancestrals('geographic_nilo') = [0.306168, 0.221191, 0.107135, 0.121338, 0.122761, 0.121406, ]

indiv_stationary_ancestrals('geographic_nilo') = [0.360445, 0.423782, 0.108355, 0.033695, 0.040274, 0.033449, ]
stabs('geographic_sino') = [1.571197, 13.739177, 20.821769, 20.742559, 20.804889, 20.787045, ]

trans('geographic_sino') = [0.000000, 0.494967, 0.126137, 0.125808, 0.126591, 0.126497;
0.614661, 0.000000, 0.095898, 0.096353, 0.096473, 0.096614;
0.414399, 0.191683, 0.000000, 0.130885, 0.131788, 0.131245;
0.412895, 0.191395, 0.132387, 0.000000, 0.131739, 0.131584;
0.414798, 0.191932, 0.131607, 0.130851, 0.000000, 0.130811;
0.412558, 0.192185, 0.132673, 0.130830, 0.131753, 0.000000;
]

Q('geographic_sino') = [-1.571197, 0.821137, 0.186884, 0.186936, 0.188429, 0.187811;
8.660816, -13.739177, 1.263924, 1.270834, 1.269166, 1.274436;
8.600253, 4.005868, -20.821769, 2.728581, 2.742774, 2.744294;
8.519825, 3.997903, 2.744831, -20.742559, 2.743062, 2.736938;
8.598599, 4.005014, 2.740734, 2.728264, -20.804889, 2.732277;
8.544252, 4.013289, 2.760949, 2.725934, 2.742622, -20.787045;
]

P('geographic_sino') = [0.906324, 0.046363, 0.011800, 0.011823, 0.011848, 0.011841;
0.515339, 0.333515, 0.037653, 0.037808, 0.037835, 0.037850;
0.526479, 0.122048, 0.183872, 0.055770, 0.056062, 0.055769;
0.525311, 0.121999, 0.056122, 0.184577, 0.056010, 0.055981;
0.526356, 0.122091, 0.055910, 0.055794, 0.184129, 0.055720;
0.525581, 0.122195, 0.056150, 0.055805, 0.056099, 0.184170;
]

stationary('geographic_sino') = [0.848604, 0.072841, 0.019609, 0.019623, 0.019671, 0.019653, ]

indiv_uni_ancestrals('geographic_sino') = [0.796376, 0.045357, 0.039957, 0.039208, 0.039786, 0.039315, ]

indiv_fuzzy_ancestrals('geographic_sino') = [0.862409, 0.034952, 0.025927, 0.025432, 0.025790, 0.025491, ]

indiv_stationary_ancestrals('geographic_sino') = [0.989119, 0.005555, 0.001353, 0.001315, 0.001344, 0.001314, ]
stabs('geographic') = [4.555496, 2.160615, 14.349414, 20.149621, 26.702227, 26.229584, ]

trans('geographic') = [0.000000, 0.497659, 0.331732, 0.083606, 0.050350, 0.036653;
0.398466, 0.000000, 0.436986, 0.074569, 0.052409, 0.037569;
0.375740, 0.463886, 0.000000, 0.079295, 0.045598, 0.035481;
0.328031, 0.354645, 0.155625, 0.000000, 0.085769, 0.075931;
0.284682, 0.325996, 0.152494, 0.141497, 0.000000, 0.095331;
0.278774, 0.314880, 0.150350, 0.147698, 0.108298, 0.000000;
]

Q('geographic') = [-4.555496, 2.404754, 1.484528, 0.337425, 0.190847, 0.137942;
0.932899, -2.160615, 0.921666, 0.143226, 0.094964, 0.067860;
5.509871, 6.709224, -14.349414, 1.061258, 0.603662, 0.465398;
6.688065, 7.157379, 3.123498, -20.149621, 1.694502, 1.486176;
7.624640, 8.630490, 4.100114, 3.793735, -26.702227, 2.553248;
7.326681, 8.213335, 3.961170, 3.875993, 2.852405, -26.229584;
]

P('geographic') = [0.697101, 0.205776, 0.067745, 0.015454, 0.007840, 0.006085;
0.082359, 0.852959, 0.047771, 0.008550, 0.004727, 0.003634;
0.256742, 0.374972, 0.316363, 0.027353, 0.013587, 0.010983;
0.288829, 0.386194, 0.096209, 0.184050, 0.023798, 0.020921;
0.298118, 0.413595, 0.103639, 0.052330, 0.107026, 0.025291;
0.297057, 0.407524, 0.103597, 0.054533, 0.029342, 0.107947;
]

stationary('geographic') = [0.257730, 0.641366, 0.073228, 0.014596, 0.007305, 0.005776, ]

multi_uni_ancestrals('geographic_afro') = [0.681937, 0.007030, 0.066008, 0.079841, 0.083268, 0.081917, ]

multi_uni_ancestrals('geographic_austro') = [0.025289, 0.501774, 0.055723, 0.106926, 0.132065, 0.178223, ]

multi_uni_ancestrals('geographic_indo') = [0.024169, 0.605076, 0.088887, 0.087954, 0.098619, 0.095295, ]

multi_uni_ancestrals('geographic_niger') = [0.083938, 0.303258, 0.162208, 0.146649, 0.152332, 0.151616, ]

multi_uni_ancestrals('geographic_nilo') = [0.245239, 0.098353, 0.138927, 0.166463, 0.176034, 0.174984, ]

multi_uni_ancestrals('geographic_sino') = [0.908492, 0.000898, 0.018763, 0.022877, 0.025200, 0.023769, ]

multi_fuzzy_ancestrals('geographic_afro') = [0.751822, 0.009365, 0.059125, 0.063209, 0.058779, 0.057699, ]

multi_fuzzy_ancestrals('geographic_austro') = [0.028242, 0.552096, 0.052441, 0.097717, 0.113857, 0.155648, ]

multi_fuzzy_ancestrals('geographic_indo') = [0.028184, 0.695357, 0.076489, 0.067371, 0.067567, 0.065032, ]

multi_fuzzy_ancestrals('geographic_niger') = [0.103789, 0.386641, 0.154821, 0.124278, 0.115730, 0.114741, ]

multi_fuzzy_ancestrals('geographic_nilo') = [0.302877, 0.132965, 0.137613, 0.147373, 0.140261, 0.138911, ]

multi_fuzzy_ancestrals('geographic_sino') = [0.936208, 0.001145, 0.015367, 0.016285, 0.015987, 0.015007, ]

multi_stationary_ancestrals('geographic_afro') = [0.928694, 0.025466, 0.030938, 0.007914, 0.003911, 0.003076, ]

multi_stationary_ancestrals('geographic_austro') = [0.030622, 0.809467, 0.036571, 0.042265, 0.035627, 0.045449, ]

multi_stationary_ancestrals('geographic_indo') = [0.022651, 0.949053, 0.020434, 0.004042, 0.002156, 0.001664, ]

multi_stationary_ancestrals('geographic_niger') = [0.112726, 0.808417, 0.058869, 0.010408, 0.005367, 0.004213, ]

multi_stationary_ancestrals('geographic_nilo') = [0.469803, 0.412491, 0.079657, 0.019555, 0.010376, 0.008118, ]

multi_stationary_ancestrals('geographic_sino') = [0.987079, 0.002443, 0.007002, 0.001846, 0.000932, 0.000699, ]
stabs('genetic_afro') = [6.034900, 3.875819, 11.169527, 18.043114, 17.992382, 18.000941, ]

trans('genetic_afro') = [0.000000, 0.451761, 0.247106, 0.100262, 0.100170, 0.100701;
0.439495, 0.000000, 0.259977, 0.100005, 0.100326, 0.100197;
0.311073, 0.344443, 0.000000, 0.114965, 0.114783, 0.114736;
0.242130, 0.249753, 0.214236, 0.000000, 0.146946, 0.146936;
0.240336, 0.250606, 0.214840, 0.147660, 0.000000, 0.146558;
0.242410, 0.250165, 0.213823, 0.147288, 0.146314, 0.000000;
]

Q('genetic_afro') = [-6.034900, 2.905862, 1.452856, 0.559755, 0.554878, 0.561549;
1.819186, -3.875819, 0.987654, 0.355976, 0.356266, 0.356737;
3.532849, 3.939317, -11.169527, 1.235956, 1.229652, 1.231752;
4.403219, 4.534068, 3.853287, -18.043114, 2.631730, 2.620811;
4.339555, 4.541680, 3.866756, 2.634010, -17.992382, 2.610381;
4.376646, 4.544485, 3.852070, 2.624073, 2.603667, -18.000941;
]

P('genetic_afro') = [0.624300, 0.207565, 0.082472, 0.028532, 0.028495, 0.028636;
0.129516, 0.743390, 0.063352, 0.021245, 0.021223, 0.021274;
0.201880, 0.252318, 0.410627, 0.045074, 0.045061, 0.045041;
0.224769, 0.270207, 0.142604, 0.230861, 0.065773, 0.065785;
0.223748, 0.270556, 0.142586, 0.066028, 0.231444, 0.065638;
0.224633, 0.270219, 0.142268, 0.065719, 0.065620, 0.231540;
]

stationary('genetic_afro') = [0.295163, 0.474874, 0.119006, 0.036968, 0.036958, 0.037031, ]

indiv_uni_ancestrals('genetic_afro') = [0.164124, 0.170240, 0.165844, 0.166599, 0.166587, 0.166606, ]

indiv_fuzzy_ancestrals('genetic_afro') = [0.186473, 0.202047, 0.169747, 0.147231, 0.147244, 0.147259, ]

indiv_stationary_ancestrals('genetic_afro') = [0.289123, 0.482469, 0.117923, 0.036811, 0.036796, 0.036878, ]
stabs('genetic_austro') = [13.152553, 2.969149, 9.689687, 14.758376, 20.398560, 20.294963, ]

trans('genetic_austro') = [0.000000, 0.390534, 0.245334, 0.179473, 0.093226, 0.091434;
0.260829, 0.000000, 0.377362, 0.199942, 0.080966, 0.080900;
0.208156, 0.452088, 0.000000, 0.175337, 0.082600, 0.081819;
0.201514, 0.361469, 0.236480, 0.000000, 0.100356, 0.100181;
0.195889, 0.276671, 0.210474, 0.185377, 0.000000, 0.131590;
0.194116, 0.273389, 0.211540, 0.187535, 0.133420, 0.000000;
]

Q('genetic_austro') = [-13.152553, 5.227860, 3.266434, 2.318557, 1.182313, 1.157389;
0.769352, -2.969149, 1.171623, 0.582866, 0.222994, 0.222313;
1.980605, 4.570424, -9.689687, 1.648212, 0.749257, 0.741190;
2.967877, 5.387517, 3.531636, -14.758376, 1.436208, 1.435137;
4.014757, 5.612428, 4.325248, 3.783590, -20.398560, 2.662537;
3.960070, 5.505164, 4.326215, 3.813804, 2.689710, -20.294963;
]

P('genetic_austro') = [0.350017, 0.339193, 0.150529, 0.086610, 0.036979, 0.036673;
0.049419, 0.805926, 0.078717, 0.037570, 0.014190, 0.014178;
0.090526, 0.313037, 0.465194, 0.072379, 0.029498, 0.029366;
0.111282, 0.345028, 0.156201, 0.306043, 0.040740, 0.040706;
0.126798, 0.351164, 0.170634, 0.108120, 0.189235, 0.054049;
0.126335, 0.349395, 0.171154, 0.108699, 0.054475, 0.189942;
]

stationary('genetic_austro') = [0.090650, 0.634789, 0.154032, 0.069054, 0.025758, 0.025717, ]

indiv_uni_ancestrals('genetic_austro') = [0.122774, 0.264155, 0.182416, 0.147736, 0.141584, 0.141334, ]

indiv_fuzzy_ancestrals('genetic_austro') = [0.118497, 0.320776, 0.189396, 0.138496, 0.116488, 0.116347, ]

indiv_stationary_ancestrals('genetic_austro') = [0.055337, 0.716926, 0.138873, 0.051710, 0.018595, 0.018559, ]
stabs('genetic_indo') = [3.985902, 4.398302, 13.857164, 17.988709, 18.018945, 17.999742, ]

trans('genetic_indo') = [0.000000, 0.486868, 0.192302, 0.107308, 0.106797, 0.106725;
0.491637, 0.000000, 0.191854, 0.105002, 0.105877, 0.105630;
0.312459, 0.302160, 0.000000, 0.128777, 0.128235, 0.128368;
0.257830, 0.251299, 0.193752, 0.000000, 0.148393, 0.148725;
0.259184, 0.251768, 0.193855, 0.147532, 0.000000, 0.147661;
0.258750, 0.252052, 0.194101, 0.147208, 0.147889, 0.000000;
]

Q('genetic_indo') = [-3.985902, 2.118842, 0.719593, 0.383782, 0.381506, 0.382179;
2.356514, -4.398302, 0.790524, 0.415278, 0.418838, 0.417148;
4.357299, 4.228872, -13.857164, 1.762320, 1.754489, 1.754184;
4.650865, 4.522912, 3.480507, -17.988709, 2.665184, 2.669242;
4.682123, 4.529788, 3.500892, 2.644816, -18.018945, 2.661327;
4.655297, 4.550843, 3.495123, 2.639134, 2.659346, -17.999742;
]

P('genetic_indo') = [0.734495, 0.155699, 0.043236, 0.022229, 0.022159, 0.022181;
0.173338, 0.709962, 0.046083, 0.023464, 0.023577, 0.023577;
0.262521, 0.248152, 0.325392, 0.054711, 0.054563, 0.054662;
0.270633, 0.256331, 0.109561, 0.229224, 0.067014, 0.067236;
0.271375, 0.256418, 0.109571, 0.066868, 0.228811, 0.066956;
0.270951, 0.256780, 0.109572, 0.066786, 0.066925, 0.228987;
]

stationary('genetic_indo') = [0.434664, 0.389108, 0.070937, 0.035072, 0.035074, 0.035145, ]

indiv_uni_ancestrals('genetic_indo') = [0.143730, 0.211513, 0.160896, 0.161134, 0.161239, 0.161489, ]

indiv_fuzzy_ancestrals('genetic_indo') = [0.170327, 0.245496, 0.155919, 0.142606, 0.142694, 0.142959, ]

indiv_stationary_ancestrals('genetic_indo') = [0.349978, 0.478892, 0.068480, 0.034164, 0.034185, 0.034301, ]
stabs('genetic_niger') = [6.289727, 0.713697, 17.628973, 17.721177, 17.586596, 17.636639, ]

trans('genetic_niger') = [0.000000, 0.677050, 0.080713, 0.081365, 0.080093, 0.080780;
0.635657, 0.000000, 0.091228, 0.091026, 0.090455, 0.091633;
0.257802, 0.279591, 0.000000, 0.154864, 0.154118, 0.153626;
0.257510, 0.279737, 0.154539, 0.000000, 0.154238, 0.153976;
0.259325, 0.277519, 0.154904, 0.154660, 0.000000, 0.153592;
0.256364, 0.280600, 0.154562, 0.154543, 0.153931, 0.000000;
]

Q('genetic_niger') = [-6.289727, 4.491521, 0.450182, 0.452180, 0.444063, 0.451782;
0.495166, -0.713697, 0.054769, 0.054658, 0.053935, 0.055169;
4.574235, 4.933358, -17.628973, 2.724136, 2.701861, 2.695383;
4.582665, 4.972146, 2.727781, -17.721177, 2.725026, 2.713559;
4.590809, 4.890770, 2.705234, 2.710820, -17.586596, 2.688962;
4.544469, 4.973504, 2.713291, 2.704665, 2.700710, -17.636639;
]

P('genetic_niger') = [0.588544, 0.329126, 0.020606, 0.020653, 0.020459, 0.020611;
0.036093, 0.948303, 0.003912, 0.003891, 0.003874, 0.003927;
0.209522, 0.354462, 0.235917, 0.066753, 0.066779, 0.066566;
0.209889, 0.355407, 0.066887, 0.234214, 0.066867, 0.066736;
0.210432, 0.353312, 0.067071, 0.066758, 0.235711, 0.066715;
0.209107, 0.355101, 0.066929, 0.066810, 0.066693, 0.235360;
]

stationary('genetic_niger') = [0.093433, 0.869107, 0.009400, 0.009351, 0.009321, 0.009389, ]

indiv_uni_ancestrals('genetic_niger') = [0.216270, 0.109360, 0.168449, 0.168478, 0.168667, 0.168775, ]

indiv_fuzzy_ancestrals('genetic_niger') = [0.245553, 0.142974, 0.152790, 0.152665, 0.153005, 0.153013, ]

indiv_stationary_ancestrals('genetic_niger') = [0.221824, 0.712657, 0.016416, 0.016318, 0.016350, 0.016436, ]
stabs('genetic_nilo') = [7.927441, 4.500662, 9.170730, 18.787508, 17.641919, 18.727238, ]

trans('genetic_nilo') = [0.000000, 0.382761, 0.289069, 0.103512, 0.121131, 0.103527;
0.352444, 0.000000, 0.322903, 0.101400, 0.121351, 0.101901;
0.305197, 0.360363, 0.000000, 0.105479, 0.122753, 0.106208;
0.230630, 0.242716, 0.224413, 0.000000, 0.156958, 0.145284;
0.236090, 0.253781, 0.231102, 0.139633, 0.000000, 0.139393;
0.231037, 0.243644, 0.224503, 0.143743, 0.157074, 0.000000;
]

Q('genetic_nilo') = [-7.927441, 3.162370, 2.304814, 0.773281, 0.912452, 0.774524;
1.653531, -4.500662, 1.483159, 0.424285, 0.513002, 0.426685;
2.836209, 3.407241, -9.170730, 0.923326, 1.077534, 0.926420;
4.340382, 4.584982, 4.228985, -18.787508, 2.923991, 2.709168;
4.182399, 4.527902, 4.090172, 2.420938, -17.641919, 2.420508;
4.343567, 4.595241, 4.218879, 2.663144, 2.906407, -18.727238;
]

P('genetic_nilo') = [0.539509, 0.216168, 0.131512, 0.035182, 0.042288, 0.035341;
0.113117, 0.710031, 0.098222, 0.024413, 0.029679, 0.024539;
0.161087, 0.226971, 0.487993, 0.038700, 0.046317, 0.038932;
0.198488, 0.263002, 0.178795, 0.219611, 0.075016, 0.065089;
0.195472, 0.261756, 0.176494, 0.062046, 0.241968, 0.062263;
0.198483, 0.263402, 0.178546, 0.064585, 0.075053, 0.219931;
]

stationary('genetic_nilo') = [0.232615, 0.444954, 0.190955, 0.040787, 0.049706, 0.040983, ]

indiv_uni_ancestrals('genetic_nilo') = [0.175017, 0.160383, 0.165143, 0.166498, 0.166472, 0.166488, ]

indiv_fuzzy_ancestrals('genetic_nilo') = [0.192258, 0.189336, 0.177316, 0.145761, 0.149417, 0.145912, ]

indiv_stationary_ancestrals('genetic_nilo') = [0.247021, 0.429443, 0.190800, 0.041177, 0.050174, 0.041384, ]
stabs('genetic_sino') = [0.949257, 10.395019, 18.202801, 18.240710, 18.252827, 18.257903, ]

trans('genetic_sino') = [0.000000, 0.433913, 0.140272, 0.141965, 0.141938, 0.141911;
0.555228, 0.000000, 0.110494, 0.111230, 0.111580, 0.111468;
0.320094, 0.229990, 0.000000, 0.150564, 0.150167, 0.149185;
0.322188, 0.231964, 0.148028, 0.000000, 0.149286, 0.148534;
0.322914, 0.230655, 0.148616, 0.149563, 0.000000, 0.148252;
0.321044, 0.231409, 0.149194, 0.149282, 0.149071, 0.000000;
]

Q('genetic_sino') = [-0.949257, 0.446563, 0.124423, 0.126125, 0.126141, 0.126005;
5.894714, -10.395019, 1.117194, 1.126272, 1.128300, 1.128538;
5.788469, 4.198635, -18.202801, 2.748217, 2.740565, 2.726917;
5.826020, 4.243053, 2.713889, -18.240710, 2.740919, 2.716829;
5.842414, 4.226996, 2.721491, 2.742668, -18.252827, 2.719258;
5.826885, 4.235504, 2.732400, 2.737523, 2.725591, -18.257903;
]

P('genetic_sino') = [0.934521, 0.030859, 0.008613, 0.008696, 0.008663, 0.008648;
0.408276, 0.424742, 0.041575, 0.041856, 0.041801, 0.041750;
0.410183, 0.157535, 0.225507, 0.069111, 0.069076, 0.068588;
0.411757, 0.158271, 0.068228, 0.224773, 0.068605, 0.068366;
0.412229, 0.157560, 0.068415, 0.068748, 0.224845, 0.068204;
0.411240, 0.157962, 0.068651, 0.068667, 0.068705, 0.224776;
]

stationary('genetic_sino') = [0.865195, 0.064428, 0.017542, 0.017662, 0.017610, 0.017563, ]

indiv_uni_ancestrals('genetic_sino') = [0.146268, 0.196154, 0.164204, 0.164689, 0.164259, 0.164426, ]

indiv_fuzzy_ancestrals('genetic_sino') = [0.194738, 0.210003, 0.148640, 0.149146, 0.148690, 0.148782, ]

indiv_stationary_ancestrals('genetic_sino') = [0.820682, 0.092587, 0.021592, 0.021830, 0.021672, 0.021637, ]
stabs('genetic') = [2.343384, 0.553121, 7.438936, 13.790262, 19.654348, 20.177473, ]

trans('genetic') = [0.000000, 0.442327, 0.344674, 0.105222, 0.058058, 0.049718;
0.306306, 0.000000, 0.381599, 0.117162, 0.104596, 0.090337;
0.519504, 0.226807, 0.000000, 0.131746, 0.064959, 0.056983;
0.324318, 0.177025, 0.279539, 0.000000, 0.115157, 0.103960;
0.260193, 0.177995, 0.246083, 0.189074, 0.000000, 0.126655;
0.248540, 0.178527, 0.240354, 0.190414, 0.142165, 0.000000;
]

Q('genetic') = [-2.343384, 0.986660, 0.875397, 0.246790, 0.126897, 0.107641;
0.188629, -0.553121, 0.212221, 0.059223, 0.050093, 0.042956;
4.017155, 1.642542, -7.438936, 0.932184, 0.452174, 0.394881;
4.551611, 2.399763, 3.951857, -13.790262, 1.521206, 1.365825;
5.122134, 3.472695, 4.925892, 3.675724, -19.654348, 2.457903;
5.003304, 3.580525, 4.945565, 3.799825, 2.848254, -20.177473;
]

P('genetic') = [0.819266, 0.096221, 0.057158, 0.014614, 0.006856, 0.005884;
0.021694, 0.951684, 0.017094, 0.004337, 0.002796, 0.002396;
0.263311, 0.140554, 0.525360, 0.038828, 0.017087, 0.014860;
0.276680, 0.174316, 0.166306, 0.313492, 0.036719, 0.032486;
0.287038, 0.210361, 0.181635, 0.090533, 0.187353, 0.043079;
0.283544, 0.213559, 0.182142, 0.092566, 0.049893, 0.178296;
]

stationary('genetic') = [0.202446, 0.714907, 0.057790, 0.013226, 0.006252, 0.005380, ]

multi_uni_ancestrals('genetic_afro') = [0.147341, 0.055028, 0.162217, 0.185773, 0.224023, 0.225618, ]

multi_uni_ancestrals('genetic_austro') = [0.015573, 0.166916, 0.190272, 0.229079, 0.196733, 0.201427, ]

multi_uni_ancestrals('genetic_indo') = [0.230480, 0.051924, 0.188192, 0.181985, 0.174152, 0.173267, ]

multi_uni_ancestrals('genetic_niger') = [0.181856, 0.101593, 0.177370, 0.179832, 0.179725, 0.179624, ]

multi_uni_ancestrals('genetic_nilo') = [0.242982, 0.021238, 0.206002, 0.184452, 0.173152, 0.172174, ]

multi_uni_ancestrals('genetic_sino') = [0.519527, 0.001737, 0.114020, 0.120276, 0.123571, 0.120869, ]

multi_fuzzy_ancestrals('genetic_afro') = [0.179968, 0.064317, 0.179860, 0.181060, 0.197869, 0.196925, ]

multi_fuzzy_ancestrals('genetic_austro') = [0.020261, 0.187636, 0.206585, 0.228733, 0.177322, 0.179463, ]

multi_fuzzy_ancestrals('genetic_indo') = [0.273154, 0.059831, 0.203183, 0.171301, 0.147579, 0.144953, ]

multi_fuzzy_ancestrals('genetic_niger') = [0.217753, 0.116320, 0.192060, 0.169946, 0.152970, 0.150951, ]

multi_fuzzy_ancestrals('genetic_nilo') = [0.287594, 0.024703, 0.222636, 0.173874, 0.146943, 0.144250, ]

multi_fuzzy_ancestrals('genetic_sino') = [0.577063, 0.002021, 0.118166, 0.107324, 0.099417, 0.096010, ]

multi_stationary_ancestrals('genetic_afro') = [0.350472, 0.427860, 0.138337, 0.040358, 0.022992, 0.019981, ]

multi_stationary_ancestrals('genetic_austro') = [0.041967, 0.633599, 0.176248, 0.088546, 0.031681, 0.027960, ]

multi_stationary_ancestrals('genetic_indo') = [0.503617, 0.327122, 0.119889, 0.026852, 0.012140, 0.010381, ]

multi_stationary_ancestrals('genetic_niger') = [0.320920, 0.549577, 0.089683, 0.021155, 0.010039, 0.008625, ]

multi_stationary_ancestrals('genetic_nilo') = [0.630901, 0.140776, 0.165843, 0.034236, 0.015234, 0.013010, ]

multi_stationary_ancestrals('genetic_sino') = [0.891641, 0.008426, 0.067398, 0.017444, 0.008217, 0.006874, ]
stabs('feature_afro') = [6.070878, 3.905487, 11.327990, 18.216319, 18.316569, 18.229581, ]

trans('feature_afro') = [0.000000, 0.448830, 0.247577, 0.100991, 0.100874, 0.101728;
0.437932, 0.000000, 0.260015, 0.100468, 0.100496, 0.101089;
0.308605, 0.346950, 0.000000, 0.114732, 0.115334, 0.114379;
0.240801, 0.250747, 0.214326, 0.000000, 0.146523, 0.147604;
0.240284, 0.250883, 0.214591, 0.147091, 0.000000, 0.147151;
0.240141, 0.252503, 0.213329, 0.146886, 0.147141, 0.000000;
]

Q('feature_afro') = [-6.070878, 2.901832, 1.465800, 0.566036, 0.567221, 0.569990;
1.816253, -3.905487, 0.997711, 0.362896, 0.364230, 0.364397;
3.561706, 4.007744, -11.327990, 1.251322, 1.261589, 1.245629;
4.416080, 4.582593, 3.906328, -18.216319, 2.643815, 2.667502;
4.438381, 4.614710, 3.920755, 2.671608, -18.316569, 2.671115;
4.408589, 4.617845, 3.886867, 2.647929, 2.668352, -18.229581;
]

P('feature_afro') = [0.623177, 0.207619, 0.082733, 0.028836, 0.028744, 0.028891;
0.129662, 0.741698, 0.063946, 0.021552, 0.021552, 0.021591;
0.202366, 0.255898, 0.405902, 0.045292, 0.045372, 0.045169;
0.224654, 0.272918, 0.142426, 0.228492, 0.065546, 0.065965;
0.224950, 0.273287, 0.142637, 0.065832, 0.227524, 0.065769;
0.224489, 0.273649, 0.142226, 0.065685, 0.065611, 0.228339;
]

stationary('feature_afro') = [0.295267, 0.474273, 0.118860, 0.037218, 0.037149, 0.037232, ]

indiv_uni_ancestrals('feature_afro') = [0.160286, 0.176133, 0.165434, 0.166071, 0.166084, 0.165991, ]

indiv_fuzzy_ancestrals('feature_afro') = [0.182350, 0.208967, 0.169232, 0.146550, 0.146423, 0.146478, ]

indiv_stationary_ancestrals('feature_afro') = [0.280568, 0.492301, 0.116906, 0.036763, 0.036706, 0.036756, ]
stabs('feature_austro') = [12.978294, 2.616816, 9.142954, 14.204492, 20.217502, 20.213885, ]

trans('feature_austro') = [0.000000, 0.373277, 0.257195, 0.181953, 0.094114, 0.093462;
0.282056, 0.000000, 0.347224, 0.193315, 0.088122, 0.089284;
0.216151, 0.431673, 0.000000, 0.181075, 0.085985, 0.085116;
0.207932, 0.335011, 0.249199, 0.000000, 0.104803, 0.103054;
0.199388, 0.253730, 0.220572, 0.191941, 0.000000, 0.134369;
0.199831, 0.254880, 0.219088, 0.192118, 0.134083, 0.000000;
]

Q('feature_austro') = [-12.978294, 4.935987, 3.373598, 2.327887, 1.173296, 1.167526;
0.727231, -2.616816, 0.972516, 0.496308, 0.209678, 0.211083;
1.947962, 4.127653, -9.142954, 1.601714, 0.735172, 0.730453;
2.966829, 4.815564, 3.559808, -14.204492, 1.444025, 1.418266;
4.057897, 5.126407, 4.461200, 3.874144, -20.217502, 2.697854;
4.062249, 5.145335, 4.440230, 3.873624, 2.692447, -20.213886;
]

P('feature_austro') = [0.354727, 0.325702, 0.156494, 0.088417, 0.037415, 0.037245;
0.046869, 0.824284, 0.068767, 0.033464, 0.013282, 0.013333;
0.090840, 0.293200, 0.484069, 0.072742, 0.029656, 0.029493;
0.113212, 0.322138, 0.162152, 0.319478, 0.041756, 0.041264;
0.129574, 0.330287, 0.179713, 0.112865, 0.192359, 0.055202;
0.129662, 0.331023, 0.178929, 0.112852, 0.055187, 0.192347;
]

stationary('feature_austro') = [0.088579, 0.646605, 0.148366, 0.066425, 0.025018, 0.025007, ]

indiv_uni_ancestrals('feature_austro') = [0.166024, 0.156606, 0.160678, 0.182960, 0.167998, 0.165734, ]

indiv_fuzzy_ancestrals('feature_austro') = [0.167384, 0.193095, 0.173878, 0.179473, 0.144141, 0.142029, ]

indiv_stationary_ancestrals('feature_austro') = [0.111021, 0.558796, 0.171510, 0.093328, 0.032913, 0.032433, ]
stabs('feature_indo') = [4.119188, 4.519745, 14.302272, 18.436700, 18.408713, 18.419061, ]

trans('feature_indo') = [0.000000, 0.480601, 0.196801, 0.107562, 0.107503, 0.107533;
0.484091, 0.000000, 0.193912, 0.108202, 0.106676, 0.107119;
0.317301, 0.303590, 0.000000, 0.126469, 0.126647, 0.125993;
0.267080, 0.253453, 0.189827, 0.000000, 0.145452, 0.144188;
0.265234, 0.253916, 0.189921, 0.145508, 0.000000, 0.145420;
0.263343, 0.255167, 0.190503, 0.145708, 0.145279, 0.000000;
]

Q('feature_indo') = [-4.119188, 2.167733, 0.756005, 0.399130, 0.397694, 0.398626;
2.390742, -4.519745, 0.816438, 0.441411, 0.435445, 0.435710;
4.584647, 4.380200, -14.302272, 1.779067, 1.786273, 1.772086;
4.923566, 4.681765, 3.506043, -18.436699, 2.676345, 2.648981;
4.870318, 4.686037, 3.510654, 2.672556, -18.408713, 2.669148;
4.856391, 4.700951, 3.518867, 2.678074, 2.664779, -18.419061;
]

P('feature_indo') = [0.728156, 0.158875, 0.044575, 0.022817, 0.022800, 0.022778;
0.176045, 0.704111, 0.047131, 0.024358, 0.024186, 0.024168;
0.270792, 0.253683, 0.313290, 0.054092, 0.054246, 0.053897;
0.280094, 0.261383, 0.107150, 0.220394, 0.065679, 0.065300;
0.279016, 0.261666, 0.107222, 0.065781, 0.220693, 0.065622;
0.278045, 0.262299, 0.107261, 0.065895, 0.065715, 0.220785;
]

stationary('feature_indo') = [0.434203, 0.388999, 0.070947, 0.035352, 0.035287, 0.035212, ]

indiv_uni_ancestrals('feature_indo') = [0.323988, 0.128551, 0.130445, 0.139579, 0.138993, 0.138445, ]

indiv_fuzzy_ancestrals('feature_indo') = [0.368525, 0.148352, 0.123249, 0.120450, 0.120005, 0.119419, ]

indiv_stationary_ancestrals('feature_indo') = [0.625188, 0.246771, 0.049324, 0.026391, 0.026251, 0.026076, ]
stabs('feature_niger') = [6.530969, 0.739469, 17.561658, 17.540653, 17.561853, 17.582883, ]

trans('feature_niger') = [0.000000, 0.686271, 0.079083, 0.078559, 0.078292, 0.077795;
0.647762, 0.000000, 0.088111, 0.087791, 0.088680, 0.087656;
0.257929, 0.282242, 0.000000, 0.153997, 0.153643, 0.152190;
0.255586, 0.284056, 0.153652, 0.000000, 0.153026, 0.153680;
0.257388, 0.283567, 0.152879, 0.153679, 0.000000, 0.152487;
0.255437, 0.282312, 0.153345, 0.154885, 0.154020, 0.000000;
]

Q('feature_niger') = [-6.530969, 4.732194, 0.453643, 0.451203, 0.448172, 0.445756;
0.521830, -0.739469, 0.054557, 0.054236, 0.054825, 0.054022;
4.570091, 4.952146, -17.561658, 2.690351, 2.686682, 2.662389;
4.511382, 4.975127, 2.688945, -17.540653, 2.674341, 2.690858;
4.555822, 4.967692, 2.678014, 2.692081, -17.561853, 2.668245;
4.513195, 4.964674, 2.691807, 2.718885, 2.694321, -17.582883;
]

P('feature_niger') = [0.577954, 0.340432, 0.020503, 0.020483, 0.020390, 0.020238;
0.037410, 0.946901, 0.003929, 0.003931, 0.003934, 0.003895;
0.206509, 0.358912, 0.235600, 0.066629, 0.066538, 0.065812;
0.205729, 0.359575, 0.066403, 0.235733, 0.066331, 0.066228;
0.206421, 0.359103, 0.066166, 0.066525, 0.235927, 0.065858;
0.205703, 0.359003, 0.066419, 0.066867, 0.066715, 0.235293;
]

stationary('feature_niger') = [0.093626, 0.868936, 0.009373, 0.009391, 0.009386, 0.009287, ]

indiv_uni_ancestrals('feature_niger') = [0.174738, 0.158459, 0.166729, 0.166728, 0.166635, 0.166710, ]

indiv_fuzzy_ancestrals('feature_niger') = [0.197304, 0.202820, 0.150009, 0.150078, 0.149907, 0.149883, ]

indiv_stationary_ancestrals('feature_niger') = [0.123214, 0.830876, 0.011468, 0.011514, 0.011493, 0.011435, ]
stabs('feature_nilo') = [7.828773, 4.446467, 9.010996, 18.380604, 17.350848, 18.433221, ]

trans('feature_nilo') = [0.000000, 0.386637, 0.289393, 0.101700, 0.120171, 0.102099;
0.359502, 0.000000, 0.323017, 0.099037, 0.118273, 0.100172;
0.305449, 0.361000, 0.000000, 0.105189, 0.123426, 0.104936;
0.229756, 0.243713, 0.224313, 0.000000, 0.157755, 0.144463;
0.236794, 0.253874, 0.231173, 0.139076, 0.000000, 0.139083;
0.229380, 0.243164, 0.224428, 0.145461, 0.157566, 0.000000;
]

Q('feature_nilo') = [-7.828773, 3.147701, 2.278237, 0.751806, 0.896707, 0.754321;
1.658949, -4.446467, 1.464111, 0.410943, 0.496704, 0.415760;
2.791941, 3.346527, -9.010996, 0.899651, 1.069254, 0.903623;
4.248318, 4.496796, 4.133624, -18.380604, 2.872562, 2.629304;
4.128760, 4.433887, 4.020290, 2.384609, -17.350848, 2.383301;
4.240333, 4.510624, 4.145039, 2.654621, 2.882604, -18.433221;
]

P('feature_nilo') = [0.543081, 0.215280, 0.130415, 0.034644, 0.041908, 0.034672;
0.113455, 0.711620, 0.097634, 0.024010, 0.029167, 0.024114;
0.159644, 0.224773, 0.492772, 0.038354, 0.046181, 0.038276;
0.196310, 0.260912, 0.177416, 0.225185, 0.075337, 0.064840;
0.194483, 0.259155, 0.175390, 0.062114, 0.246820, 0.062038;
0.196545, 0.260778, 0.177590, 0.065271, 0.075374, 0.224442;
]

stationary('feature_nilo') = [0.233760, 0.444308, 0.191206, 0.040624, 0.049537, 0.040566, ]

indiv_uni_ancestrals('feature_nilo') = [0.160811, 0.167909, 0.171505, 0.166625, 0.166518, 0.166631, ]

indiv_fuzzy_ancestrals('feature_nilo') = [0.176723, 0.197238, 0.183782, 0.146310, 0.149730, 0.146217, ]

indiv_stationary_ancestrals('feature_nilo') = [0.225255, 0.445202, 0.198138, 0.040850, 0.049765, 0.040790, ]
stabs('feature_sino') = [0.974936, 10.533724, 18.064845, 18.133977, 18.108802, 18.109497, ]

trans('feature_sino') = [0.000000, 0.454963, 0.136337, 0.135864, 0.136549, 0.136286;
0.558624, 0.000000, 0.110650, 0.109965, 0.110785, 0.109975;
0.318974, 0.230230, 0.000000, 0.150037, 0.150295, 0.150463;
0.319971, 0.228138, 0.150672, 0.000000, 0.151682, 0.149537;
0.321537, 0.228449, 0.149463, 0.150435, 0.000000, 0.150116;
0.318384, 0.228416, 0.151438, 0.150547, 0.151215, 0.000000;
]

Q('feature_sino') = [-0.974936, 0.477890, 0.124025, 0.123750, 0.125040, 0.124231;
5.994109, -10.533724, 1.135498, 1.132477, 1.141923, 1.129717;
5.696033, 4.173585, -18.064845, 2.727734, 2.733848, 2.733645;
5.733362, 4.154520, 2.750100, -18.133977, 2.769482, 2.726512;
5.754556, 4.171049, 2.720429, 2.734719, -18.108802, 2.728048;
5.700079, 4.152849, 2.763704, 2.737881, 2.754983, -18.109497;
]

P('feature_sino') = [0.932690, 0.032450, 0.008713, 0.008695, 0.008754, 0.008698;
0.411029, 0.420828, 0.042095, 0.041931, 0.042235, 0.041881;
0.407214, 0.155958, 0.228741, 0.069240, 0.069557, 0.069290;
0.407913, 0.155496, 0.069557, 0.228035, 0.069863, 0.069137;
0.408580, 0.155404, 0.069336, 0.069285, 0.228197, 0.069198;
0.407158, 0.155498, 0.069823, 0.069436, 0.069789, 0.228297;
]

stationary('feature_sino') = [0.861222, 0.066642, 0.018037, 0.018007, 0.018100, 0.017992, ]

indiv_uni_ancestrals('feature_sino') = [0.302834, 0.145372, 0.137758, 0.138027, 0.138090, 0.137919, ]

indiv_fuzzy_ancestrals('feature_sino') = [0.372553, 0.148740, 0.119612, 0.119662, 0.119867, 0.119567, ]

indiv_stationary_ancestrals('feature_sino') = [0.916979, 0.040455, 0.010663, 0.010617, 0.010706, 0.010580, ]
stabs('feature') = [2.354372, 0.527326, 6.972630, 12.643288, 19.008981, 19.703839, ]

trans('feature') = [0.000000, 0.492084, 0.319798, 0.086178, 0.054325, 0.047615;
0.387974, 0.000000, 0.317825, 0.102928, 0.101291, 0.089983;
0.535465, 0.212576, 0.000000, 0.126698, 0.066799, 0.058462;
0.313766, 0.161411, 0.297591, 0.000000, 0.119270, 0.107962;
0.258348, 0.164471, 0.250171, 0.196183, 0.000000, 0.130828;
0.247869, 0.162992, 0.243183, 0.198846, 0.147109, 0.000000;
]

Q('feature') = [-2.354372, 1.097046, 0.829572, 0.206099, 0.118447, 0.103208;
0.217642, -0.527326, 0.170570, 0.050239, 0.047242, 0.041633;
3.927099, 1.410597, -6.972630, 0.830771, 0.429653, 0.374512;
4.092205, 1.989067, 3.817209, -12.643288, 1.441468, 1.303340;
4.928519, 3.099245, 4.807987, 3.696996, -19.008981, 2.476234;
4.909749, 3.174097, 4.855672, 3.875744, 2.888577, -19.703839;
]

P('feature') = [0.817094, 0.104210, 0.053881, 0.012758, 0.006451, 0.005605;
0.023762, 0.953172, 0.014256, 0.003850, 0.002651, 0.002308;
0.256955, 0.126175, 0.548558, 0.036884, 0.016829, 0.014598;
0.259173, 0.154152, 0.171373, 0.344374, 0.037704, 0.033224;
0.280718, 0.193587, 0.187453, 0.097115, 0.196087, 0.045040;
0.278901, 0.195970, 0.187845, 0.100242, 0.052681, 0.184362;
]

stationary('feature') = [0.200628, 0.721512, 0.054281, 0.012403, 0.005989, 0.005186, ]

multi_uni_ancestrals('feature_afro') = [0.486607, 0.021448, 0.098562, 0.109082, 0.142487, 0.141814, ]

multi_uni_ancestrals('feature_austro') = [0.023340, 0.110966, 0.112040, 0.256085, 0.244927, 0.252641, ]

multi_uni_ancestrals('feature_indo') = [0.097875, 0.383416, 0.106405, 0.124106, 0.143268, 0.144931, ]

multi_uni_ancestrals('feature_niger') = [0.191258, 0.081287, 0.192659, 0.181852, 0.176486, 0.176458, ]

multi_uni_ancestrals('feature_nilo') = [0.153613, 0.035022, 0.245148, 0.196734, 0.184956, 0.184527, ]

multi_uni_ancestrals('feature_sino') = [0.698655, 0.000052, 0.116638, 0.070683, 0.058146, 0.055826, ]

multi_fuzzy_ancestrals('feature_afro') = [0.538678, 0.023664, 0.103492, 0.100203, 0.118075, 0.115888, ]

multi_fuzzy_ancestrals('feature_austro') = [0.029442, 0.122637, 0.122257, 0.260731, 0.230109, 0.234824, ]

multi_fuzzy_ancestrals('feature_indo') = [0.114493, 0.415842, 0.113036, 0.116375, 0.120285, 0.119969, ]

multi_fuzzy_ancestrals('feature_niger') = [0.226543, 0.091463, 0.208585, 0.173744, 0.150946, 0.148720, ]

multi_fuzzy_ancestrals('feature_nilo') = [0.185430, 0.039918, 0.267012, 0.190410, 0.159987, 0.157243, ]

multi_fuzzy_ancestrals('feature_sino') = [0.727199, 0.000058, 0.119518, 0.063429, 0.046166, 0.043631, ]

multi_stationary_ancestrals('feature_afro') = [0.786861, 0.119884, 0.059357, 0.015997, 0.009604, 0.008297, ]

multi_stationary_ancestrals('feature_austro') = [0.086509, 0.470498, 0.133449, 0.154972, 0.080216, 0.074356, ]

