31
0 0.0  0.594953  0.788756  0.825149  0.796543  0.870439  0.796027  0.812369  0.636033  0.613347  0.948488  0.808530  0.808293  0.807027  0.960870  0.565375  0.484486  0.552005  0.861090  0.841980  0.736839  0.882725  0.628337  0.941765  0.707067  0.657850  0.305499  0.427447  0.732782  0.608631  0.708626 
1  0.594953 0.0  0.580183  0.795681  0.808934  0.551284  0.726123  0.818336  0.466861  0.846108  0.824034  0.824411  0.756549  0.771479  0.746746  0.678185  0.443739  0.551522  0.849808  0.809484  0.797198  0.869656  0.648867  0.651964  0.616591  0.741297  0.559655  0.524519  0.777387  0.746254  0.473105 
2  0.788756  0.580183 0.0  0.871140  0.694932  0.438537  0.782546  0.650505  0.679305  0.759875  0.707698  0.774614  0.648963  0.705822  0.746675  0.741871  0.607038  0.712548  0.838831  0.736596  0.628702  0.750633  0.683899  0.678890  0.638647  0.880373  0.697183  0.655098  0.679346  0.852402  0.648788 
3  0.825149  0.795681  0.871140 0.0  0.497261  0.871945  0.629907  0.545906  0.719873  0.957034  0.467464  0.569422  0.839207  0.644425  0.630918  0.847219  0.837251  0.807731  0.445688  0.589565  0.549303  0.514323  0.882372  0.576653  0.888729  0.847534  0.710630  0.870070  0.688221  1.000000  0.726640 
4  0.796543  0.808934  0.694932  0.497261 0.0  0.716832  0.454169  0.495505  0.786221  0.738043  0.641963  0.583480  0.726271  0.341912  0.354214  0.829217  0.847949  0.830346  0.554526  0.577022  0.420908  0.564561  0.841170  0.141252  0.857916  0.986116  0.777204  0.799459  0.509663  0.809024  0.804885 
5  0.870439  0.551284  0.438537  0.871945  0.716832 0.0  0.575462  0.707629  0.668798  0.855295  0.837200  0.660783  0.757921  0.613009  0.781798  0.772069  0.741429  0.761898  0.738236  0.892362  0.719897  0.787629  0.686793  0.735608  0.829327  0.749595  0.733906  0.661176  0.584656  0.793957  0.711108 
6  0.796027  0.726123  0.782546  0.629907  0.454169  0.575462 0.0  0.576421  0.768627  0.866861  0.638046  0.604943  0.927214  0.041482  0.429821  0.874158  0.788968  0.774885  0.751645  0.670525  0.227892  0.610229  0.824805  0.450069  0.884822  0.958417  0.843791  0.741367  0.445341  0.801971  0.806926 
7  0.812369  0.818336  0.650505  0.545906  0.495505  0.707629  0.576421 0.0  0.740289  0.777222  0.708055  0.402795  0.789852  0.576863  0.590481  0.815572  0.881309  0.741747  0.617962  0.500585  0.556064  0.543742  0.940329  0.638883  0.810541  0.861929  0.800786  0.867147  0.579171  0.748897  0.792541 
8  0.636033  0.466861  0.679305  0.719873  0.786221  0.668798  0.768627  0.740289 0.0  0.737695  0.792347  0.683830  0.650214  0.635374  0.856846  0.679382  0.492497  0.603289  0.872299  0.786129  0.724487  0.776863  0.675163  0.736549  0.784209  0.875630  0.582541  0.638779  0.728932  0.694959  0.562937 
9  0.613347  0.846108  0.759875  0.957034  0.738043  0.855295  0.866861  0.777222  0.737695 0.0  0.954064  0.953975  0.558459  0.704964  0.920205  0.562683  0.607998  0.594710  0.907679  0.752948  0.908190  0.758135  0.384483  0.907982  0.557702  0.593725  0.565458  0.539195  0.876805  0.293215  0.779626 
10  0.948488  0.824034  0.707698  0.467464  0.641963  0.837200  0.638046  0.708055  0.792347  0.954064 0.0  0.669609  0.809771  0.686472  0.628959  0.956356  0.867229  0.919053  0.429135  0.583861  0.653075  0.476777  0.880152  0.570841  0.864778  0.949303  0.782368  0.869662  0.576076  0.872138  0.757316 
11  0.808530  0.824411  0.774614  0.569422  0.583480  0.660783  0.604943  0.402795  0.683830  0.953975  0.669609 0.0  0.827351  0.573979  0.539309  0.875232  0.809573  0.692340  0.686392  0.559270  0.510803  0.539969  0.886852  0.572798  0.836816  0.968575  0.813158  0.845459  0.540643  0.787073  0.831260 
12  0.808293  0.756549  0.648963  0.839207  0.726271  0.757921  0.927214  0.789852  0.650214  0.558459  0.809771  0.827351 0.0  0.915383  0.800920  0.646200  0.547811  0.319313  0.787573  0.759797  0.819789  0.783284  0.522101  0.904036  0.563588  0.495128  0.579274  0.632731  0.710753  0.588735  0.465699 
13  0.807027  0.771479  0.705822  0.644425  0.341912  0.613009  0.041482  0.576863  0.635374  0.704964  0.686472  0.573979  0.915383 0.0  0.440436  0.933394  0.786256  0.820038  0.633444  0.555282  0.000000  0.659920  0.849692  0.428281  0.776051  0.806269  0.743845  0.799345  0.380038  0.893833  0.763971 
14  0.960870  0.746746  0.746675  0.630918  0.354214  0.781798  0.429821  0.590481  0.856846  0.920205  0.628959  0.539309  0.800920  0.440436 0.0  0.848670  0.850062  0.744887  0.618680  0.546731  0.432085  0.581322  0.881793  0.438560  0.891748  0.832919  0.838948  0.840579  0.503599  0.817810  0.739491 
15  0.565375  0.678185  0.741871  0.847219  0.829217  0.772069  0.874158  0.815572  0.679382  0.562683  0.956356  0.875232  0.646200  0.933394  0.848670 0.0  0.695913  0.751627  0.889003  0.828315  0.922148  0.951402  0.510720  0.859338  0.694297  0.698377  0.672604  0.652559  0.876410  0.657714  0.826192 
16  0.484486  0.443739  0.607038  0.837251  0.847949  0.741429  0.788968  0.881309  0.492497  0.607998  0.867229  0.809573  0.547811  0.786256  0.850062  0.695913 0.0  0.525219  0.872408  0.857559  0.705853  0.902818  0.559449  0.720182  0.605963  0.585885  0.418510  0.275431  0.779212  0.744743  0.650423 
17  0.552005  0.551522  0.712548  0.807731  0.830346  0.761898  0.774885  0.741747  0.603289  0.594710  0.919053  0.692340  0.319313  0.820038  0.744887  0.751627  0.525219 0.0  0.801396  0.792752  0.777301  0.691262  0.500607  0.846728  0.589023  0.620616  0.639515  0.522664  0.708542  0.671426  0.348154 
18  0.861090  0.849808  0.838831  0.445688  0.554526  0.738236  0.751645  0.617962  0.872299  0.907679  0.429135  0.686392  0.787573  0.633444  0.618680  0.889003  0.872408  0.801396 0.0  0.667509  0.699669  0.680623  0.951343  0.600255  0.893068  0.920810  0.776977  0.668924  0.607677  0.999890  0.805818 
19  0.841980  0.809484  0.736596  0.589565  0.577022  0.892362  0.670525  0.500585  0.786129  0.752948  0.583861  0.559270  0.759797  0.555282  0.546731  0.828315  0.857559  0.792752  0.667509 0.0  0.814562  0.274862  0.825823  0.583830  0.799445  0.893857  0.848496  0.823764  0.771044  0.810769  0.925921 
20  0.736839  0.797198  0.628702  0.549303  0.420908  0.719897  0.227892  0.556064  0.724487  0.908190  0.653075  0.510803  0.819789  0.000000  0.432085  0.922148  0.705853  0.777301  0.699669  0.814562 0.0  0.637156  0.766387  0.362025  0.989781  0.710920  0.757569  0.739317  0.305343  0.824324  0.723021 
21  0.882725  0.869656  0.750633  0.514323  0.564561  0.787629  0.610229  0.543742  0.776863  0.758135  0.476777  0.539969  0.783284  0.659920  0.581322  0.951402  0.902818  0.691262  0.680623  0.274862  0.637156 0.0  0.816360  0.634460  0.890385  0.913727  0.786790  0.774675  0.794811  0.976230  0.915014 
22  0.628337  0.648867  0.683899  0.882372  0.841170  0.686793  0.824805  0.940329  0.675163  0.384483  0.880152  0.886852  0.522101  0.849692  0.881793  0.510720  0.559449  0.500607  0.951343  0.825823  0.766387  0.816360 0.0  0.862124  0.441732  0.595287  0.680819  0.721354  0.856737  0.369242  0.621364 
23  0.941765  0.651964  0.678890  0.576653  0.141252  0.735608  0.450069  0.638883  0.736549  0.907982  0.570841  0.572798  0.904036  0.428281  0.438560  0.859338  0.720182  0.846728  0.600255  0.583830  0.362025  0.634460  0.862124 0.0  0.926224  0.798827  0.860305  0.777337  0.494715  0.792408  0.697221 
24  0.707067  0.616591  0.638647  0.888729  0.857916  0.829327  0.884822  0.810541  0.784209  0.557702  0.864778  0.836816  0.563588  0.776051  0.891748  0.694297  0.605963  0.589023  0.893068  0.799445  0.989781  0.890385  0.441732  0.926224 0.0  0.339967  0.795896  0.595665  0.864612  0.593949  0.563459 
25  0.657850  0.741297  0.880373  0.847534  0.986116  0.749595  0.958417  0.861929  0.875630  0.593725  0.949303  0.968575  0.495128  0.806269  0.832919  0.698377  0.585885  0.620616  0.920810  0.893857  0.710920  0.913727  0.595287  0.798827  0.339967 0.0  0.675587  0.735716  0.840701  0.558134  0.589361 
26  0.305499  0.559655  0.697183  0.710630  0.777204  0.733906  0.843791  0.800786  0.582541  0.565458  0.782368  0.813158  0.579274  0.743845  0.838948  0.672604  0.418510  0.639515  0.776977  0.848496  0.757569  0.786790  0.680819  0.860305  0.795896  0.675587 0.0  0.425599  0.776498  0.554819  0.659429 
27  0.427447  0.524519  0.655098  0.870070  0.799459  0.661176  0.741367  0.867147  0.638779  0.539195  0.869662  0.845459  0.632731  0.799345  0.840579  0.652559  0.275431  0.522664  0.668924  0.823764  0.739317  0.774675  0.721354  0.777337  0.595665  0.735716  0.425599 0.0  0.871507  0.732679  0.646200 
28  0.732782  0.777387  0.679346  0.688221  0.509663  0.584656  0.445341  0.579171  0.728932  0.876805  0.576076  0.540643  0.710753  0.380038  0.503599  0.876410  0.779212  0.708542  0.607677  0.771044  0.305343  0.794811  0.856737  0.494715  0.864612  0.840701  0.776498  0.871507 0.0  0.759734  0.672017 
29  0.608631  0.746254  0.852402  1.000000  0.809024  0.793957  0.801971  0.748897  0.694959  0.293215  0.872138  0.787073  0.588735  0.893833  0.817810  0.657714  0.744743  0.671426  0.999890  0.810769  0.824324  0.976230  0.369242  0.792408  0.593949  0.558134  0.554819  0.732679  0.759734 0.0  0.628113 
30  0.708626  0.473105  0.648788  0.726640  0.804885  0.711108  0.806926  0.792541  0.562937  0.779626  0.757316  0.831260  0.465699  0.763971  0.739491  0.826192  0.650423  0.348154  0.805818  0.925921  0.723021  0.915014  0.621364  0.697221  0.563459  0.589361  0.659429  0.646200  0.672017  0.628113 0.0 
