31
0 0.0  0.969768  0.755378  0.614188  0.773504  0.572567  0.841934  0.760748  0.545584  0.832035  0.829223  0.478124  0.629978  0.848286  0.293991  0.757911  0.670906  0.611345  0.898678  0.616037  0.540993  0.587424  0.658821  0.593332  0.568295  0.768648  0.815823  0.761730  0.857535  0.692789  0.796022 
1  0.969768 0.0  0.724256  0.786814  0.307954  0.731589  0.514899  0.545130  0.763287  0.598225  0.553301  0.798768  0.781812  0.559321  0.824282  0.918091  0.608418  0.794168  0.522244  0.746044  0.856968  0.870559  0.805234  0.726278  0.888561  0.737572  0.516437  0.394538  0.383901  0.633834  0.398374 
2  0.755378  0.724256 0.0  0.575779  0.687985  0.678534  0.748479  0.549359  0.688672  0.556018  0.635114  0.712754  0.768529  0.739670  0.738843  0.659457  0.395295  0.536132  0.858462  0.594123  0.833762  0.770043  0.580976  0.639755  0.703173  0.679701  0.720653  0.704316  0.728702  0.237216  0.709830 
3  0.614188  0.786814  0.575779 0.0  0.805975  0.249069  0.702606  0.797158  0.405442  0.713755  0.793506  0.623130  0.487430  0.799689  0.705717  0.480026  0.651937  0.465130  0.810628  0.482399  0.517333  0.633834  0.414597  0.535456  0.558815  0.159916  0.757914  0.727604  0.775721  0.714510  0.763240 
4  0.773504  0.307954  0.687985  0.805975 0.0  0.876436  0.592255  0.347103  0.772871  0.328829  0.304993  0.762348  0.865700  0.512363  0.847136  0.750627  0.673627  0.749956  0.523044  0.786434  0.814822  0.843133  0.675402  0.834316  0.816208  0.812647  0.550813  0.541620  0.388675  0.654792  0.488473 
5  0.572567  0.731589  0.678534  0.249069  0.876436 0.0  0.804695  0.744072  0.240136  0.770456  0.756127  0.519322  0.569406  0.821800  0.632404  0.485381  0.885054  0.536385  0.863149  0.412157  0.592356  0.503078  0.475168  0.519277  0.542914  0.547319  0.841907  0.821017  0.825037  0.615190  0.859777 
6  0.841934  0.514899  0.748479  0.702606  0.592255  0.804695 0.0  0.588869  0.902211  0.535537  0.500520  0.816478  0.818102  0.336454  0.801686  0.880492  0.729910  0.831754  0.548103  0.694070  0.816773  0.839755  0.760528  0.741480  0.849454  0.830028  0.558244  0.550849  0.489436  0.642167  0.465370 
7  0.760748  0.545130  0.549359  0.797158  0.347103  0.744072  0.588869 0.0  0.712715  0.072323  0.037205  0.826480  0.870199  0.635954  0.815083  0.734468  0.722823  0.869180  0.623845  0.788179  0.779487  0.854112  0.769155  0.788816  0.759459  0.644028  0.565215  0.581574  0.366400  0.607857  0.530903 
8  0.545584  0.763287  0.688672  0.405442  0.772871  0.240136  0.902211  0.712715 0.0  0.723441  0.758157  0.632059  0.494157  0.832777  0.436662  0.493499  0.600601  0.386771  0.781020  0.494794  0.492543  0.666751  0.478084  0.489447  0.455890  0.447439  0.877770  0.657749  0.773837  0.672464  0.793972 
9  0.832035  0.598225  0.556018  0.713755  0.328829  0.770456  0.535537  0.072323  0.723441 0.0  0.018568  0.735023  0.835862  0.490097  0.853697  0.784954  0.700188  0.850713  0.577483  0.746260  0.810720  0.802231  0.687931  0.719322  0.903731  0.737491  0.626249  0.574208  0.410611  0.619249  0.471715 
10  0.829223  0.553301  0.635114  0.793506  0.304993  0.756127  0.500520  0.037205  0.758157  0.018568 0.0  0.845196  0.670691  0.520765  0.895130  0.607930  0.676778  0.779104  0.641471  0.775484  0.880044  0.903555  0.719627  0.682574  0.743876  0.835471  0.570445  0.615494  0.372698  0.696889  0.607895 
11  0.478124  0.798768  0.712754  0.623130  0.762348  0.519322  0.816478  0.826480  0.632059  0.735023  0.845196 0.0  0.499409  0.805709  0.440428  0.688353  0.731399  0.617751  0.933955  0.494640  0.263572  0.201028  0.587173  0.560640  0.560991  0.532378  1.000000  0.810012  0.802751  0.695785  0.900075 
12  0.629978  0.781812  0.768529  0.487430  0.865700  0.569406  0.818102  0.870199  0.494157  0.835862  0.670691  0.499409 0.0  0.817585  0.732902  0.636301  0.675343  0.543300  0.708874  0.622699  0.534045  0.555069  0.454920  0.615169  0.637000  0.438413  0.891855  0.682452  0.791026  0.685027  0.790548 
13  0.848286  0.559321  0.739670  0.799689  0.512363  0.821800  0.336454  0.635954  0.832777  0.490097  0.520765  0.805709  0.817585 0.0  0.876432  0.805347  0.599311  0.764422  0.547206  0.902079  0.910772  0.823594  0.923512  0.846398  0.753499  0.649397  0.557529  0.427663  0.527755  0.651471  0.444544 
14  0.293991  0.824282  0.738843  0.705717  0.847136  0.632404  0.801686  0.815083  0.436662  0.853697  0.895130  0.440428  0.732902  0.876432 0.0  0.643004  0.791522  0.601690  0.834860  0.593717  0.570360  0.597928  0.760908  0.690487  0.605502  0.649240  0.926870  0.881314  0.788623  0.703859  0.865091 
15  0.757911  0.918091  0.659457  0.480026  0.750627  0.485381  0.880492  0.734468  0.493499  0.784954  0.607930  0.688353  0.636301  0.805347  0.643004 0.0  0.628325  0.310861  0.800256  0.360269  0.572463  0.737733  0.469882  0.396474  0.564837  0.498107  0.885416  0.798523  0.691221  0.617877  0.792437 
16  0.670906  0.608418  0.395295  0.651937  0.673627  0.885054  0.729910  0.722823  0.600601  0.700188  0.676778  0.731399  0.675343  0.599311  0.791522  0.628325 0.0  0.644198  0.755227  0.701142  0.805951  0.641529  0.637592  0.674374  0.632933  0.650668  0.887188  0.700225  0.717301  0.373316  0.590032 
17  0.611345  0.794168  0.536132  0.465130  0.749956  0.536385  0.831754  0.869180  0.386771  0.850713  0.779104  0.617751  0.543300  0.764422  0.601690  0.310861  0.644198 0.0  0.817971  0.464577  0.584818  0.736514  0.629363  0.236153  0.427759  0.411825  0.896971  0.791136  0.761604  0.653934  0.819869 
18  0.898678  0.522244  0.858462  0.810628  0.523044  0.863149  0.548103  0.623845  0.781020  0.577483  0.641471  0.933955  0.708874  0.547206  0.834860  0.800256  0.755227  0.817971 0.0  0.846495  0.901266  0.942661  0.826223  0.814296  0.898764  0.812356  0.422019  0.275561  0.605005  0.757011  0.532558 
19  0.616037  0.746044  0.594123  0.482399  0.786434  0.412157  0.694070  0.788179  0.494794  0.746260  0.775484  0.494640  0.622699  0.902079  0.593717  0.360269  0.701142  0.464577  0.846495 0.0  0.656811  0.572991  0.715679  0.405399  0.347505  0.627501  0.814007  0.857989  0.718697  0.700486  0.809733 
20  0.540993  0.856968  0.833762  0.517333  0.814822  0.592356  0.816773  0.779487  0.492543  0.810720  0.880044  0.263572  0.534045  0.910772  0.570360  0.572463  0.805951  0.584818  0.901266  0.656811 0.0  0.227370  0.632351  0.669558  0.613206  0.584393  0.787327  0.896124  0.743491  0.520678  0.884955 
21  0.587424  0.870559  0.770043  0.633834  0.843133  0.503078  0.839755  0.854112  0.666751  0.802231  0.903555  0.201028  0.555069  0.823594  0.597928  0.737733  0.641529  0.736514  0.942661  0.572991  0.227370 0.0  0.620377  0.711354  0.544788  0.702672  0.810366  0.835172  0.949304  0.778144  0.865387 
22  0.658821  0.805234  0.580976  0.414597  0.675402  0.475168  0.760528  0.769155  0.478084  0.687931  0.719627  0.587173  0.454920  0.923512  0.760908  0.469882  0.637592  0.629363  0.826223  0.715679  0.632351  0.620377 0.0  0.559639  0.603547  0.214738  0.892457  0.736803  0.801136  0.617078  0.801336 
23  0.593332  0.726278  0.639755  0.535456  0.834316  0.519277  0.741480  0.788816  0.489447  0.719322  0.682574  0.560640  0.615169  0.846398  0.690487  0.396474  0.674374  0.236153  0.814296  0.405399  0.669558  0.711354  0.559639 0.0  0.434467  0.542112  0.839854  0.878870  0.802049  0.609145  0.806153 
24  0.568295  0.888561  0.703173  0.558815  0.816208  0.542914  0.849454  0.759459  0.455890  0.903731  0.743876  0.560991  0.637000  0.753499  0.605502  0.564837  0.632933  0.427759  0.898764  0.347505  0.613206  0.544788  0.603547  0.434467 0.0  0.687462  0.810351  0.877345  0.823401  0.708345  0.821667 
25  0.768648  0.737572  0.679701  0.159916  0.812647  0.547319  0.830028  0.644028  0.447439  0.737491  0.835471  0.532378  0.438413  0.649397  0.649240  0.498107  0.650668  0.411825  0.812356  0.627501  0.584393  0.702672  0.214738  0.542112  0.687462 0.0  0.792810  0.777821  0.704678  0.557513  0.745456 
26  0.815823  0.516437  0.720653  0.757914  0.550813  0.841907  0.558244  0.565215  0.877770  0.626249  0.570445  1.000000  0.891855  0.557529  0.926870  0.885416  0.887188  0.896971  0.422019  0.814007  0.787327  0.810366  0.892457  0.839854  0.810351  0.792810 0.0  0.233901  0.546008  0.662210  0.385795 
27  0.761730  0.394538  0.704316  0.727604  0.541620  0.821017  0.550849  0.581574  0.657749  0.574208  0.615494  0.810012  0.682452  0.427663  0.881314  0.798523  0.700225  0.791136  0.275561  0.857989  0.896124  0.835172  0.736803  0.878870  0.877345  0.777821  0.233901 0.0  0.586400  0.823750  0.501130 
28  0.857535  0.383901  0.728702  0.775721  0.388675  0.825037  0.489436  0.366400  0.773837  0.410611  0.372698  0.802751  0.791026  0.527755  0.788623  0.691221  0.717301  0.761604  0.605005  0.718697  0.743491  0.949304  0.801136  0.802049  0.823401  0.704678  0.546008  0.586400 0.0  0.699800  0.421576 
29  0.692789  0.633834  0.237216  0.714510  0.654792  0.615190  0.642167  0.607857  0.672464  0.619249  0.696889  0.695785  0.685027  0.651471  0.703859  0.617877  0.373316  0.653934  0.757011  0.700486  0.520678  0.778144  0.617078  0.609145  0.708345  0.557513  0.662210  0.823750  0.699800 0.0  0.854815 
30  0.796022  0.398374  0.709830  0.763240  0.488473  0.859777  0.465370  0.530903  0.793972  0.471715  0.607895  0.900075  0.790548  0.444544  0.865091  0.792437  0.590032  0.819869  0.532558  0.809733  0.884955  0.865387  0.801336  0.806153  0.821667  0.745456  0.385795  0.501130  0.421576  0.854815 0.0 
