31
0 0.0  0.504178  0.758925  0.761794  0.624642  0.656563  0.644145  0.705441  0.716810  0.654166  0.631855  0.555434  0.658812  0.620511  0.700098  0.446231  0.560321  0.592716  0.518942  0.657221  0.651325  0.796121  0.633567  0.509064  0.724999  0.536394  0.714314  0.527765  0.607790  0.615308  0.772209 
1  0.504178 0.0  0.624592  0.843868  0.586610  0.705239  0.643614  0.731599  0.641969  0.773548  0.767532  0.742662  0.402220  0.401414  0.781534  0.521629  0.543539  0.230688  0.363491  0.873715  0.707131  0.892253  0.831392  0.718151  0.572997  0.215561  0.839327  0.637431  0.225761  0.757388  0.876121 
2  0.758925  0.624592 0.0  0.971900  0.618471  0.617072  0.836764  0.804448  0.428552  0.874420  0.932670  0.566583  0.666036  0.552816  1.000000  0.740505  0.530587  0.694136  0.580143  0.941506  0.790238  0.920869  0.825834  0.682261  0.327663  0.504289  0.884117  0.688238  0.634164  0.944025  0.825612 
3  0.761794  0.843868  0.971900 0.0  0.947506  0.851691  0.500533  0.555138  0.968968  0.673369  0.644478  0.908594  0.853634  0.969341  0.487417  0.679727  0.826275  0.781381  0.862651  0.701902  0.621360  0.403479  0.497859  0.647968  0.916338  0.822109  0.311184  0.822174  0.932924  0.475190  0.644498 
4  0.624642  0.586610  0.618471  0.947506 0.0  0.619007  0.775830  0.742153  0.361464  0.843896  0.862222  0.285015  0.285006  0.491787  0.775397  0.673691  0.421640  0.502619  0.337637  0.744494  0.753968  0.918464  0.773007  0.626449  0.593402  0.500910  0.914380  0.300758  0.524458  0.742649  0.801672 
5  0.656563  0.705239  0.617072  0.851691  0.619007 0.0  0.910192  0.822137  0.546059  0.834054  0.872332  0.607860  0.613838  0.826105  0.854632  0.737542  0.608236  0.706262  0.728000  0.873502  0.886385  0.927986  0.756412  0.829578  0.710636  0.617858  0.820593  0.493110  0.645963  0.808191  0.806350 
6  0.644145  0.643614  0.836764  0.500533  0.775830  0.910192 0.0  0.096745  0.823419  0.185613  0.656809  0.741512  0.735106  0.726870  0.479867  0.574654  0.681794  0.655781  0.724221  0.139974  0.189531  0.572127  0.409577  0.594301  0.749879  0.834694  0.537945  0.843742  0.750838  0.450859  0.317828 
7  0.705441  0.731599  0.804448  0.555138  0.742153  0.822137  0.096745 0.0  0.817564  0.353449  0.480586  0.762377  0.884988  0.840808  0.417072  0.643179  0.623594  0.775336  0.865050  0.207329  0.224995  0.419255  0.349437  0.601346  0.870105  0.696763  0.402903  0.808473  0.878958  0.413234  0.455898 
8  0.716810  0.641969  0.428552  0.968968  0.361464  0.546059  0.823419  0.817564 0.0  0.879043  0.901025  0.513355  0.443646  0.567710  0.828869  0.677764  0.580257  0.703787  0.399309  0.934567  0.828643  0.829447  0.817445  0.851276  0.473812  0.737686  0.841475  0.462423  0.587917  0.738960  0.957713 
9  0.654166  0.773548  0.874420  0.673369  0.843896  0.834054  0.185613  0.353449  0.879043 0.0  0.655130  0.854609  0.628073  0.713294  0.310118  0.532351  0.846308  0.695469  0.873501  0.402077  0.408224  0.397261  0.281454  0.566815  0.920995  0.883813  0.422169  0.872999  0.762279  0.416303  0.050342 
10  0.631855  0.767532  0.932670  0.644478  0.862222  0.872332  0.656809  0.480586  0.901025  0.655130 0.0  0.848679  0.855549  0.784339  0.495794  0.788101  0.748269  0.749030  0.747473  0.664365  0.598866  0.609314  0.305604  0.645563  0.897342  0.927097  0.548983  0.821063  0.892978  0.452062  0.331449 
11  0.555434  0.742662  0.566583  0.908594  0.285015  0.607860  0.741512  0.762377  0.513355  0.854609  0.848679 0.0  0.262776  0.478700  0.743779  0.675202  0.394469  0.499768  0.434038  0.744984  0.674125  0.810659  0.822844  0.916099  0.447367  0.595681  0.784526  0.174578  0.537358  0.755673  0.861573 
12  0.658812  0.402220  0.666036  0.853634  0.285006  0.613838  0.735106  0.884988  0.443646  0.628073  0.855549  0.262776 0.0  0.385126  0.787304  0.723624  0.412395  0.355618  0.064184  0.864573  0.769526  0.763319  0.805846  0.757805  0.490818  0.368174  0.813829  0.435008  0.567785  0.715971  0.824192 
13  0.620511  0.401414  0.552816  0.969341  0.491787  0.826105  0.726870  0.840808  0.567710  0.713294  0.784339  0.478700  0.385126 0.0  0.935782  0.677041  0.539278  0.412240  0.309993  0.887408  0.677980  0.906773  0.956772  0.795216  0.372690  0.244245  0.936484  0.576787  0.216671  0.782224  0.704068 
14  0.700098  0.781534  1.000000  0.487417  0.775397  0.854632  0.479867  0.417072  0.828869  0.310118  0.495794  0.743779  0.787304  0.935782 0.0  0.656161  0.717571  0.829643  0.767100  0.529132  0.405157  0.307735  0.195314  0.624668  0.780228  0.779115  0.302396  0.831919  0.785984  0.413129  0.150630 
15  0.446231  0.521629  0.740505  0.679727  0.673691  0.737542  0.574654  0.643179  0.677764  0.532351  0.788101  0.675202  0.723624  0.677041  0.656161 0.0  0.645956  0.501378  0.626870  0.753504  0.754308  0.730503  0.615369  0.457871  0.779654  0.480412  0.659935  0.769371  0.578019  0.680393  0.576782 
16  0.560321  0.543539  0.530587  0.826275  0.421640  0.608236  0.681794  0.623594  0.580257  0.846308  0.748269  0.394469  0.412395  0.539278  0.717571  0.645956 0.0  0.544403  0.409745  0.777835  0.705057  0.789636  0.815413  0.724678  0.581609  0.459790  0.734637  0.515216  0.484928  0.777786  0.758984 
17  0.592716  0.230688  0.694136  0.781381  0.502619  0.706262  0.655781  0.775336  0.703787  0.695469  0.749030  0.499768  0.355618  0.412240  0.829643  0.501378  0.544403 0.0  0.349938  0.666960  0.686036  0.799856  0.734814  0.679412  0.511950  0.313669  0.840274  0.542866  0.367347  0.718337  0.808910 
18  0.518942  0.363491  0.580143  0.862651  0.337637  0.728000  0.724221  0.865050  0.399309  0.873501  0.747473  0.434038  0.064184  0.309993  0.767100  0.626870  0.409745  0.349938 0.0  0.805311  0.769858  0.883337  0.760296  0.690264  0.504998  0.228607  0.770927  0.440412  0.445501  0.773822  0.649585 
19  0.657221  0.873715  0.941506  0.701902  0.744494  0.873502  0.139974  0.207329  0.934567  0.402077  0.664365  0.744984  0.864573  0.887408  0.529132  0.753504  0.777835  0.666960  0.805311 0.0  0.102741  0.440347  0.515469  0.549058  0.849077  0.705134  0.378081  0.780849  0.806475  0.507654  0.278649 
20  0.651325  0.707131  0.790238  0.621360  0.753968  0.886385  0.189531  0.224995  0.828643  0.408224  0.598866  0.674125  0.769526  0.677980  0.405157  0.754308  0.705057  0.686036  0.769858  0.102741 0.0  0.496343  0.474993  0.405247  0.828443  0.642209  0.474494  0.753962  0.829417  0.564563  0.484906 
21  0.796121  0.892253  0.920869  0.403479  0.918464  0.927986  0.572127  0.419255  0.829447  0.397261  0.609314  0.810659  0.763319  0.906773  0.307735  0.730503  0.789636  0.799856  0.883337  0.440347  0.496343 0.0  0.539788  0.708467  0.866153  0.786253  0.049900  0.859039  0.754668  0.597392  0.420679 
22  0.633567  0.831392  0.825834  0.497859  0.773007  0.756412  0.409577  0.349437  0.817445  0.281454  0.305604  0.822844  0.805846  0.956772  0.195314  0.615369  0.815413  0.734814  0.760296  0.515469  0.474993  0.539788 0.0  0.549857  0.749746  0.792780  0.424988  0.912782  0.708714  0.114279  0.227923 
23  0.509064  0.718151  0.682261  0.647968  0.626449  0.829578  0.594301  0.601346  0.851276  0.566815  0.645563  0.916099  0.757805  0.795216  0.624668  0.457871  0.724678  0.679412  0.690264  0.549058  0.405247  0.708467  0.549857 0.0  0.757596  0.536534  0.589685  0.885737  0.710381  0.613470  0.591593 
24  0.724999  0.572997  0.327663  0.916338  0.593402  0.710636  0.749879  0.870105  0.473812  0.920995  0.897342  0.447367  0.490818  0.372690  0.780228  0.779654  0.581609  0.511950  0.504998  0.849077  0.828443  0.866153  0.749746  0.757596 0.0  0.506182  0.815663  0.601849  0.564300  0.884088  0.793401 
25  0.536394  0.215561  0.504289  0.822109  0.500910  0.617858  0.834694  0.696763  0.737686  0.883813  0.927097  0.595681  0.368174  0.244245  0.779115  0.480412  0.459790  0.313669  0.228607  0.705134  0.642209  0.786253  0.792780  0.536534  0.506182 0.0  0.855362  0.514237  0.051936  0.700410  0.827623 
26  0.714314  0.839327  0.884117  0.311184  0.914380  0.820593  0.537945  0.402903  0.841475  0.422169  0.548983  0.784526  0.813829  0.936484  0.302396  0.659935  0.734637  0.840274  0.770927  0.378081  0.474494  0.049900  0.424988  0.589685  0.815663  0.855362 0.0  0.822507  0.869716  0.532207  0.279542 
27  0.527765  0.637431  0.688238  0.822174  0.300758  0.493110  0.843742  0.808473  0.462423  0.872999  0.821063  0.174578  0.435008  0.576787  0.831919  0.769371  0.515216  0.542866  0.440412  0.780849  0.753962  0.859039  0.912782  0.885737  0.601849  0.514237  0.822507 0.0  0.623042  0.912019  0.858335 
28  0.607790  0.225761  0.634164  0.932924  0.524458  0.645963  0.750838  0.878958  0.587917  0.762279  0.892978  0.537358  0.567785  0.216671  0.785984  0.578019  0.484928  0.367347  0.445501  0.806475  0.829417  0.754668  0.708714  0.710381  0.564300  0.051936  0.869716  0.623042 0.0  0.826481  0.791849 
29  0.615308  0.757388  0.944025  0.475190  0.742649  0.808191  0.450859  0.413234  0.738960  0.416303  0.452062  0.755673  0.715971  0.782224  0.413129  0.680393  0.777786  0.718337  0.773822  0.507654  0.564563  0.597392  0.114279  0.613470  0.884088  0.700410  0.532207  0.912019  0.826481 0.0  0.284802 
30  0.772209  0.876121  0.825612  0.644498  0.801672  0.806350  0.317828  0.455898  0.957713  0.050342  0.331449  0.861573  0.824192  0.704068  0.150630  0.576782  0.758984  0.808910  0.649585  0.278649  0.484906  0.420679  0.227923  0.591593  0.793401  0.827623  0.279542  0.858335  0.791849  0.284802 0.0 
