31
0 0.0  0.606898  0.273215  0.439676  0.574275  0.233790  0.477943  0.721592  0.615836  0.875702  0.804913  0.364279  0.867560  0.351785  0.670482  0.812011  0.631353  0.660855  0.817667  0.221688  0.657425  0.775001  0.747721  0.463844  0.958809  0.690998  0.617699  0.660212  0.802940  0.808594  0.811346 
1  0.606898 0.0  0.514678  0.345262  0.587062  0.517124  0.410843  0.935573  0.676521  0.813668  0.870870  0.543159  0.881645  0.416004  0.468704  0.821369  0.415277  0.870519  0.774872  0.587447  0.948486  0.929497  0.830594  0.523436  0.775117  0.751562  0.414311  0.709376  0.878860  0.780452  0.914128 
2  0.273215  0.514678 0.0  0.394214  0.528535  0.196729  0.449581  0.741320  0.722366  0.989711  0.834123  0.091439  0.850585  0.326843  0.621519  0.738516  0.439275  0.816772  0.829272  0.337858  0.611584  0.827990  0.860690  0.577762  0.785701  0.630102  0.589981  0.694232  0.688520  0.810658  0.862631 
3  0.439676  0.345262  0.394214 0.0  0.310884  0.512513  0.282446  0.785943  0.728990  0.846623  0.804872  0.432299  0.876491  0.141452  0.560143  0.836885  0.461328  0.737283  0.878844  0.566718  0.709332  0.764357  0.878325  0.525368  0.757828  0.818964  0.446958  0.737761  0.779874  0.858726  0.818001 
4  0.574275  0.587062  0.528535  0.310884 0.0  0.634156  0.449584  0.776669  0.847522  0.986027  0.896774  0.570214  0.897820  0.468567  0.586443  0.841164  0.464606  0.807807  0.844544  0.639418  0.771484  0.879080  0.843124  0.576540  0.758267  0.847231  0.629671  0.738772  0.794166  0.840712  0.907487 
5  0.233790  0.517124  0.196729  0.512513  0.634156 0.0  0.429455  0.699114  0.643851  0.776019  0.765408  0.281484  0.875035  0.259047  0.575897  0.764026  0.449203  0.719593  0.841221  0.296799  0.805164  0.691779  0.840294  0.398632  0.849818  0.790811  0.360198  0.627128  0.799488  0.845372  0.792563 
6  0.477943  0.410843  0.449581  0.282446  0.449584  0.429455 0.0  0.842428  0.758707  0.817861  0.749297  0.515313  0.814775  0.442826  0.627360  0.823530  0.257233  0.848989  0.820606  0.612050  0.837756  0.875465  0.889906  0.534919  0.705494  0.753022  0.443346  0.768927  0.819430  0.690993  0.840292 
7  0.721592  0.935573  0.741320  0.785943  0.776669  0.699114  0.842428 0.0  0.627726  0.554324  0.438721  0.746151  0.476947  0.740119  0.768355  0.498296  0.802045  0.351635  0.108671  0.657098  0.455061  0.443646  0.445366  0.650296  0.621902  0.392161  0.839513  0.566018  0.421191  0.330676  0.483602 
8  0.615836  0.676521  0.722366  0.728990  0.847522  0.643851  0.758707  0.627726 0.0  0.739948  0.615074  0.657459  0.575059  0.728152  0.721616  0.864801  0.722430  0.585981  0.638504  0.615439  0.459164  0.742554  0.572647  0.698611  0.749213  0.579699  0.702637  0.201101  0.558104  0.626639  0.576434 
9  0.875702  0.813668  0.989711  0.846623  0.986027  0.776019  0.817861  0.554324  0.739948 0.0  0.427254  0.830647  0.334027  0.798673  0.951528  0.388517  0.882658  0.596164  0.431189  0.818851  0.657751  0.240716  0.519976  0.810649  0.423189  0.518205  0.813899  0.737090  0.527869  0.526046  0.175130 
10  0.804913  0.870870  0.834123  0.804872  0.896774  0.765408  0.749297  0.438721  0.615074  0.427254 0.0  0.675457  0.565390  0.783342  0.888942  0.529606  0.864988  0.324121  0.429990  0.898697  0.474399  0.561521  0.263858  0.669250  0.473708  0.521139  0.834305  0.489856  0.368909  0.533299  0.516834 
11  0.364279  0.543159  0.091439  0.432299  0.570214  0.281484  0.515313  0.746151  0.657459  0.830647  0.675457 0.0  0.863296  0.329863  0.763748  0.788727  0.586485  0.747435  0.718049  0.262484  0.738655  0.820797  0.839989  0.514094  0.818549  0.670272  0.408012  0.501085  0.729071  0.797036  0.782379 
12  0.867560  0.881645  0.850585  0.876491  0.897820  0.875035  0.814775  0.476947  0.575059  0.334027  0.565390  0.863296 0.0  0.735941  0.857923  0.236580  0.922743  0.695217  0.479937  0.864981  0.586814  0.132351  0.517710  0.706980  0.528837  0.621694  0.797538  0.669192  0.619226  0.459366  0.166059 
13  0.351785  0.416004  0.326843  0.141452  0.468567  0.259047  0.442826  0.740119  0.728152  0.798673  0.783342  0.329863  0.735941 0.0  0.620951  0.816537  0.383137  0.760528  0.745099  0.435337  0.734232  0.851851  0.928170  0.402921  0.843809  0.678629  0.431844  0.710522  0.765154  0.783363  0.876734 
14  0.670482  0.468704  0.621519  0.560143  0.586443  0.575897  0.627360  0.768355  0.721616  0.951528  0.888942  0.763748  0.857923  0.620951 0.0  0.821045  0.501563  0.704377  0.884580  0.622186  0.896318  0.907698  0.831526  0.693227  0.886706  0.809881  0.572064  0.705426  0.822075  0.779002  0.889623 
15  0.812011  0.821369  0.738516  0.836885  0.841164  0.764026  0.823530  0.498296  0.864801  0.388517  0.529606  0.788727  0.236580  0.816537  0.821045 0.0  0.999341  0.564119  0.503469  0.770771  0.516118  0.308793  0.540365  0.765219  0.590312  0.531443  0.907534  0.732998  0.581754  0.426011  0.332155 
16  0.631353  0.415277  0.439275  0.461328  0.464606  0.449203  0.257233  0.802045  0.722430  0.882658  0.864988  0.586485  0.922743  0.383137  0.501563  0.999341 0.0  0.812419  0.842926  0.520666  0.693928  0.835405  0.793168  0.483411  0.848826  0.854137  0.481761  0.803173  0.905663  0.844629  0.963336 
17  0.660855  0.870519  0.816772  0.737283  0.807807  0.719593  0.848989  0.351635  0.585981  0.596164  0.324121  0.747435  0.695217  0.760528  0.704377  0.564119  0.812419 0.0  0.465776  0.696450  0.450201  0.619784  0.375138  0.707627  0.560428  0.471106  0.693744  0.496870  0.143240  0.561603  0.621047 
18  0.817667  0.774872  0.829272  0.878844  0.844544  0.841221  0.820606  0.108671  0.638504  0.431189  0.429990  0.718049  0.479937  0.745099  0.884580  0.503469  0.842926  0.465776 0.0  0.670145  0.285907  0.438872  0.508078  0.832040  0.609532  0.428187  0.713793  0.668547  0.427331  0.383558  0.392099 
19  0.221688  0.587447  0.337858  0.566718  0.639418  0.296799  0.612050  0.657098  0.615439  0.818851  0.898697  0.262484  0.864981  0.435337  0.622186  0.770771  0.520666  0.696450  0.670145 0.0  0.677840  0.702889  0.752591  0.441177  0.747855  0.737447  0.571408  0.663529  0.756475  0.812751  0.813713 
20  0.657425  0.948486  0.611584  0.709332  0.771484  0.805164  0.837756  0.455061  0.459164  0.657751  0.474399  0.738655  0.586814  0.734232  0.896318  0.516118  0.693928  0.450201  0.285907  0.677840 0.0  0.540819  0.507532  0.717588  0.593767  0.099339  0.778505  0.508651  0.478259  0.337856  0.600025 
21  0.775001  0.929497  0.827990  0.764357  0.879080  0.691779  0.875465  0.443646  0.742554  0.240716  0.561521  0.820797  0.132351  0.851851  0.907698  0.308793  0.835405  0.619784  0.438872  0.702889  0.540819 0.0  0.484773  0.810333  0.476994  0.475634  0.872421  0.595886  0.646039  0.522230  0.000000 
22  0.747721  0.830594  0.860690  0.878325  0.843124  0.840294  0.889906  0.445366  0.572647  0.519976  0.263858  0.839989  0.517710  0.928170  0.831526  0.540365  0.793168  0.375138  0.508078  0.752591  0.507532  0.484773 0.0  0.848269  0.458600  0.612821  0.807996  0.668384  0.428647  0.588099  0.469673 
23  0.463844  0.523436  0.577762  0.525368  0.576540  0.398632  0.534919  0.650296  0.698611  0.810649  0.669250  0.514094  0.706980  0.402921  0.693227  0.765219  0.483411  0.707627  0.832040  0.441177  0.717588  0.810333  0.848269 0.0  0.875092  0.698934  0.256857  0.728166  0.805298  0.685167  0.827219 
24  0.958809  0.775117  0.785701  0.757828  0.758267  0.849818  0.705494  0.621902  0.749213  0.423189  0.473708  0.818549  0.528837  0.843809  0.886706  0.590312  0.848826  0.560428  0.609532  0.747855  0.593767  0.476994  0.458600  0.875092 0.0  0.720400  0.803434  0.732338  0.542310  0.696553  0.503223 
25  0.690998  0.751562  0.630102  0.818964  0.847231  0.790811  0.753022  0.392161  0.579699  0.518205  0.521139  0.670272  0.621694  0.678629  0.809881  0.531443  0.854137  0.471106  0.428187  0.737447  0.099339  0.475634  0.612821  0.698934  0.720400 0.0  0.799907  0.657300  0.596246  0.336183  0.690993 
26  0.617699  0.414311  0.589981  0.446958  0.629671  0.360198  0.443346  0.839513  0.702637  0.813899  0.834305  0.408012  0.797538  0.431844  0.572064  0.907534  0.481761  0.693744  0.713793  0.571408  0.778505  0.872421  0.807996  0.256857  0.803434  0.799907 0.0  0.651081  0.764772  0.763112  1.000000 
27  0.660212  0.709376  0.694232  0.737761  0.738772  0.627128  0.768927  0.566018  0.201101  0.737090  0.489856  0.501085  0.669192  0.710522  0.705426  0.732998  0.803173  0.496870  0.668547  0.663529  0.508651  0.595886  0.668384  0.728166  0.732338  0.657300  0.651081 0.0  0.561592  0.728628  0.744633 
28  0.802940  0.878860  0.688520  0.779874  0.794166  0.799488  0.819430  0.421191  0.558104  0.527869  0.368909  0.729071  0.619226  0.765154  0.822075  0.581754  0.905663  0.143240  0.427331  0.756475  0.478259  0.646039  0.428647  0.805298  0.542310  0.596246  0.764772  0.561592 0.0  0.665631  0.590160 
29  0.808594  0.780452  0.810658  0.858726  0.840712  0.845372  0.690993  0.330676  0.626639  0.526046  0.533299  0.797036  0.459366  0.783363  0.779002  0.426011  0.844629  0.561603  0.383558  0.812751  0.337856  0.522230  0.588099  0.685167  0.696553  0.336183  0.763112  0.728628  0.665631 0.0  0.583180 
30  0.811346  0.914128  0.862631  0.818001  0.907487  0.792563  0.840292  0.483602  0.576434  0.175130  0.516834  0.782379  0.166059  0.876734  0.889623  0.332155  0.963336  0.621047  0.392099  0.813713  0.600025  0.000000  0.469673  0.827219  0.503223  0.690993  1.000000  0.744633  0.590160  0.583180 0.0 
