31
0 0.0  0.867156  0.391804  0.999711  0.413991  0.957056  0.863398  0.429873  0.777343  0.565612  0.729654  0.510736  0.785639  0.633534  0.471686  0.514935  0.897671  0.779279  0.609033  0.835579  0.371672  0.843668  0.681753  0.778623  0.485173  0.582615  0.818871  0.832330  0.428002  0.453890  0.813627 
1  0.867156 0.0  0.729120  0.488922  0.849588  0.612946  0.470160  0.909387  0.516467  0.822475  0.688706  0.804611  0.568491  0.974516  0.844468  0.845215  0.844502  0.763623  0.769278  0.557260  0.819198  0.591704  0.722408  0.531078  0.778212  0.804588  0.680588  0.740351  0.768620  0.787015  0.389942 
2  0.391804  0.729120 0.0  0.822420  0.326401  0.928149  0.802861  0.603208  0.812789  0.454385  0.788511  0.314692  0.810197  0.667567  0.357881  0.501711  0.837929  0.612499  0.719196  0.790131  0.285508  0.747586  0.640014  0.826441  0.414680  0.581848  0.829512  0.801018  0.395419  0.376492  0.948257 
3  0.999711  0.488922  0.822420 0.0  0.781323  0.584115  0.676402  0.913053  0.689899  0.901233  0.661733  0.716363  0.615671  0.865586  0.856367  0.906908  0.662979  0.771161  0.784286  0.670996  0.849358  0.732649  0.782701  0.766710  0.766649  0.904298  0.687215  0.693225  0.922439  0.952261  0.537131 
4  0.413991  0.849588  0.326401  0.781323 0.0  0.792190  0.775935  0.572817  0.784506  0.335012  0.685932  0.372919  0.823631  0.590449  0.026491  0.569306  0.795226  0.635397  0.652093  0.868113  0.489477  0.837491  0.598694  0.737570  0.146136  0.615318  0.766663  0.772586  0.455839  0.141303  0.843813 
5  0.957056  0.612946  0.928149  0.584115  0.792190 0.0  0.461979  0.878730  0.572986  0.801291  0.627501  0.907172  0.470913  0.731646  0.864065  0.914445  0.679845  0.796408  0.672314  0.520124  0.894923  0.563845  0.865572  0.797309  0.815826  0.867667  0.481043  0.618448  0.881629  0.725987  0.653535 
6  0.863398  0.470160  0.802861  0.676402  0.775935  0.461979 0.0  0.830958  0.456539  0.796780  0.638570  0.810981  0.516866  0.927861  0.776158  0.838141  0.585281  0.726456  0.732621  0.368632  0.792087  0.608298  0.642868  0.550816  0.770823  0.851516  0.408524  0.603378  0.861184  0.680515  0.525953 
7  0.429873  0.909387  0.603208  0.913053  0.572817  0.878730  0.830958 0.0  0.769616  0.616068  0.843171  0.614783  0.795462  0.564408  0.724878  0.534891  0.806547  0.681041  0.767441  0.827519  0.537088  0.662664  0.679436  0.921117  0.568105  0.544780  0.836558  0.893395  0.385182  0.661892  0.773895 
8  0.777343  0.516467  0.812789  0.689899  0.784506  0.572986  0.456539  0.769616 0.0  0.814138  0.554489  0.743070  0.134912  0.806400  0.837189  0.752834  0.746993  0.633455  0.581621  0.335095  0.816347  0.477510  0.843096  0.351818  0.937221  0.796655  0.359695  0.432269  0.896060  0.700088  0.500109 
9  0.565612  0.822475  0.454385  0.901233  0.335012  0.801291  0.796780  0.616068  0.814138 0.0  0.696106  0.403203  0.739664  0.642774  0.396200  0.671924  0.850043  0.696253  0.596192  0.734340  0.448145  0.848581  0.646152  0.855538  0.457256  0.525262  0.875680  0.747486  0.515236  0.336564  0.800037 
10  0.729654  0.688706  0.788511  0.661733  0.685932  0.627501  0.638570  0.843171  0.554489  0.696106 0.0  0.712118  0.536499  0.842297  0.705198  0.863181  0.671988  0.570076  0.528241  0.595439  0.733460  0.484646  0.615596  0.590423  0.709565  0.861622  0.538191  0.479570  0.782258  0.789276  0.718454 
11  0.510736  0.804611  0.314692  0.716363  0.372919  0.907172  0.810981  0.614783  0.743070  0.403203  0.712118 0.0  0.849506  0.650152  0.398438  0.575625  0.879874  0.725243  0.601722  0.830407  0.559007  0.735820  0.617583  0.846352  0.411194  0.765803  0.762391  0.701294  0.478836  0.371640  0.819412 
12  0.785639  0.568491  0.810197  0.615671  0.823631  0.470913  0.516866  0.795462  0.134912  0.739664  0.536499  0.849506 0.0  0.806932  0.777728  0.849671  0.704019  0.616311  0.552321  0.489476  0.933256  0.419521  0.632495  0.375790  0.620628  0.852559  0.443012  0.496116  0.768536  0.851275  0.548139 
13  0.633534  0.974516  0.667567  0.865586  0.590449  0.731646  0.927861  0.564408  0.806400  0.642774  0.842297  0.650152  0.806932 0.0  0.672429  0.571013  0.866339  0.796120  0.734190  0.854166  0.389753  0.968700  0.877378  0.843754  0.562107  0.406861  0.946383  0.835372  0.686309  0.659376  0.998763 
14  0.471686  0.844468  0.357881  0.856367  0.026491  0.864065  0.776158  0.724878  0.837189  0.396200  0.705198  0.398438  0.777728  0.672429 0.0  0.519290  0.759599  0.724837  0.687378  0.735924  0.495407  0.747555  0.641868  0.785775  0.189476  0.530609  0.785640  0.742157  0.538631  0.071538  0.801895 
15  0.514935  0.845215  0.501711  0.906908  0.569306  0.914445  0.838141  0.534891  0.752834  0.671924  0.863181  0.575625  0.849671  0.571013  0.519290 0.0  0.795782  0.713989  0.820925  0.807959  0.468240  0.757851  0.583289  0.812018  0.572232  0.233469  0.912125  0.855684  0.465385  0.624060  0.762887 
16  0.897671  0.844502  0.837929  0.662979  0.795226  0.679845  0.585281  0.806547  0.746993  0.850043  0.671988  0.879874  0.704019  0.866339  0.759599  0.795782 0.0  0.918409  0.755444  0.620561  0.890202  0.641502  0.845609  0.745584  0.813343  0.800740  0.732118  0.780150  1.000000  0.793786  0.684129 
17  0.779279  0.763623  0.612499  0.771161  0.635397  0.796408  0.726456  0.681041  0.633455  0.696253  0.570076  0.725243  0.616311  0.796120  0.724837  0.713989  0.918409 0.0  0.407580  0.697248  0.814013  0.690115  0.628982  0.675921  0.801166  0.786751  0.624202  0.562278  0.750131  0.689498  0.672341 
18  0.609033  0.769278  0.719196  0.784286  0.652093  0.672314  0.732621  0.767441  0.581621  0.596192  0.528241  0.601722  0.552321  0.734190  0.687378  0.820925  0.755444  0.407580 0.0  0.587767  0.762722  0.702776  0.640924  0.628023  0.741750  0.864168  0.684799  0.503874  0.645124  0.609301  0.822812 
19  0.835579  0.557260  0.790131  0.670996  0.868113  0.520124  0.368632  0.827519  0.335095  0.734340  0.595439  0.830407  0.489476  0.854166  0.735924  0.807959  0.620561  0.697248  0.587767 0.0  0.775847  0.514775  0.785537  0.503869  0.891788  0.940863  0.348328  0.525606  0.792635  0.861621  0.623072 
20  0.371672  0.819198  0.285508  0.849358  0.489477  0.894923  0.792087  0.537088  0.816347  0.448145  0.733460  0.559007  0.933256  0.389753  0.495407  0.468240  0.890202  0.814013  0.762722  0.775847 0.0  0.677683  0.605989  0.769878  0.454147  0.424695  0.779679  0.789193  0.445403  0.505623  0.819092 
21  0.843668  0.591704  0.747586  0.732649  0.837491  0.563845  0.608298  0.662664  0.477510  0.848581  0.484646  0.735820  0.419521  0.968700  0.747555  0.757851  0.641502  0.690115  0.702776  0.514775  0.677683 0.0  0.791188  0.438511  0.794308  0.773218  0.216201  0.611699  0.816640  0.748010  0.726569 
22  0.681753  0.722408  0.640014  0.782701  0.598694  0.865572  0.642868  0.679436  0.843096  0.646152  0.615596  0.617583  0.632495  0.877378  0.641868  0.583289  0.845609  0.628982  0.640924  0.785537  0.605989  0.791188 0.0  0.701807  0.629454  0.821584  0.671404  0.669726  0.614133  0.569542  0.733882 
23  0.778623  0.531078  0.826441  0.766710  0.737570  0.797309  0.550816  0.921117  0.351818  0.855538  0.590423  0.846352  0.375790  0.843754  0.785775  0.812018  0.745584  0.675921  0.628023  0.503869  0.769878  0.438511  0.701807 0.0  0.861557  0.864498  0.383926  0.536845  0.798327  0.826920  0.504056 
24  0.485173  0.778212  0.414680  0.766649  0.146136  0.815826  0.770823  0.568105  0.937221  0.457256  0.709565  0.411194  0.620628  0.562107  0.189476  0.572232  0.813343  0.801166  0.741750  0.891788  0.454147  0.794308  0.629454  0.861557 0.0  0.616029  0.872997  0.714491  0.595678  0.243331  0.885375 
25  0.582615  0.804588  0.581848  0.904298  0.615318  0.867667  0.851516  0.544780  0.796655  0.525262  0.861622  0.765803  0.852559  0.406861  0.530609  0.233469  0.800740  0.786751  0.864168  0.940863  0.424695  0.773218  0.821584  0.864498  0.616029 0.0  0.818845  0.876674  0.573060  0.667586  0.913344 
26  0.818871  0.680588  0.829512  0.687215  0.766663  0.481043  0.408524  0.836558  0.359695  0.875680  0.538191  0.762391  0.443012  0.946383  0.785640  0.912125  0.732118  0.624202  0.684799  0.348328  0.779679  0.216201  0.671404  0.383926  0.872997  0.818845 0.0  0.375072  0.883772  0.717838  0.536558 
27  0.832330  0.740351  0.801018  0.693225  0.772586  0.618448  0.603378  0.893395  0.432269  0.747486  0.479570  0.701294  0.496116  0.835372  0.742157  0.855684  0.780150  0.562278  0.503874  0.525606  0.789193  0.611699  0.669726  0.536845  0.714491  0.876674  0.375072 0.0  0.742048  0.819116  0.462552 
28  0.428002  0.768620  0.395419  0.922439  0.455839  0.881629  0.861184  0.385182  0.896060  0.515236  0.782258  0.478836  0.768536  0.686309  0.538631  0.465385  1.000000  0.750131  0.645124  0.792635  0.445403  0.816640  0.614133  0.798327  0.595678  0.573060  0.883772  0.742048 0.0  0.479089  0.778799 
29  0.453890  0.787015  0.376492  0.952261  0.141303  0.725987  0.680515  0.661892  0.700088  0.336564  0.789276  0.371640  0.851275  0.659376  0.071538  0.624060  0.793786  0.689498  0.609301  0.861621  0.505623  0.748010  0.569542  0.826920  0.243331  0.667586  0.717838  0.819116  0.479089 0.0  0.778503 
30  0.813627  0.389942  0.948257  0.537131  0.843813  0.653535  0.525953  0.773895  0.500109  0.800037  0.718454  0.819412  0.548139  0.998763  0.801895  0.762887  0.684129  0.672341  0.822812  0.623072  0.819092  0.726569  0.733882  0.504056  0.885375  0.913344  0.536558  0.462552  0.778799  0.778503 0.0 
