31
0 0.0  0.217921  0.805721  0.549776  0.469390  0.756721  0.422407  0.839188  0.785325  0.702819  0.315227  0.573504  0.383130  0.687020  0.432576  0.646547  0.465440  0.159489  0.813010  0.785548  0.507320  0.658500  0.547907  0.737837  0.519902  0.856566  0.449090  0.785329  0.437465  0.555722  0.387600 
1  0.217921 0.0  0.866933  0.748795  0.506907  0.774210  0.226993  0.791389  0.830293  0.829786  0.332703  0.385270  0.354514  0.852831  0.671613  0.637349  0.555159  0.250596  0.863545  0.775563  0.554542  0.738282  0.413150  0.737297  0.721338  0.840400  0.531636  0.831744  0.528840  0.614960  0.141515 
2  0.805721  0.866933 0.0  0.577874  0.954869  0.490641  0.856794  0.434951  0.547393  0.502184  0.816151  0.834708  0.817961  0.379863  0.735265  0.776581  0.793038  0.757398  0.512182  0.497995  0.736071  0.530998  0.853056  0.434331  0.527037  0.450515  0.947037  0.319926  0.804469  0.680377  0.925044 
3  0.549776  0.748795  0.577874 0.0  0.887843  0.206517  0.785809  0.510331  0.465845  0.397314  0.642234  0.887977  0.680435  0.398622  0.459312  0.628492  0.708740  0.647870  0.583775  0.470155  0.582306  0.253733  0.786448  0.158473  0.538822  0.473670  0.775280  0.410818  0.767996  0.588927  0.771575 
4  0.469390  0.506907  0.954869  0.887843 0.0  0.931236  0.474638  0.845757  0.911615  0.918245  0.661314  0.329951  0.606692  0.853023  0.804386  0.620325  0.759678  0.604460  0.905220  0.753158  0.539604  0.983268  0.398414  0.806509  0.743286  0.771170  0.582484  0.793609  0.543810  0.733958  0.455018 
5  0.756721  0.774210  0.490641  0.206517  0.931236 0.0  0.831321  0.412543  0.390384  0.217443  0.790289  0.931008  0.857500  0.171116  0.520762  0.789242  0.810944  0.742786  0.464846  0.446700  0.831769  0.314130  0.824407  0.182483  0.595235  0.453885  0.768550  0.313765  0.802948  0.559831  0.836404 
6  0.422407  0.226993  0.856794  0.785809  0.474638  0.831321 0.0  0.823118  0.941755  0.718837  0.478995  0.280685  0.259941  0.739923  0.668607  0.503534  0.509010  0.255832  0.873302  0.770625  0.439908  0.714544  0.306573  0.755666  0.768354  0.800915  0.497294  0.741956  0.368159  0.716430  0.200926 
7  0.839188  0.791389  0.434951  0.510331  0.845757  0.412543  0.823118 0.0  0.000000  0.353750  0.734963  0.826529  0.799291  0.340547  0.722985  0.684357  0.981893  0.765199  0.348731  0.569186  0.819272  0.428728  0.798904  0.289481  0.571657  0.014398  0.805590  0.295427  0.894747  0.744351  0.710194 
8  0.785325  0.830293  0.547393  0.465845  0.911615  0.390384  0.941755  0.000000 0.0  0.379917  0.694007  0.910871  0.873795  0.128438  0.802692  0.778108  0.793379  0.740348  0.205969  0.412428  0.761911  0.584475  0.900839  0.512510  0.781828  0.202479  0.824696  0.472079  0.819067  0.794704  0.825905 
9  0.702819  0.829786  0.502184  0.397314  0.918245  0.217443  0.718837  0.353750  0.379917 0.0  0.769561  0.812037  0.760058  0.280041  0.733822  0.735744  0.752872  0.801904  0.491059  0.481740  0.785721  0.324894  0.847451  0.145039  0.538672  0.456462  0.844266  0.529085  0.762326  0.661000  0.721994 
10  0.315227  0.332703  0.816151  0.642234  0.661314  0.790289  0.478995  0.734963  0.694007  0.769561 0.0  0.488786  0.298399  0.674116  0.531838  0.431389  0.331021  0.168905  0.791362  0.695352  0.399251  0.653404  0.520256  0.634690  0.529213  0.720975  0.476072  0.743952  0.365380  0.565370  0.254348 
11  0.573504  0.385270  0.834708  0.887977  0.329951  0.931008  0.280685  0.826529  0.910871  0.812037  0.488786 0.0  0.412465  0.894570  0.667928  0.621455  0.511362  0.429539  0.906597  0.831117  0.623047  0.950203  0.038338  0.941832  0.721453  0.867884  0.499863  0.841552  0.492775  0.782131  0.430148 
12  0.383130  0.354514  0.817961  0.680435  0.606692  0.857500  0.259941  0.799291  0.873795  0.760058  0.298399  0.412465 0.0  0.831008  0.675913  0.519966  0.131460  0.320903  0.895831  0.952181  0.274484  0.644919  0.328034  0.723214  0.686119  1.000000  0.411512  0.778922  0.240409  0.635682  0.271142 
13  0.687020  0.852831  0.379863  0.398622  0.853023  0.171116  0.739923  0.340547  0.128438  0.280041  0.674116  0.894570  0.831008 0.0  0.652914  0.796329  0.794504  0.676815  0.455839  0.509670  0.725268  0.383722  0.905069  0.280523  0.597337  0.392581  0.899816  0.552665  0.769038  0.706983  0.810435 
14  0.432576  0.671613  0.735265  0.459312  0.804386  0.520762  0.668607  0.722985  0.802692  0.733822  0.531838  0.667928  0.675913  0.652914 0.0  0.478931  0.536646  0.605389  0.804916  0.657992  0.687733  0.437336  0.600788  0.607760  0.480661  0.705387  0.621683  0.656514  0.554177  0.171155  0.615067 
15  0.646547  0.637349  0.776581  0.628492  0.620325  0.789242  0.503534  0.684357  0.778108  0.735744  0.431389  0.621455  0.519966  0.796329  0.478931 0.0  0.246590  0.484923  0.729331  0.685630  0.305755  0.645459  0.610428  0.692269  0.697311  0.811790  0.536134  0.782982  0.367418  0.567452  0.477082 
16  0.465440  0.555159  0.793038  0.708740  0.759678  0.810944  0.509010  0.981893  0.793379  0.752872  0.331021  0.511362  0.131460  0.794504  0.536646  0.246590 0.0  0.392786  0.845016  0.818001  0.061247  0.688560  0.427198  0.782765  0.622556  0.815629  0.324790  0.739535  0.165130  0.615959  0.373595 
17  0.159489  0.250596  0.757398  0.647870  0.604460  0.742786  0.255832  0.765199  0.740348  0.801904  0.168905  0.429539  0.320903  0.676815  0.605389  0.484923  0.392786 0.0  0.777509  0.719469  0.500477  0.649508  0.482138  0.792760  0.644244  0.899925  0.528530  0.699984  0.352392  0.544808  0.259975 
18  0.813010  0.863545  0.512182  0.583775  0.905220  0.464846  0.873302  0.348731  0.205969  0.491059  0.791362  0.906597  0.895831  0.455839  0.804916  0.729331  0.845016  0.777509 0.0  0.602688  0.880768  0.573243  0.833361  0.610975  0.665094  0.014845  0.813732  0.482553  0.887864  0.797648  0.874177 
19  0.785548  0.775563  0.497995  0.470155  0.753158  0.446700  0.770625  0.569186  0.412428  0.481740  0.695352  0.831117  0.952181  0.509670  0.657992  0.685630  0.818001  0.719469  0.602688 0.0  0.696004  0.310840  0.793156  0.393251  0.461646  0.521968  0.941578  0.271307  0.729235  0.624125  0.706740 
20  0.507320  0.554542  0.736071  0.582306  0.539604  0.831769  0.439908  0.819272  0.761911  0.785721  0.399251  0.623047  0.274484  0.725268  0.687733  0.305755  0.061247  0.500477  0.880768  0.696004 0.0  0.674050  0.392752  0.767007  0.668794  0.907232  0.451748  0.868614  0.255661  0.639816  0.470076 
21  0.658500  0.738282  0.530998  0.253733  0.983268  0.314130  0.714544  0.428728  0.584475  0.324894  0.653404  0.950203  0.644919  0.383722  0.437336  0.645459  0.688560  0.649508  0.573243  0.310840  0.674050 0.0  0.828069  0.140706  0.446042  0.532239  0.728619  0.425543  0.747340  0.546005  0.743308 
22  0.547907  0.413150  0.853056  0.786448  0.398414  0.824407  0.306573  0.798904  0.900839  0.847451  0.520256  0.038338  0.328034  0.905069  0.600788  0.610428  0.427198  0.482138  0.833361  0.793156  0.392752  0.828069 0.0  0.834823  0.813288  0.878934  0.338543  0.890632  0.440806  0.682883  0.466356 
23  0.737837  0.737297  0.434331  0.158473  0.806509  0.182483  0.755666  0.289481  0.512510  0.145039  0.634690  0.941832  0.723214  0.280523  0.607760  0.692269  0.782765  0.792760  0.610975  0.393251  0.767007  0.140706  0.834823 0.0  0.445490  0.393359  0.791601  0.418231  0.757240  0.514597  0.634620 
24  0.519902  0.721338  0.527037  0.538822  0.743286  0.595235  0.768354  0.571657  0.781828  0.538672  0.529213  0.721453  0.686119  0.597337  0.480661  0.697311  0.622556  0.644244  0.665094  0.461646  0.668794  0.446042  0.813288  0.445490 0.0  0.684268  0.707802  0.602233  0.678520  0.390563  0.624692 
25  0.856566  0.840400  0.450515  0.473670  0.771170  0.453885  0.800915  0.014398  0.202479  0.456462  0.720975  0.867884  1.000000  0.392581  0.705387  0.811790  0.815629  0.899925  0.014845  0.521968  0.907232  0.532239  0.878934  0.393359  0.684268 0.0  0.869552  0.454186  0.904314  0.696740  0.816316 
26  0.449090  0.531636  0.947037  0.775280  0.582484  0.768550  0.497294  0.805590  0.824696  0.844266  0.476072  0.499863  0.411512  0.899816  0.621683  0.536134  0.324790  0.528530  0.813732  0.941578  0.451748  0.728619  0.338543  0.791601  0.707802  0.869552 0.0  0.874980  0.596910  0.627281  0.542487 
27  0.785329  0.831744  0.319926  0.410818  0.793609  0.313765  0.741956  0.295427  0.472079  0.529085  0.743952  0.841552  0.778922  0.552665  0.656514  0.782982  0.739535  0.699984  0.482553  0.271307  0.868614  0.425543  0.890632  0.418231  0.602233  0.454186  0.874980 0.0  0.817457  0.661100  0.802500 
28  0.437465  0.528840  0.804469  0.767996  0.543810  0.802948  0.368159  0.894747  0.819067  0.762326  0.365380  0.492775  0.240409  0.769038  0.554177  0.367418  0.165130  0.352392  0.887864  0.729235  0.255661  0.747340  0.440806  0.757240  0.678520  0.904314  0.596910  0.817457 0.0  0.744791  0.275278 
29  0.555722  0.614960  0.680377  0.588927  0.733958  0.559831  0.716430  0.744351  0.794704  0.661000  0.565370  0.782131  0.635682  0.706983  0.171155  0.567452  0.615959  0.544808  0.797648  0.624125  0.639816  0.546005  0.682883  0.514597  0.390563  0.696740  0.627281  0.661100  0.744791 0.0  0.590767 
30  0.387600  0.141515  0.925044  0.771575  0.455018  0.836404  0.200926  0.710194  0.825905  0.721994  0.254348  0.430148  0.271142  0.810435  0.615067  0.477082  0.373595  0.259975  0.874177  0.706740  0.470076  0.743308  0.466356  0.634620  0.624692  0.816316  0.542487  0.802500  0.275278  0.590767 0.0 
