31
0 0.0  0.445314  0.537918  0.691686  0.345216  0.185047  0.587174  0.717724  0.487918  0.628512  0.554686  0.609170  0.519246  0.696404  0.649057  0.491736  0.725886  0.717533  0.745254  0.753426  0.473672  0.494003  0.802937  0.823513  0.324233  0.756191  0.439033  0.700944  0.418653  0.622691  0.628686 
1  0.445314 0.0  0.505084  0.552966  0.403100  0.340566  0.497709  0.737424  0.656249  0.476598  0.402942  0.440811  0.536555  0.286193  0.726275  0.546818  0.814940  0.820289  0.649382  0.755632  0.571432  0.501518  0.589730  0.813221  0.445063  0.739055  0.294809  0.790440  0.225453  0.697460  0.602155 
2  0.537918  0.505084 0.0  0.615266  0.616599  0.500578  0.313170  0.837605  0.622470  0.304223  0.378656  0.426702  0.414133  0.607569  0.689915  0.640923  0.815741  0.840129  0.709527  0.729071  0.667832  0.432883  0.612274  0.855341  0.503337  0.714729  0.414841  0.825935  0.453909  0.693179  0.649342 
3  0.691686  0.552966  0.615266 0.0  0.647428  0.681217  0.522390  0.856196  0.640030  0.470237  0.572623  0.558532  0.426778  0.609919  0.797770  0.851890  0.742487  0.715104  0.727736  0.865399  0.694162  0.444116  0.671387  0.823051  0.576301  0.926054  0.524499  0.855620  0.647655  0.670992  0.740455 
4  0.345216  0.403100  0.616599  0.647428 0.0  0.355801  0.546869  0.776526  0.403252  0.644390  0.562639  0.548565  0.571280  0.540550  0.560330  0.609813  0.745809  0.642183  0.661151  0.714870  0.443072  0.443592  0.669874  0.767644  0.339596  0.826704  0.475299  0.658618  0.415146  0.619311  0.466020 
5  0.185047  0.340566  0.500578  0.681217  0.355801 0.0  0.567185  0.811953  0.558923  0.556962  0.566524  0.581784  0.455049  0.639136  0.558226  0.670869  0.823489  0.647718  0.739348  0.705506  0.558274  0.448059  0.539001  0.834906  0.270403  0.818442  0.393747  0.812390  0.333301  0.660210  0.566531 
6  0.587174  0.497709  0.313170  0.522390  0.546869  0.567185 0.0  0.826379  0.588650  0.375108  0.124059  0.303189  0.629324  0.520495  0.717385  0.610721  0.886010  0.786172  0.830699  0.888535  0.652652  0.547378  0.521878  0.821032  0.689269  0.783299  0.412087  0.827489  0.426165  0.617021  0.557175 
7  0.717724  0.737424  0.837605  0.856196  0.776526  0.811953  0.826379 0.0  0.692353  0.826327  0.753998  0.867521  0.759138  0.854938  0.608778  0.688560  0.488165  0.601080  0.617089  0.073934  0.681178  0.782464  0.762504  0.478162  0.770950  0.386472  0.751020  0.404104  1.000000  0.653814  0.740237 
8  0.487918  0.656249  0.622470  0.640030  0.403252  0.558923  0.588650  0.692353 0.0  0.640811  0.578097  0.660050  0.661839  0.444441  0.604458  0.559610  0.595246  0.563992  0.645983  0.739647  0.346871  0.690023  0.692869  0.796564  0.445061  0.775113  0.517321  0.740178  0.505534  0.534049  0.428080 
9  0.628512  0.476598  0.304223  0.470237  0.644390  0.556962  0.375108  0.826327  0.640811 0.0  0.385065  0.256183  0.268122  0.739559  0.805812  0.791833  0.805878  0.759735  0.727581  0.837214  0.658210  0.517378  0.532360  0.857497  0.510955  0.821102  0.430832  0.799215  0.427549  0.795997  0.633411 
10  0.554686  0.402942  0.378656  0.572623  0.562639  0.566524  0.124059  0.753998  0.578097  0.385065 0.0  0.000000  0.492225  0.598370  0.856387  0.743560  0.748960  0.842267  0.840873  0.793305  0.726094  0.505640  0.611381  0.835856  0.509872  0.889944  0.433606  0.787786  0.616512  0.612044  0.566449 
11  0.609170  0.440811  0.426702  0.558532  0.548565  0.581784  0.303189  0.867521  0.660050  0.256183  0.000000 0.0  0.557353  0.578906  0.783906  0.748025  0.708359  0.780321  0.793439  0.819406  0.831337  0.523165  0.446700  0.763963  0.601300  0.897279  0.433860  0.810127  0.554506  0.708691  0.681536 
12  0.519246  0.536555  0.414133  0.426778  0.571280  0.455049  0.629324  0.759138  0.661839  0.268122  0.492225  0.557353 0.0  0.698312  0.774952  0.839579  0.746314  0.815541  0.827459  0.797338  0.799013  0.401478  0.618494  0.804015  0.603439  0.887226  0.338731  0.843538  0.361070  0.684006  0.703449 
13  0.696404  0.286193  0.607569  0.609919  0.540550  0.639136  0.520495  0.854938  0.444441  0.739559  0.598370  0.578906  0.698312 0.0  0.704217  0.666473  0.707551  0.625302  0.769834  0.850229  0.576932  0.557575  0.654860  0.866313  0.535056  0.810582  0.514263  0.776119  0.465928  0.542265  0.412389 
14  0.649057  0.726275  0.689915  0.797770  0.560330  0.558226  0.717385  0.608778  0.604458  0.805812  0.856387  0.783906  0.774952  0.704217 0.0  0.577795  0.545050  0.559016  0.613348  0.664800  0.477017  0.769619  0.768867  0.716068  0.672650  0.584501  0.761205  0.528916  0.676568  0.354873  0.627540 
15  0.491736  0.546818  0.640923  0.851890  0.609813  0.670869  0.610721  0.688560  0.559610  0.791833  0.743560  0.748025  0.839579  0.666473  0.577795 0.0  0.661501  0.656205  0.698852  0.676051  0.311049  0.674636  0.725516  0.754462  0.484473  0.869696  0.720932  0.742355  0.685083  0.262392  0.580104 
16  0.725886  0.814940  0.815741  0.742487  0.745809  0.823489  0.886010  0.488165  0.595246  0.805878  0.748960  0.708359  0.746314  0.707551  0.545050  0.661501 0.0  0.523049  0.417291  0.551979  0.611739  0.769724  0.830472  0.594687  0.706148  0.679524  0.734271  0.461927  0.798562  0.536459  0.731543 
17  0.717533  0.820289  0.840129  0.715104  0.642183  0.647718  0.786172  0.601080  0.563992  0.759735  0.842267  0.780321  0.815541  0.625302  0.559016  0.656205  0.523049 0.0  0.096547  0.493440  0.602265  0.810582  0.794133  0.631308  0.760184  0.611640  0.730790  0.472072  0.802597  0.664005  0.607465 
18  0.745254  0.649382  0.709527  0.727736  0.661151  0.739348  0.830699  0.617089  0.645983  0.727581  0.840873  0.793439  0.827459  0.769834  0.613348  0.698852  0.417291  0.096547 0.0  0.550401  0.609600  0.766073  0.806413  0.563239  0.739431  0.590175  0.778273  0.390937  0.718380  0.705838  0.711711 
19  0.753426  0.755632  0.729071  0.865399  0.714870  0.705506  0.888535  0.073934  0.739647  0.837214  0.793305  0.819406  0.797338  0.850229  0.664800  0.676051  0.551979  0.493440  0.550401 0.0  0.681504  0.931531  0.798207  0.502094  0.784801  0.554680  0.835803  0.585460  0.764946  0.591570  0.642296 
20  0.473672  0.571432  0.667832  0.694162  0.443072  0.558274  0.652652  0.681178  0.346871  0.658210  0.726094  0.831337  0.799013  0.576932  0.477017  0.311049  0.611739  0.602265  0.609600  0.681504 0.0  0.666043  0.804664  0.788730  0.596426  0.726953  0.654653  0.700186  0.652391  0.382984  0.509513 
21  0.494003  0.501518  0.432883  0.444116  0.443592  0.448059  0.547378  0.782464  0.690023  0.517378  0.505640  0.523165  0.401478  0.557575  0.769619  0.674636  0.769724  0.810582  0.766073  0.931531  0.666043 0.0  0.764507  0.872864  0.535873  0.849784  0.316014  0.882510  0.338207  0.658678  0.623945 
22  0.802937  0.589730  0.612274  0.671387  0.669874  0.539001  0.521878  0.762504  0.692869  0.532360  0.611381  0.446700  0.618494  0.654860  0.768867  0.725516  0.830472  0.794133  0.806413  0.798207  0.804664  0.764507 0.0  0.775331  0.696438  0.862834  0.728319  0.908236  0.612590  0.890796  0.726394 
23  0.823513  0.813221  0.855341  0.823051  0.767644  0.834906  0.821032  0.478162  0.796564  0.857497  0.835856  0.763963  0.804015  0.866313  0.716068  0.754462  0.594687  0.631308  0.563239  0.502094  0.788730  0.872864  0.775331 0.0  0.808243  0.423962  0.861741  0.366090  0.928757  0.815902  0.724769 
24  0.324233  0.445063  0.503337  0.576301  0.339596  0.270403  0.689269  0.770950  0.445061  0.510955  0.509872  0.601300  0.603439  0.535056  0.672650  0.484473  0.706148  0.760184  0.739431  0.784801  0.596426  0.535873  0.696438  0.808243 0.0  0.844745  0.452171  0.671045  0.316001  0.584976  0.633841 
25  0.756191  0.739055  0.714729  0.926054  0.826704  0.818442  0.783299  0.386472  0.775113  0.821102  0.889944  0.897279  0.887226  0.810582  0.584501  0.869696  0.679524  0.611640  0.590175  0.554680  0.726953  0.849784  0.862834  0.423962  0.844745 0.0  0.865551  0.436482  0.952049  0.725781  0.807709 
26  0.439033  0.294809  0.414841  0.524499  0.475299  0.393747  0.412087  0.751020  0.517321  0.430832  0.433606  0.433860  0.338731  0.514263  0.761205  0.720932  0.734271  0.730790  0.778273  0.835803  0.654653  0.316014  0.728319  0.861741  0.452171  0.865551 0.0  0.804431  0.244057  0.717000  0.595204 
27  0.700944  0.790440  0.825935  0.855620  0.658618  0.812390  0.827489  0.404104  0.740178  0.799215  0.787786  0.810127  0.843538  0.776119  0.528916  0.742355  0.461927  0.472072  0.390937  0.585460  0.700186  0.882510  0.908236  0.366090  0.671045  0.436482  0.804431 0.0  0.822973  0.649254  0.682317 
28  0.418653  0.225453  0.453909  0.647655  0.415146  0.333301  0.426165  1.000000  0.505534  0.427549  0.616512  0.554506  0.361070  0.465928  0.676568  0.685083  0.798562  0.802597  0.718380  0.764946  0.652391  0.338207  0.612590  0.928757  0.316001  0.952049  0.244057  0.822973 0.0  0.671187  0.563689 
29  0.622691  0.697460  0.693179  0.670992  0.619311  0.660210  0.617021  0.653814  0.534049  0.795997  0.612044  0.708691  0.684006  0.542265  0.354873  0.262392  0.536459  0.664005  0.705838  0.591570  0.382984  0.658678  0.890796  0.815902  0.584976  0.725781  0.717000  0.649254  0.671187 0.0  0.620827 
30  0.628686  0.602155  0.649342  0.740455  0.466020  0.566531  0.557175  0.740237  0.428080  0.633411  0.566449  0.681536  0.703449  0.412389  0.627540  0.580104  0.731543  0.607465  0.711711  0.642296  0.509513  0.623945  0.726394  0.724769  0.633841  0.807709  0.595204  0.682317  0.563689  0.620827 0.0 
