31
0 0.0  0.394276  0.811131  0.754957  0.520807  0.613618  0.367342  0.774997  0.602852  0.754533  0.161644  0.614493  0.755575  0.748312  0.550006  0.537501  0.787525  0.328980  0.372135  0.900440  0.854966  0.395569  0.747157  0.747935  0.754282  0.643803  0.225160  0.728052  0.519464  0.542290  0.501305 
1  0.394276 0.0  0.831785  0.672977  0.557097  0.506923  0.560236  0.728090  0.422549  0.685977  0.438032  0.626011  0.877489  0.806824  0.575303  0.455176  0.940761  0.528966  0.390179  0.845839  0.960632  0.468105  0.797673  0.803557  0.786810  0.813867  0.482319  1.000000  0.761046  0.647663  0.451395 
2  0.811131  0.831785 0.0  0.500485  0.778343  0.927560  0.751888  0.413493  0.883063  0.312849  0.834645  0.774724  0.480137  0.405598  0.677578  0.738791  0.271792  0.659680  0.818019  0.371005  0.556485  0.832655  0.404756  0.192568  0.500837  0.520874  0.776658  0.729740  0.647341  0.822687  0.793645 
3  0.754957  0.672977  0.500485 0.0  0.671849  0.897031  0.762499  0.182461  0.831358  0.303632  0.690585  0.664126  0.703630  0.484112  0.634122  0.878163  0.531311  0.814086  0.787024  0.094693  0.652196  0.816989  0.235468  0.561289  0.619179  0.643254  0.784536  0.736790  0.670927  0.745445  0.712817 
4  0.520807  0.557097  0.778343  0.671849 0.0  0.564878  0.237090  0.689692  0.665262  0.802691  0.500768  0.575879  0.806548  0.795468  0.553883  0.500125  0.861633  0.414332  0.582161  0.677660  0.847331  0.386602  0.711422  0.789081  0.884189  0.664752  0.489784  0.881910  0.535789  0.445810  0.511602 
5  0.613618  0.506923  0.927560  0.897031  0.564878 0.0  0.558183  0.783824  0.494956  0.922693  0.569706  0.713729  0.875317  0.764801  0.757544  0.308547  0.890227  0.592442  0.579631  0.822140  0.901795  0.562388  0.826603  0.931568  0.883386  0.758062  0.689880  0.890497  0.695504  0.627571  0.301610 
6  0.367342  0.560236  0.751888  0.762499  0.237090  0.558183 0.0  0.866536  0.564360  0.784162  0.463671  0.553424  0.783898  0.897928  0.568600  0.376630  0.801794  0.428070  0.289495  0.679236  0.760362  0.255617  0.747103  0.779930  0.829157  0.621591  0.494386  0.905392  0.398414  0.476458  0.546007 
7  0.774997  0.728090  0.413493  0.182461  0.689692  0.783824  0.866536 0.0  0.823968  0.356813  0.725692  0.522591  0.549631  0.535263  0.553885  0.809171  0.549358  0.667047  0.706726  0.000000  0.626814  0.808485  0.098511  0.481415  0.602664  0.628173  0.576527  0.606036  0.657017  0.781567  0.826982 
8  0.602852  0.422549  0.883063  0.831358  0.665262  0.494956  0.564360  0.823968 0.0  0.790603  0.559055  0.724131  0.833081  0.867212  0.807633  0.373683  0.753569  0.649193  0.657909  0.735313  0.945947  0.613118  0.760959  0.870115  0.880945  0.752270  0.571608  0.992452  0.708634  0.637374  0.360442 
9  0.754533  0.685977  0.312849  0.303632  0.802691  0.922693  0.784162  0.356813  0.790603 0.0  0.853999  0.531521  0.590439  0.462388  0.668815  0.757209  0.557376  0.737790  0.763464  0.206900  0.572758  0.820409  0.117828  0.394413  0.589216  0.628765  0.724603  0.560257  0.726407  0.806320  0.887709 
10  0.161644  0.438032  0.834645  0.690585  0.500768  0.569706  0.463671  0.725692  0.559055  0.853999 0.0  0.572001  0.845905  0.877702  0.562251  0.448734  0.782158  0.320265  0.218982  0.769247  0.820779  0.424696  0.649647  0.844674  0.775955  0.667603  0.315905  0.917293  0.472540  0.599218  0.569874 
11  0.614493  0.626011  0.774724  0.664126  0.575879  0.713729  0.553424  0.522591  0.724131  0.531521  0.572001 0.0  0.789143  0.572645  0.367459  0.666264  0.666633  0.444838  0.556038  0.703234  0.730174  0.543784  0.668858  0.615047  0.789842  0.309346  0.490056  0.766803  0.549275  0.623584  0.715353 
12  0.755575  0.877489  0.480137  0.703630  0.806548  0.875317  0.783898  0.549631  0.833081  0.590439  0.845905  0.789143 0.0  0.500975  0.817464  0.831406  0.235153  0.832069  0.898549  0.641005  0.451703  0.676938  0.607344  0.436593  0.415415  0.702515  0.892382  0.430825  0.777879  0.853470  0.943096 
13  0.748312  0.806824  0.405598  0.484112  0.795468  0.764801  0.897928  0.535263  0.867212  0.462388  0.877702  0.572645  0.500975 0.0  0.677883  0.847510  0.451555  0.723305  0.880938  0.488327  0.139076  0.823192  0.567630  0.334281  0.400051  0.617500  0.785099  0.498225  0.690385  0.754267  0.881385 
14  0.550006  0.575303  0.677578  0.634122  0.553883  0.757544  0.568600  0.553885  0.807633  0.668815  0.562251  0.367459  0.817464  0.677883 0.0  0.745238  0.716048  0.552600  0.673355  0.625446  0.829598  0.600381  0.628635  0.791259  0.757473  0.138494  0.457383  0.830757  0.642179  0.672901  0.669558 
15  0.537501  0.455176  0.738791  0.878163  0.500125  0.308547  0.376630  0.809171  0.373683  0.757209  0.448734  0.666264  0.831406  0.847510  0.745238 0.0  0.849897  0.569481  0.412968  0.817109  0.900515  0.395581  0.744135  0.845033  0.930974  0.797272  0.666659  0.906152  0.606841  0.545766  0.187336 
16  0.787525  0.940761  0.271792  0.531311  0.861633  0.890227  0.801794  0.549358  0.753569  0.557376  0.782158  0.666633  0.235153  0.451555  0.716048  0.849897 0.0  0.740027  0.848306  0.536774  0.486159  0.727355  0.442849  0.179099  0.508234  0.488199  0.751265  0.511752  0.681207  0.764983  0.806450 
17  0.328980  0.528966  0.659680  0.814086  0.414332  0.592442  0.428070  0.667047  0.649193  0.737790  0.320265  0.444838  0.832069  0.723305  0.552600  0.569481  0.740027 0.0  0.283085  0.714869  0.817923  0.458525  0.724181  0.990411  0.763181  0.565905  0.159746  0.806470  0.587762  0.504430  0.677428 
18  0.372135  0.390179  0.818019  0.787024  0.582161  0.579631  0.289495  0.706726  0.657909  0.763464  0.218982  0.556038  0.898549  0.880938  0.673355  0.412968  0.848306  0.283085 0.0  0.775035  0.842101  0.239234  0.781420  0.834173  0.763559  0.733340  0.289234  0.890130  0.602983  0.538994  0.429698 
19  0.900440  0.845839  0.371005  0.094693  0.677660  0.822140  0.679236  0.000000  0.735313  0.206900  0.769247  0.703234  0.641005  0.488327  0.625446  0.817109  0.536774  0.714869  0.775035 0.0  0.520256  0.819282  0.017922  0.558574  0.616847  0.640276  0.821335  0.685114  0.639683  0.788154  0.902748 
20  0.854966  0.960632  0.556485  0.652196  0.847331  0.901795  0.760362  0.626814  0.945947  0.572758  0.820779  0.730174  0.451703  0.139076  0.829598  0.900515  0.486159  0.817923  0.842101  0.520256 0.0  0.876739  0.589031  0.502826  0.146136  0.653108  0.789811  0.514433  0.769562  0.867873  0.893098 
21  0.395569  0.468105  0.832655  0.816989  0.386602  0.562388  0.255617  0.808485  0.613118  0.820409  0.424696  0.543784  0.676938  0.823192  0.600381  0.395581  0.727355  0.458525  0.239234  0.819282  0.876739 0.0  0.680360  0.833003  0.913225  0.654293  0.418974  0.880468  0.486624  0.576508  0.455226 
22  0.747157  0.797673  0.404756  0.235468  0.711422  0.826603  0.747103  0.098511  0.760959  0.117828  0.649647  0.668858  0.607344  0.567630  0.628635  0.744135  0.442849  0.724181  0.781420  0.017922  0.589031  0.680360 0.0  0.511268  0.484298  0.665931  0.709928  0.659434  0.686113  0.884440  0.802857 
23  0.747935  0.803557  0.192568  0.561289  0.789081  0.931568  0.779930  0.481415  0.870115  0.394413  0.844674  0.615047  0.436593  0.334281  0.791259  0.845033  0.179099  0.990411  0.834173  0.558574  0.502826  0.833003  0.511268 0.0  0.328917  0.687384  0.796348  0.495637  0.810279  0.929325  0.823736 
24  0.754282  0.786810  0.500837  0.619179  0.884189  0.883386  0.829157  0.602664  0.880945  0.589216  0.775955  0.789842  0.415415  0.400051  0.757473  0.930974  0.508234  0.763181  0.763559  0.616847  0.146136  0.913225  0.484298  0.328917 0.0  0.778488  0.847874  0.495039  0.723129  0.850341  0.824443 
25  0.643803  0.813867  0.520874  0.643254  0.664752  0.758062  0.621591  0.628173  0.752270  0.628765  0.667603  0.309346  0.702515  0.617500  0.138494  0.797272  0.488199  0.565905  0.733340  0.640276  0.653108  0.654293  0.665931  0.687384  0.778488 0.0  0.537871  0.746500  0.630528  0.707622  0.738439 
26  0.225160  0.482319  0.776658  0.784536  0.489784  0.689880  0.494386  0.576527  0.571608  0.724603  0.315905  0.490056  0.892382  0.785099  0.457383  0.666659  0.751265  0.159746  0.289234  0.821335  0.789811  0.418974  0.709928  0.796348  0.847874  0.537871 0.0  0.753493  0.462453  0.660344  0.620990 
27  0.728052  1.000000  0.729740  0.736790  0.881910  0.890497  0.905392  0.606036  0.992452  0.560257  0.917293  0.766803  0.430825  0.498225  0.830757  0.906152  0.511752  0.806470  0.890130  0.685114  0.514433  0.880468  0.659434  0.495637  0.495039  0.746500  0.753493 0.0  0.883474  0.737849  0.935707 
28  0.519464  0.761046  0.647341  0.670927  0.535789  0.695504  0.398414  0.657017  0.708634  0.726407  0.472540  0.549275  0.777879  0.690385  0.642179  0.606841  0.681207  0.587762  0.602983  0.639683  0.769562  0.486624  0.686113  0.810279  0.723129  0.630528  0.462453  0.883474 0.0  0.664758  0.611736 
29  0.542290  0.647663  0.822687  0.745445  0.445810  0.627571  0.476458  0.781567  0.637374  0.806320  0.599218  0.623584  0.853470  0.754267  0.672901  0.545766  0.764983  0.504430  0.538994  0.788154  0.867873  0.576508  0.884440  0.929325  0.850341  0.707622  0.660344  0.737849  0.664758 0.0  0.521854 
30  0.501305  0.451395  0.793645  0.712817  0.511602  0.301610  0.546007  0.826982  0.360442  0.887709  0.569874  0.715353  0.943096  0.881385  0.669558  0.187336  0.806450  0.677428  0.429698  0.902748  0.893098  0.455226  0.802857  0.823736  0.824443  0.738439  0.620990  0.935707  0.611736  0.521854 0.0 
