31
0 0.0  0.709106  0.723320  0.753440  0.641287  0.937540  0.535797  0.850984  0.775558  0.558522  0.841419  0.621684  0.579871  0.683262  0.760250  0.349569  0.204354  0.789177  0.675628  0.455057  0.735728  0.679506  0.614655  0.478630  0.826412  0.377863  0.883919  0.532928  0.205035  0.662686  0.600862 
1  0.709106 0.0  0.583766  0.790975  0.700729  0.685289  0.674948  0.724924  0.578573  0.850340  0.673117  0.539303  0.575072  0.560588  0.651975  0.719493  0.783155  0.602497  0.510370  0.662419  0.316351  0.640241  0.706857  0.718876  0.739256  0.759948  0.735549  0.550889  0.690079  0.612508  0.604957 
2  0.723320  0.583766 0.0  0.891639  0.484767  0.839060  0.605214  0.873011  0.183452  0.686185  0.727775  0.355650  0.409084  0.361563  0.767480  0.615381  0.565081  0.772098  0.845457  0.520788  0.623088  0.660566  0.585504  0.613543  0.890754  0.723493  0.740167  0.675488  0.774922  0.699596  0.536902 
3  0.753440  0.790975  0.891639 0.0  0.948954  0.662637  0.857612  0.171630  0.763913  0.983724  0.556578  0.788436  0.828757  0.909443  0.624272  0.815050  0.869671  0.589625  0.710586  0.894727  0.769920  0.837112  0.864218  0.957469  0.412068  0.887545  0.439798  0.937579  0.930470  0.855844  0.891038 
4  0.641287  0.700729  0.484767  0.948954 0.0  0.932387  0.507526  0.888908  0.518398  0.773875  0.828824  0.450805  0.628744  0.443727  0.749042  0.604212  0.493607  0.764646  0.759186  0.386829  0.695183  0.351039  0.572008  0.397060  0.802295  0.622695  0.752740  0.438768  0.614616  0.489122  0.253975 
5  0.937540  0.685289  0.839060  0.662637  0.932387 0.0  0.734317  0.603519  0.842880  0.844513  0.048928  0.705075  0.896733  0.690946  0.387758  0.877209  0.913656  0.347885  0.510710  0.702341  0.788669  0.816932  0.788148  0.867033  0.531819  0.853680  0.359485  0.796632  0.865803  0.847858  0.777117 
6  0.535797  0.674948  0.605214  0.857612  0.507526  0.734317 0.0  0.947933  0.531128  0.680213  0.758513  0.597023  0.587517  0.514763  0.824159  0.715367  0.697229  0.736131  0.728112  0.630223  0.680001  0.397954  0.710694  0.709743  0.795072  0.639149  0.849141  0.500183  0.586034  0.191034  0.416672 
7  0.850984  0.724924  0.873011  0.171630  0.888908  0.603519  0.947933 0.0  0.803246  0.916215  0.731198  0.730546  0.913690  0.885195  0.549156  0.887801  0.893583  0.645637  0.616073  0.728686  0.781895  0.823733  0.751912  0.923673  0.407451  0.940673  0.515828  0.804653  0.883273  0.806215  0.909907 
8  0.775558  0.578573  0.183452  0.763913  0.518398  0.842880  0.531128  0.803246 0.0  0.723951  0.701769  0.219787  0.502034  0.418639  0.738961  0.645895  0.612897  0.735694  0.742553  0.467406  0.543991  0.504886  0.554209  0.616255  0.797897  0.757621  0.706209  0.527806  0.659967  0.532335  0.527689 
9  0.558522  0.850340  0.686185  0.983724  0.773875  0.844513  0.680213  0.916215  0.723951 0.0  0.909249  0.649824  0.613175  0.719368  0.891459  0.613511  0.563288  0.808892  0.857517  0.711319  0.681969  0.740284  0.766184  0.578477  0.937239  0.540288  0.921056  0.649046  0.587838  0.580238  0.629063 
10  0.841419  0.673117  0.727775  0.556578  0.828824  0.048928  0.758513  0.731198  0.701769  0.909249 0.0  0.729612  0.741598  0.818346  0.300384  0.945244  0.800634  0.374247  0.538228  0.864170  0.720528  0.834692  0.854554  0.803118  0.713747  0.753509  0.378753  0.826508  0.936835  0.768641  0.796480 
11  0.621684  0.539303  0.355650  0.788436  0.450805  0.705075  0.597023  0.730546  0.219787  0.649824  0.729612 0.0  0.550052  0.346218  0.699233  0.624333  0.582766  0.763874  0.709404  0.627507  0.612982  0.556091  0.725398  0.741596  0.804120  0.674424  0.749791  0.619554  0.662402  0.561715  0.530568 
12  0.579871  0.575072  0.409084  0.828757  0.628744  0.896733  0.587517  0.913690  0.502034  0.613175  0.741598  0.550052 0.0  0.633532  0.803275  0.616575  0.540450  0.807488  0.760548  0.528624  0.724093  0.560590  0.477175  0.450354  0.956887  0.658537  0.823830  0.651653  0.620009  0.595013  0.495081 
13  0.683262  0.560588  0.361563  0.909443  0.443727  0.690946  0.514763  0.885195  0.418639  0.719368  0.818346  0.346218  0.633532 0.0  0.693690  0.659209  0.666109  0.655724  0.656652  0.514152  0.647548  0.427020  0.752066  0.600641  0.871852  0.660452  0.755269  0.618146  0.582444  0.446339  0.602451 
14  0.760250  0.651975  0.767480  0.624272  0.749042  0.387758  0.824159  0.549156  0.738961  0.891459  0.300384  0.699233  0.803275  0.693690 0.0  0.866742  0.833333  0.368908  0.561784  0.723273  0.786178  0.843446  0.891195  0.767198  0.601159  0.884380  0.386474  0.824796  0.819895  0.656784  0.842753 
15  0.349569  0.719493  0.615381  0.815050  0.604212  0.877209  0.715367  0.887801  0.645895  0.613511  0.945244  0.624333  0.616575  0.659209  0.866742 0.0  0.232611  0.826797  0.838674  0.533074  0.749088  0.672435  0.555945  0.502338  0.974629  0.375045  0.779780  0.541095  0.227323  0.590381  0.560859 
16  0.204354  0.783155  0.565081  0.869671  0.493607  0.913656  0.697229  0.893583  0.612897  0.563288  0.800634  0.582766  0.540450  0.666109  0.833333  0.232611 0.0  0.944967  0.845105  0.564399  0.727692  0.512371  0.494998  0.427369  0.957504  0.574369  0.859737  0.532638  0.314467  0.627403  0.563687 
17  0.789177  0.602497  0.772098  0.589625  0.764646  0.347885  0.736131  0.645637  0.735694  0.808892  0.374247  0.763874  0.807488  0.655724  0.368908  0.826797  0.944967 0.0  0.654161  0.730776  0.565661  0.771941  0.769455  0.820474  0.789949  0.710501  0.389553  0.797245  0.811344  0.767877  0.759463 
18  0.675628  0.510370  0.845457  0.710586  0.759186  0.510710  0.728112  0.616073  0.742553  0.857517  0.538228  0.709404  0.760548  0.656652  0.561784  0.838674  0.845105  0.654161 0.0  0.737789  0.506188  0.708647  0.739744  0.876151  0.764713  0.890201  0.561203  0.761988  0.684989  0.793691  0.652415 
19  0.455057  0.662419  0.520788  0.894727  0.386829  0.702341  0.630223  0.728686  0.467406  0.711319  0.864170  0.627507  0.528624  0.514152  0.723273  0.533074  0.564399  0.730776  0.737789 0.0  0.532601  0.590119  0.555802  0.489224  0.871712  0.557101  0.793355  0.574515  0.479970  0.563551  0.429918 
20  0.735728  0.316351  0.623088  0.769920  0.695183  0.788669  0.680001  0.781895  0.543991  0.681969  0.720528  0.612982  0.724093  0.647548  0.786178  0.749088  0.727692  0.565661  0.506188  0.532601 0.0  0.569402  0.686188  0.739068  0.818332  0.871056  0.647744  0.672565  0.711960  0.605003  0.742714 
21  0.679506  0.640241  0.660566  0.837112  0.351039  0.816932  0.397954  0.823733  0.504886  0.740284  0.834692  0.556091  0.560590  0.427020  0.843446  0.672435  0.512371  0.771941  0.708647  0.590119  0.569402 0.0  0.654386  0.613832  0.771926  0.581835  0.810584  0.531293  0.582776  0.329359  0.322112 
22  0.614655  0.706857  0.585504  0.864218  0.572008  0.788148  0.710694  0.751912  0.554209  0.766184  0.854554  0.725398  0.477175  0.752066  0.891195  0.555945  0.494998  0.769455  0.739744  0.555802  0.686188  0.654386 0.0  0.485498  0.945215  0.635883  0.906329  0.641246  0.555218  0.658352  0.563516 
23  0.478630  0.718876  0.613543  0.957469  0.397060  0.867033  0.709743  0.923673  0.616255  0.578477  0.803118  0.741596  0.450354  0.600641  0.767198  0.502338  0.427369  0.820474  0.876151  0.489224  0.739068  0.613832  0.485498 0.0  0.841678  0.530497  0.861244  0.642833  0.263138  0.493816  0.474926 
24  0.826412  0.739256  0.890754  0.412068  0.802295  0.531819  0.795072  0.407451  0.797897  0.937239  0.713747  0.804120  0.956887  0.871852  0.601159  0.974629  0.957504  0.789949  0.764713  0.871712  0.818332  0.771926  0.945215  0.841678 0.0  0.854415  0.503099  0.935737  0.893395  0.824815  0.924779 
25  0.377863  0.759948  0.723493  0.887545  0.622695  0.853680  0.639149  0.940673  0.757621  0.540288  0.753509  0.674424  0.658537  0.660452  0.884380  0.375045  0.574369  0.710501  0.890201  0.557101  0.871056  0.581835  0.635883  0.530497  0.854415 0.0  0.842209  0.563275  0.414594  0.596784  0.528708 
26  0.883919  0.735549  0.740167  0.439798  0.752740  0.359485  0.849141  0.515828  0.706209  0.921056  0.378753  0.749791  0.823830  0.755269  0.386474  0.779780  0.859737  0.389553  0.561203  0.793355  0.647744  0.810584  0.906329  0.861244  0.503099  0.842209 0.0  0.783507  1.000000  0.798931  0.830806 
27  0.532928  0.550889  0.675488  0.937579  0.438768  0.796632  0.500183  0.804653  0.527806  0.649046  0.826508  0.619554  0.651653  0.618146  0.824796  0.541095  0.532638  0.797245  0.761988  0.574515  0.672565  0.531293  0.641246  0.642833  0.935737  0.563275  0.783507 0.0  0.390156  0.507903  0.455372 
28  0.205035  0.690079  0.774922  0.930470  0.614616  0.865803  0.586034  0.883273  0.659967  0.587838  0.936835  0.662402  0.620009  0.582444  0.819895  0.227323  0.314467  0.811344  0.684989  0.479970  0.711960  0.582776  0.555218  0.263138  0.893395  0.414594  1.000000  0.390156 0.0  0.705403  0.420491 
29  0.662686  0.612508  0.699596  0.855844  0.489122  0.847858  0.191034  0.806215  0.532335  0.580238  0.768641  0.561715  0.595013  0.446339  0.656784  0.590381  0.627403  0.767877  0.793691  0.563551  0.605003  0.329359  0.658352  0.493816  0.824815  0.596784  0.798931  0.507903  0.705403 0.0  0.427961 
30  0.600862  0.604957  0.536902  0.891038  0.253975  0.777117  0.416672  0.909907  0.527689  0.629063  0.796480  0.530568  0.495081  0.602451  0.842753  0.560859  0.563687  0.759463  0.652415  0.429918  0.742714  0.322112  0.563516  0.474926  0.924779  0.528708  0.830806  0.455372  0.420491  0.427961 0.0 
