31
0 0.0  0.893527  0.916655  0.545068  0.747356  0.537593  0.397922  0.902163  0.736133  0.619212  0.648577  0.890969  0.819372  0.549848  0.448807  0.859380  0.747274  0.811912  0.800279  0.967950  0.658833  0.619825  0.394545  0.882635  0.849960  0.531486  0.860378  0.774967  0.965542  0.813314  0.451695 
1  0.893527 0.0  0.465406  0.795256  0.711061  0.657382  0.797697  0.000000  0.271939  0.665918  0.889758  0.543795  0.034693  0.840053  0.825736  0.631785  0.050818  0.294792  0.312501  0.569319  0.659084  0.878935  0.872958  0.621442  0.351198  0.771008  0.440192  0.602872  0.618948  0.626346  0.873821 
2  0.916655  0.465406 0.0  0.775999  0.756857  0.801114  0.817670  0.439576  0.635835  0.700328  0.839514  0.300412  0.447706  0.798499  0.857380  0.592876  0.543207  0.428757  0.550189  0.641444  0.698229  0.784877  0.811521  0.594778  0.522342  0.833282  0.523641  0.409483  0.592179  0.413901  0.841738 
3  0.545068  0.795256  0.775999 0.0  0.671341  0.553569  0.609100  0.780669  0.827442  0.270242  0.509065  0.743465  0.716811  0.696937  0.578754  0.720972  0.641756  0.677339  0.712113  0.790943  0.587778  0.263071  0.561750  0.842802  0.769119  0.606459  0.816922  0.667772  0.932811  0.712888  0.512524 
4  0.747356  0.711061  0.756857  0.671341 0.0  0.545291  0.722726  0.697369  0.815410  0.653546  0.606162  0.761704  0.775888  0.755768  0.755614  0.763580  0.663005  0.750318  0.616791  0.800458  0.665279  0.589467  0.701254  0.787329  0.803551  0.775988  0.720776  0.770386  0.728545  0.780621  0.616412 
5  0.537593  0.657382  0.801114  0.553569  0.545291 0.0  0.577457  0.711701  0.801985  0.380174  0.487290  0.782225  0.716945  0.714108  0.640106  0.871719  0.792125  0.792763  0.654449  0.802035  0.533850  0.417935  0.633879  0.795594  0.625247  0.623852  0.750682  0.864644  0.784077  0.777732  0.484759 
6  0.397922  0.797697  0.817670  0.609100  0.722726  0.577457 0.0  0.903299  0.838147  0.687074  0.517531  0.849061  0.904618  0.564287  0.292972  0.801252  0.834076  0.849446  0.770753  0.694871  0.702125  0.598590  0.593736  0.771634  0.773653  0.355148  0.909528  0.902042  0.899877  0.871698  0.329577 
7  0.902163  0.000000  0.439576  0.780669  0.697369  0.711701  0.903299 0.0  0.368828  0.777504  0.757646  0.468772  0.146602  0.885998  0.748181  0.727524  0.106704  0.341458  0.295879  0.460125  0.675112  0.731100  0.826945  0.536533  0.214654  0.859011  0.495381  0.741100  0.514048  0.678320  0.780122 
8  0.736133  0.271939  0.635835  0.827442  0.815410  0.801985  0.838147  0.368828 0.0  0.708162  0.810762  0.422168  0.216590  0.811725  0.944675  0.462459  0.251842  0.558327  0.424647  0.510185  0.725945  0.714645  0.796174  0.684897  0.137880  0.777311  0.497497  0.669641  0.594712  0.633610  0.912560 
9  0.619212  0.665918  0.700328  0.270242  0.653546  0.380174  0.687074  0.777504  0.708162 0.0  0.495521  0.720964  0.775670  0.757103  0.608014  0.794318  0.813484  0.728903  0.719083  0.721787  0.569267  0.266166  0.659808  0.820315  0.800285  0.648467  0.905535  0.747119  0.846853  0.726016  0.710675 
10  0.648577  0.889758  0.839514  0.509065  0.606162  0.487290  0.517531  0.757646  0.810762  0.495521 0.0  0.855020  0.748910  0.635852  0.486600  0.839240  0.768484  0.797370  0.680556  0.842049  0.612431  0.550265  0.735669  0.802662  0.800065  0.514121  0.895570  0.965439  0.847720  0.861268  0.428233 
11  0.890969  0.543795  0.300412  0.743465  0.761704  0.782225  0.849061  0.468772  0.422168  0.720964  0.855020 0.0  0.569916  0.755248  0.918364  0.426595  0.527948  0.544470  0.559432  0.470251  0.730559  0.751783  0.931335  0.570144  0.459136  0.890360  0.447080  0.426813  0.659236  0.393093  0.907617 
12  0.819372  0.034693  0.447706  0.716811  0.775888  0.716945  0.904618  0.146602  0.216590  0.775670  0.748910  0.569916 0.0  0.778362  0.836303  0.580718  0.127529  0.377548  0.222282  0.532311  0.747680  0.645621  0.842768  0.570578  0.274931  0.790191  0.626783  0.736806  0.596530  0.593930  0.753279 
13  0.549848  0.840053  0.798499  0.696937  0.755768  0.714108  0.564287  0.885998  0.811725  0.757103  0.635852  0.755248  0.778362 0.0  0.599300  0.880261  0.821928  0.838764  0.813986  0.802288  0.768067  0.568379  0.253305  0.942412  0.822913  0.561502  0.830803  0.833100  0.759223  0.824476  0.530243 
14  0.448807  0.825736  0.857380  0.578754  0.755614  0.640106  0.292972  0.748181  0.944675  0.608014  0.486600  0.918364  0.836303  0.599300 0.0  0.813031  0.857370  0.759528  0.820853  0.823688  0.714523  0.599001  0.531752  0.899840  0.897981  0.298702  0.916550  0.804575  1.000000  0.772158  0.347513 
15  0.859380  0.631785  0.592876  0.720972  0.763580  0.871719  0.801252  0.727524  0.462459  0.794318  0.839240  0.426595  0.580718  0.880261  0.813031 0.0  0.579826  0.644002  0.648590  0.386494  0.737788  0.772782  0.880663  0.343368  0.511615  0.884968  0.198007  0.385106  0.531557  0.476790  0.806597 
16  0.747274  0.050818  0.543207  0.641756  0.663005  0.792125  0.834076  0.106704  0.251842  0.813484  0.768484  0.527948  0.127529  0.821928  0.857370  0.579826 0.0  0.381011  0.287794  0.606912  0.680548  0.854640  0.815618  0.646758  0.379850  0.823781  0.591513  0.579909  0.619708  0.629153  0.916077 
17  0.811912  0.294792  0.428757  0.677339  0.750318  0.792763  0.849446  0.341458  0.558327  0.728903  0.797370  0.544470  0.377548  0.838764  0.759528  0.644002  0.381011 0.0  0.293773  0.753360  0.613514  0.801054  0.773012  0.518558  0.505587  0.825662  0.510166  0.483488  0.625449  0.599779  0.762105 
18  0.800279  0.312501  0.550189  0.712113  0.616791  0.654449  0.770753  0.295879  0.424647  0.719083  0.680556  0.559432  0.222282  0.813986  0.820853  0.648590  0.287794  0.293773 0.0  0.494369  0.633169  0.747718  0.851195  0.576550  0.387986  0.827444  0.618232  0.627060  0.592942  0.534033  0.862978 
19  0.967950  0.569319  0.641444  0.790943  0.800458  0.802035  0.694871  0.460125  0.510185  0.721787  0.842049  0.470251  0.532311  0.802288  0.823688  0.386494  0.606912  0.753360  0.494369 0.0  0.775605  0.696495  0.943477  0.493051  0.480068  0.892919  0.280392  0.562357  0.449186  0.444432  0.809029 
20  0.658833  0.659084  0.698229  0.587778  0.665279  0.533850  0.702125  0.675112  0.725945  0.569267  0.612431  0.730559  0.747680  0.768067  0.714523  0.737788  0.680548  0.613514  0.633169  0.775605 0.0  0.606218  0.826263  0.605134  0.739406  0.764439  0.823350  0.751569  0.701185  0.697941  0.638831 
21  0.619825  0.878935  0.784877  0.263071  0.589467  0.417935  0.598590  0.731100  0.714645  0.266166  0.550265  0.751783  0.645621  0.568379  0.599001  0.772782  0.854640  0.801054  0.747718  0.696495  0.606218 0.0  0.623664  0.778867  0.685799  0.582655  0.850722  0.797753  0.817263  0.849093  0.534291 
22  0.394545  0.872958  0.811521  0.561750  0.701254  0.633879  0.593736  0.826945  0.796174  0.659808  0.735669  0.931335  0.842768  0.253305  0.531752  0.880663  0.815618  0.773012  0.851195  0.943477  0.826263  0.623664 0.0  0.968978  0.775375  0.438447  0.906423  0.793006  0.815560  0.791913  0.546299 
23  0.882635  0.621442  0.594778  0.842802  0.787329  0.795594  0.771634  0.536533  0.684897  0.820315  0.802662  0.570144  0.570578  0.942412  0.899840  0.343368  0.646758  0.518558  0.576550  0.493051  0.605134  0.778867  0.968978 0.0  0.615912  0.836282  0.337417  0.593614  0.353602  0.538554  0.955540 
24  0.849960  0.351198  0.522342  0.769119  0.803551  0.625247  0.773653  0.214654  0.137880  0.800285  0.800065  0.459136  0.274931  0.822913  0.897981  0.511615  0.379850  0.505587  0.387986  0.480068  0.739406  0.685799  0.775375  0.615912 0.0  0.833161  0.587147  0.633495  0.674883  0.577452  0.863657 
25  0.531486  0.771008  0.833282  0.606459  0.775988  0.623852  0.355148  0.859011  0.777311  0.648467  0.514121  0.890360  0.790191  0.561502  0.298702  0.884968  0.823781  0.825662  0.827444  0.892919  0.764439  0.582655  0.438447  0.836282  0.833161 0.0  0.942780  0.861661  0.785124  0.845806  0.362061 
26  0.860378  0.440192  0.523641  0.816922  0.720776  0.750682  0.909528  0.495381  0.497497  0.905535  0.895570  0.447080  0.626783  0.830803  0.916550  0.198007  0.591513  0.510166  0.618232  0.280392  0.823350  0.850722  0.906423  0.337417  0.587147  0.942780 0.0  0.519519  0.533013  0.461114  0.802410 
27  0.774967  0.602872  0.409483  0.667772  0.770386  0.864644  0.902042  0.741100  0.669641  0.747119  0.965439  0.426813  0.736806  0.833100  0.804575  0.385106  0.579909  0.483488  0.627060  0.562357  0.751569  0.797753  0.793006  0.593614  0.633495  0.861661  0.519519 0.0  0.657329  0.171480  0.878800 
28  0.965542  0.618948  0.592179  0.932811  0.728545  0.784077  0.899877  0.514048  0.594712  0.846853  0.847720  0.659236  0.596530  0.759223  1.000000  0.531557  0.619708  0.625449  0.592942  0.449186  0.701185  0.817263  0.815560  0.353602  0.674883  0.785124  0.533013  0.657329 0.0  0.630208  0.925463 
29  0.813314  0.626346  0.413901  0.712888  0.780621  0.777732  0.871698  0.678320  0.633610  0.726016  0.861268  0.393093  0.593930  0.824476  0.772158  0.476790  0.629153  0.599779  0.534033  0.444432  0.697941  0.849093  0.791913  0.538554  0.577452  0.845806  0.461114  0.171480  0.630208 0.0  0.963762 
30  0.451695  0.873821  0.841738  0.512524  0.616412  0.484759  0.329577  0.780122  0.912560  0.710675  0.428233  0.907617  0.753279  0.530243  0.347513  0.806597  0.916077  0.762105  0.862978  0.809029  0.638831  0.534291  0.546299  0.955540  0.863657  0.362061  0.802410  0.878800  0.925463  0.963762 0.0 
