31
0 0.0  0.928131  0.627816  0.802471  0.024016  0.430090  0.588523  0.853703  0.914751  0.778784  0.646454  0.490421  0.576104  0.716856  0.799374  0.474942  0.214240  0.912103  0.692734  0.452778  0.753037  0.641468  0.922265  0.751303  0.608840  0.843888  0.744380  0.540314  0.897880  0.893421  0.490818 
1  0.928131 0.0  0.812545  0.548073  0.834961  0.787503  0.918324  0.287891  0.594720  0.520144  0.842651  0.803257  0.852245  0.584505  0.641245  0.838042  0.836630  0.456438  0.656787  0.830402  0.549778  0.683384  0.565265  0.511457  0.754979  0.262888  0.636559  0.955789  0.444125  0.396063  0.825975 
2  0.627816  0.812545 0.0  0.742761  0.702021  0.479799  0.197750  0.803260  0.852066  0.831280  0.425218  0.024952  0.197342  0.765707  0.648728  0.486994  0.497622  0.758681  0.801928  0.534114  0.816459  0.601269  0.830129  0.716584  0.653372  0.867284  0.695412  0.584556  0.784227  0.841688  0.368548 
3  0.802471  0.548073  0.742761 0.0  0.759005  0.906662  0.753538  0.443792  0.523706  0.289607  0.906653  0.775138  0.818048  0.524244  0.565964  0.873234  0.750340  0.301355  0.529030  0.879056  0.470478  0.720971  0.293425  0.613291  0.815042  0.572390  0.563970  0.818451  0.204552  0.617267  0.825388 
4  0.024016  0.834961  0.702021  0.759005 0.0  0.443062  0.601144  0.867183  0.929005  0.893566  0.603209  0.621611  0.516394  0.885627  0.783400  0.487139  0.338705  0.821052  0.729656  0.555323  0.755419  0.754421  0.865285  0.714834  0.733008  0.921671  0.785736  0.576399  0.941874  0.812642  0.526295 
5  0.430090  0.787503  0.479799  0.906662  0.443062 0.0  0.465307  0.856388  0.824348  0.817603  0.710981  0.391147  0.483441  0.828104  0.785531  0.362533  0.413095  0.744303  0.710549  0.341687  0.792662  0.672995  0.989608  0.800001  0.558171  0.906631  0.766374  0.428883  0.930541  0.877924  0.213840 
6  0.588523  0.918324  0.197750  0.753538  0.601144  0.465307 0.0  0.995414  0.825738  0.795565  0.622603  0.071835  0.000000  0.730870  0.836736  0.521159  0.637956  0.805302  0.831789  0.339538  0.745818  0.562392  0.740389  0.799209  0.631427  0.816770  0.792061  0.459274  0.679654  0.900876  0.329880 
7  0.853703  0.287891  0.803260  0.443792  0.867183  0.856388  0.995414 0.0  0.595989  0.219517  0.768301  0.730367  0.798026  0.443838  0.730493  0.908058  0.875213  0.193020  0.551180  0.923023  0.509122  0.722125  0.197728  0.417937  0.806417  0.285996  0.512162  0.879818  0.352896  0.442841  0.796338 
8  0.914751  0.594720  0.852066  0.523706  0.929005  0.824348  0.825738  0.595989 0.0  0.563613  0.822719  0.852449  0.819431  0.600684  0.656757  0.921160  0.893003  0.532339  0.582485  0.955267  0.544390  0.616199  0.584977  0.702630  0.733967  0.624064  0.715236  0.720515  0.499914  0.589981  0.893279 
9  0.778784  0.520144  0.831280  0.289607  0.893566  0.817603  0.795565  0.219517  0.563613 0.0  0.887299  0.934401  0.764716  0.451553  0.504919  0.909409  0.887128  0.197736  0.396937  0.812725  0.443800  0.730604  0.129386  0.530893  0.808347  0.379873  0.637228  0.882263  0.223079  0.419393  0.775587 
10  0.646454  0.842651  0.425218  0.906653  0.603209  0.710981  0.622603  0.768301  0.822719  0.887299 0.0  0.495095  0.533222  0.667206  0.640983  0.683438  0.645137  0.832443  0.692739  0.680062  0.521550  0.516929  0.758170  0.678418  0.411777  0.758612  0.668562  0.672375  0.732778  0.663579  0.547228 
11  0.490421  0.803257  0.024952  0.775138  0.621611  0.391147  0.071835  0.730367  0.852449  0.934401  0.495095 0.0  0.199937  0.739546  0.729094  0.583120  0.606267  0.752811  0.668477  0.452663  0.702202  0.594753  0.811511  0.847158  0.604013  0.857577  0.712137  0.601338  0.790229  0.794344  0.331161 
12  0.576104  0.852245  0.197342  0.818048  0.516394  0.483441  0.000000  0.798026  0.819431  0.764716  0.533222  0.199937 0.0  0.842210  0.717306  0.503623  0.555865  0.881225  0.669001  0.382867  0.840505  0.545879  0.841594  0.827484  0.656562  0.752451  0.722578  0.525449  0.708172  0.733804  0.268981 
13  0.716856  0.584505  0.765707  0.524244  0.885627  0.828104  0.730870  0.443838  0.600684  0.451553  0.667206  0.739546  0.842210 0.0  0.457981  0.793687  0.916368  0.434477  0.375857  0.862402  0.474126  0.632427  0.367627  0.306143  0.597336  0.516895  0.530777  0.946514  0.495924  0.535296  0.738716 
14  0.799374  0.641245  0.648728  0.565964  0.783400  0.785531  0.836736  0.730493  0.656757  0.504919  0.640983  0.729094  0.717306  0.457981 0.0  0.774523  0.744647  0.496656  0.489416  0.855160  0.605449  0.555412  0.500293  0.407706  0.557479  0.683043  0.398632  0.827369  0.604406  0.400090  0.810117 
15  0.474942  0.838042  0.486994  0.873234  0.487139  0.362533  0.521159  0.908058  0.921160  0.909409  0.683438  0.583120  0.503623  0.793687  0.774523 0.0  0.099694  0.849601  0.770729  0.282038  0.986466  0.743873  0.772584  0.816325  0.741679  0.781238  0.749631  0.444555  0.938789  0.827754  0.420780 
16  0.214240  0.836630  0.497622  0.750340  0.338705  0.413095  0.637956  0.875213  0.893003  0.887128  0.645137  0.606267  0.555865  0.916368  0.744647  0.099694 0.0  0.817234  0.785925  0.392950  0.767589  0.681094  0.950386  0.867773  0.730990  0.911284  0.808463  0.405008  0.727306  0.898949  0.464547 
17  0.912103  0.456438  0.758681  0.301355  0.821052  0.744303  0.805302  0.193020  0.532339  0.197736  0.832443  0.752811  0.881225  0.434477  0.496656  0.849601  0.817234 0.0  0.536798  0.888356  0.408497  0.857177  0.160452  0.487529  0.716063  0.450330  0.602690  0.756234  0.141969  0.519600  0.835960 
18  0.692734  0.656787  0.801928  0.529030  0.729656  0.710549  0.831789  0.551180  0.582485  0.396937  0.692739  0.668477  0.669001  0.375857  0.489416  0.770729  0.785925  0.536798 0.0  0.885913  0.375216  0.643899  0.466231  0.529393  0.591533  0.490508  0.447255  0.796213  0.471751  0.610945  0.761568 
19  0.452778  0.830402  0.534114  0.879056  0.555323  0.341687  0.339538  0.923023  0.955267  0.812725  0.680062  0.452663  0.382867  0.862402  0.855160  0.282038  0.392950  0.888356  0.885913 0.0  0.759940  0.646809  0.898805  0.845201  0.757986  0.823198  0.830909  0.340175  0.889971  0.889874  0.221721 
20  0.753037  0.549778  0.816459  0.470478  0.755419  0.792662  0.745818  0.509122  0.544390  0.443800  0.521550  0.702202  0.840505  0.474126  0.605449  0.986466  0.767589  0.408497  0.375216  0.759940 0.0  0.661904  0.422502  0.521414  0.700722  0.570072  0.547354  0.877494  0.558222  0.602307  0.680689 
21  0.641468  0.683384  0.601269  0.720971  0.754421  0.672995  0.562392  0.722125  0.616199  0.730604  0.516929  0.594753  0.545879  0.632427  0.555412  0.743873  0.681094  0.857177  0.643899  0.646809  0.661904 0.0  0.648437  0.649521  0.213867  0.715863  0.645739  0.654074  0.782622  0.694249  0.649813 
22  0.922265  0.565265  0.830129  0.293425  0.865285  0.989608  0.740389  0.197728  0.584977  0.129386  0.758170  0.811511  0.841594  0.367627  0.500293  0.772584  0.950386  0.160452  0.466231  0.898805  0.422502  0.648437 0.0  0.577582  0.728304  0.412909  0.635865  1.000000  0.155142  0.520665  0.848218 
23  0.751303  0.511457  0.716584  0.613291  0.714834  0.800001  0.799209  0.417937  0.702630  0.530893  0.678418  0.847158  0.827484  0.306143  0.407706  0.816325  0.867773  0.487529  0.529393  0.845201  0.521414  0.649521  0.577582 0.0  0.501663  0.432438  0.561468  0.820212  0.563793  0.232836  0.755160 
24  0.608840  0.754979  0.653372  0.815042  0.733008  0.558171  0.631427  0.806417  0.733967  0.808347  0.411777  0.604013  0.656562  0.597336  0.557479  0.741679  0.730990  0.716063  0.591533  0.757986  0.700722  0.213867  0.728304  0.501663 0.0  0.691214  0.431099  0.816948  0.767741  0.687818  0.736372 
25  0.843888  0.262888  0.867284  0.572390  0.921671  0.906631  0.816770  0.285996  0.624064  0.379873  0.758612  0.857577  0.752451  0.516895  0.683043  0.781238  0.911284  0.450330  0.490508  0.823198  0.570072  0.715863  0.412909  0.432438  0.691214 0.0  0.564657  0.879668  0.485570  0.327818  0.765405 
26  0.744380  0.636559  0.695412  0.563970  0.785736  0.766374  0.792061  0.512162  0.715236  0.637228  0.668562  0.712137  0.722578  0.530777  0.398632  0.749631  0.808463  0.602690  0.447255  0.830909  0.547354  0.645739  0.635865  0.561468  0.431099  0.564657 0.0  0.731540  0.604115  0.416206  0.684767 
27  0.540314  0.955789  0.584556  0.818451  0.576399  0.428883  0.459274  0.879818  0.720515  0.882263  0.672375  0.601338  0.525449  0.946514  0.827369  0.444555  0.405008  0.756234  0.796213  0.340175  0.877494  0.654074  1.000000  0.820212  0.816948  0.879668  0.731540 0.0  0.798744  0.890108  0.499257 
28  0.897880  0.444125  0.784227  0.204552  0.941874  0.930541  0.679654  0.352896  0.499914  0.223079  0.732778  0.790229  0.708172  0.495924  0.604406  0.938789  0.727306  0.141969  0.471751  0.889971  0.558222  0.782622  0.155142  0.563793  0.767741  0.485570  0.604115  0.798744 0.0  0.632706  0.852444 
29  0.893421  0.396063  0.841688  0.617267  0.812642  0.877924  0.900876  0.442841  0.589981  0.419393  0.663579  0.794344  0.733804  0.535296  0.400090  0.827754  0.898949  0.519600  0.610945  0.889874  0.602307  0.694249  0.520665  0.232836  0.687818  0.327818  0.416206  0.890108  0.632706 0.0  0.901982 
30  0.490818  0.825975  0.368548  0.825388  0.526295  0.213840  0.329880  0.796338  0.893279  0.775587  0.547228  0.331161  0.268981  0.738716  0.810117  0.420780  0.464547  0.835960  0.761568  0.221721  0.680689  0.649813  0.848218  0.755160  0.736372  0.765405  0.684767  0.499257  0.852444  0.901982 0.0 
