31
0 0.0  0.802566  0.606997  0.594448  0.540120  0.711188  0.818138  0.543907  0.858943  0.751660  0.766039  0.822921  0.216682  0.874624  0.683517  0.878053  0.674849  0.828489  0.399589  0.435698  0.490148  0.793987  0.545786  0.331987  0.769202  0.750012  0.772902  0.477949  0.411862  0.724037  0.891530 
1  0.802566 0.0  0.669492  0.829668  0.685026  0.900448  0.572227  0.670658  0.642902  0.485658  0.226664  0.363016  0.768228  0.567169  0.451239  0.720247  0.737582  0.688635  0.704025  0.855045  0.761508  0.515420  0.801728  0.785004  0.588318  0.585605  0.355915  0.847143  0.671915  0.471052  0.415274 
2  0.606997  0.669492 0.0  0.576051  0.589035  0.720170  0.684555  0.618803  0.663920  0.723496  0.627583  0.722039  0.662023  0.605094  0.770879  0.803250  0.242595  0.807206  0.589675  0.614708  0.654184  0.613017  0.596092  0.856182  0.781358  0.742455  0.596307  0.677216  0.709555  0.636298  0.632467 
3  0.594448  0.829668  0.576051 0.0  0.292864  0.737221  0.746095  0.325434  0.831361  0.738795  0.807290  0.775391  0.496385  0.797148  0.748835  0.848940  0.501578  0.872131  0.546169  0.396858  0.335377  0.685888  0.471554  0.664987  0.801928  0.655513  0.709526  0.343763  0.468533  0.679155  0.756559 
4  0.540120  0.685026  0.589035  0.292864 0.0  0.631519  0.868891  0.000000  0.796971  0.829461  0.789599  0.790566  0.682156  0.738704  0.882355  0.893818  0.618150  0.868911  0.503406  0.370475  0.099678  0.749575  0.410826  0.564914  0.798329  0.832577  0.668140  0.223507  0.397320  0.797684  0.815684 
5  0.711188  0.900448  0.720170  0.737221  0.631519 0.0  0.850081  0.606905  0.876415  0.770393  0.767626  0.931914  0.681151  0.966600  0.873094  0.898440  0.840891  0.935710  0.585509  0.661744  0.772554  0.811711  0.647916  0.618298  0.769899  0.797833  0.842611  0.623844  0.612246  0.775307  0.769020 
6  0.818138  0.572227  0.684555  0.746095  0.868891  0.850081 0.0  0.769332  0.675533  0.523721  0.472029  0.448886  0.845496  0.652886  0.526218  0.584366  0.774611  0.442544  0.826089  0.857874  0.749108  0.639465  0.935615  0.920389  0.170392  0.437354  0.645316  0.957867  0.913005  0.575885  0.548057 
7  0.543907  0.670658  0.618803  0.325434  0.000000  0.606905  0.769332 0.0  0.760326  0.701129  0.755519  0.692015  0.411526  0.690515  0.745569  0.743156  0.665858  0.801367  0.477322  0.290778  0.206277  0.608504  0.521945  0.534947  0.785852  0.841946  0.778990  0.208002  0.346420  0.739397  0.772317 
8  0.858943  0.642902  0.663920  0.831361  0.796971  0.876415  0.675533  0.760326 0.0  0.542004  0.575851  0.653305  0.849119  0.526278  0.426990  0.614568  0.612970  0.688213  0.851818  0.710491  0.755985  0.618889  0.876377  0.897190  0.550409  0.337820  0.554790  0.775710  0.948381  0.380771  0.536200 
9  0.751660  0.485658  0.723496  0.738795  0.829461  0.770393  0.523721  0.701129  0.542004 0.0  0.576868  0.417137  0.689275  0.609990  0.587966  0.641013  0.631793  0.514271  0.863358  0.698864  0.740301  0.532656  0.842615  0.873569  0.441046  0.678729  0.588812  0.730451  0.780375  0.681878  0.507537 
10  0.766039  0.226664  0.627583  0.807290  0.789599  0.767626  0.472029  0.755519  0.575851  0.576868 0.0  0.360577  0.654517  0.499554  0.436035  0.507456  0.648363  0.608423  0.730368  0.826321  0.726752  0.517033  0.891553  0.791576  0.596311  0.576725  0.466930  0.754911  0.630064  0.532418  0.556768 
11  0.822921  0.363016  0.722039  0.775391  0.790566  0.931914  0.448886  0.692015  0.653305  0.417137  0.360577 0.0  0.708766  0.603724  0.410869  0.524611  0.665926  0.528255  0.757761  0.821223  0.902002  0.485858  0.743889  0.869010  0.452895  0.433872  0.608909  0.758152  0.821244  0.590457  0.480883 
12  0.216682  0.768228  0.662023  0.496385  0.682156  0.681151  0.845496  0.411526  0.849119  0.689275  0.654517  0.708766 0.0  0.718157  0.774847  0.966169  0.730452  0.818377  0.415056  0.527425  0.630832  0.806865  0.461987  0.329990  0.766271  0.878227  0.751816  0.591406  0.508188  0.795262  0.823624 
13  0.874624  0.567169  0.605094  0.797148  0.738704  0.966600  0.652886  0.690515  0.526278  0.609990  0.499554  0.603724  0.718157 0.0  0.603203  0.483707  0.520087  0.633407  0.827157  0.726289  0.696357  0.672410  0.706338  0.732400  0.659291  0.640910  0.496042  0.791884  0.747468  0.072801  0.163359 
14  0.683517  0.451239  0.770879  0.748835  0.882355  0.873094  0.526218  0.745569  0.426990  0.587966  0.436035  0.410869  0.774847  0.603203 0.0  0.498919  0.716029  0.552382  0.782692  0.833922  0.739757  0.705022  0.872974  0.913282  0.365029  0.345887  0.592549  0.800317  0.845492  0.524271  0.515838 
15  0.878053  0.720247  0.803250  0.848940  0.893818  0.898440  0.584366  0.743156  0.614568  0.641013  0.507456  0.524611  0.966169  0.483707  0.498919 0.0  0.751385  0.642080  0.864923  0.843698  0.837276  0.737838  0.980138  0.812346  0.527847  0.488474  0.683630  0.871240  0.824494  0.591602  0.563645 
16  0.674849  0.737582  0.242595  0.501578  0.618150  0.840891  0.774611  0.665858  0.612970  0.631793  0.648363  0.665926  0.730452  0.520087  0.716029  0.751385 0.0  0.748725  0.520870  0.638789  0.678493  0.516122  0.699298  0.774579  0.628553  0.623842  0.556465  0.662408  0.534469  0.589173  0.595439 
17  0.828489  0.688635  0.807206  0.872131  0.868911  0.935710  0.442544  0.801367  0.688213  0.514271  0.608423  0.528255  0.818377  0.633407  0.552382  0.642080  0.748725 0.0  0.893925  0.874124  0.713140  0.725682  0.869490  0.937237  0.521516  0.660947  0.631862  0.832164  0.882064  0.653703  0.592572 
18  0.399589  0.704025  0.589675  0.546169  0.503406  0.585509  0.826089  0.477322  0.851818  0.863358  0.730368  0.757761  0.415056  0.827157  0.782692  0.864923  0.520870  0.893925 0.0  0.316428  0.490487  0.726329  0.394740  0.573190  0.851233  0.883758  0.758168  0.331561  0.284412  0.821858  0.817405 
19  0.435698  0.855045  0.614708  0.396858  0.370475  0.661744  0.857874  0.290778  0.710491  0.698864  0.826321  0.821223  0.527425  0.726289  0.833922  0.843698  0.638789  0.874124  0.316428 0.0  0.356557  0.633027  0.514223  0.570702  0.893676  0.804814  0.639976  0.229039  0.241311  0.855028  0.841652 
20  0.490148  0.761508  0.654184  0.335377  0.099678  0.772554  0.749108  0.206277  0.755985  0.740301  0.726752  0.902002  0.630832  0.696357  0.739757  0.837276  0.678493  0.713140  0.490487  0.356557 0.0  0.776659  0.581550  0.648410  0.810331  0.755278  0.790212  0.384283  0.502237  0.834262  0.610062 
21  0.793987  0.515420  0.613017  0.685888  0.749575  0.811711  0.639465  0.608504  0.618889  0.532656  0.517033  0.485858  0.806865  0.672410  0.705022  0.737838  0.516122  0.725682  0.726329  0.633027  0.776659 0.0  0.777848  0.819817  0.729788  0.638247  0.291401  0.602407  0.720376  0.450549  0.444772 
22  0.545786  0.801728  0.596092  0.471554  0.410826  0.647916  0.935615  0.521945  0.876377  0.842615  0.891553  0.743889  0.461987  0.706338  0.872974  0.980138  0.699298  0.869490  0.394740  0.514223  0.581550  0.777848 0.0  0.572916  0.833068  0.812419  0.691068  0.599269  0.412507  0.658405  0.764269 
23  0.331987  0.785004  0.856182  0.664987  0.564914  0.618298  0.920389  0.534947  0.897190  0.873569  0.791576  0.869010  0.329990  0.732400  0.913282  0.812346  0.774579  0.937237  0.573190  0.570702  0.648410  0.819817  0.572916 0.0  1.000000  0.908558  0.806733  0.537895  0.580060  0.915850  0.744310 
24  0.769202  0.588318  0.781358  0.801928  0.798329  0.769899  0.170392  0.785852  0.550409  0.441046  0.596311  0.452895  0.766271  0.659291  0.365029  0.527847  0.628553  0.521516  0.851233  0.893676  0.810331  0.729788  0.833068  1.000000 0.0  0.618900  0.646145  0.779676  0.828537  0.628220  0.604625 
25  0.750012  0.585605  0.742455  0.655513  0.832577  0.797833  0.437354  0.841946  0.337820  0.678729  0.576725  0.433872  0.878227  0.640910  0.345887  0.488474  0.623842  0.660947  0.883758  0.804814  0.755278  0.638247  0.812419  0.908558  0.618900 0.0  0.679491  0.691365  0.770014  0.604739  0.596803 
26  0.772902  0.355915  0.596307  0.709526  0.668140  0.842611  0.645316  0.778990  0.554790  0.588812  0.466930  0.608909  0.751816  0.496042  0.592549  0.683630  0.556465  0.631862  0.758168  0.639976  0.790212  0.291401  0.691068  0.806733  0.646145  0.679491 0.0  0.605353  0.729700  0.549615  0.472042 
27  0.477949  0.847143  0.677216  0.343763  0.223507  0.623844  0.957867  0.208002  0.775710  0.730451  0.754911  0.758152  0.591406  0.791884  0.800317  0.871240  0.662408  0.832164  0.331561  0.229039  0.384283  0.602407  0.599269  0.537895  0.779676  0.691365  0.605353 0.0  0.324912  0.783686  0.753338 
28  0.411862  0.671915  0.709555  0.468533  0.397320  0.612246  0.913005  0.346420  0.948381  0.780375  0.630064  0.821244  0.508188  0.747468  0.845492  0.824494  0.534469  0.882064  0.284412  0.241311  0.502237  0.720376  0.412507  0.580060  0.828537  0.770014  0.729700  0.324912 0.0  0.810922  0.773536 
29  0.724037  0.471052  0.636298  0.679155  0.797684  0.775307  0.575885  0.739397  0.380771  0.681878  0.532418  0.590457  0.795262  0.072801  0.524271  0.591602  0.589173  0.653703  0.821858  0.855028  0.834262  0.450549  0.658405  0.915850  0.628220  0.604739  0.549615  0.783686  0.810922 0.0  0.269632 
30  0.891530  0.415274  0.632467  0.756559  0.815684  0.769020  0.548057  0.772317  0.536200  0.507537  0.556768  0.480883  0.823624  0.163359  0.515838  0.563645  0.595439  0.592572  0.817405  0.841652  0.610062  0.444772  0.764269  0.744310  0.604625  0.596803  0.472042  0.753338  0.773536  0.269632 0.0 
