60
0 0.0  0.642211  0.804836  0.349205  0.626244  0.570680  0.738561  0.403990  0.321768  0.677688  0.644983  0.613055  0.573619  0.329314  0.412691  0.655293  0.827360  0.764575  0.304982  0.710125  0.760261  0.526294  0.547703  0.613458  0.733917  0.343370  0.475182  0.501625  0.655445  0.428240  0.557607  0.739740  0.456869  0.380788  0.511601  0.713350  0.493650  0.482915  0.685386  0.647868  0.723927  0.716960  0.730018  0.285539  0.463510  0.577375  0.410096  0.667440  0.565507  0.685468  0.396305  0.741423  0.355443  0.340077  0.703339  0.593898  0.476509  0.464554  0.649700  0.737801 
1  0.642211 0.0  0.584755  0.503397  0.543193  0.401891  0.479641  0.414551  0.575788  0.602431  0.683083  0.561697  0.673245  0.619111  0.447359  0.635210  0.951297  0.696906  0.557824  0.683239  0.693266  0.577874  0.665085  0.328221  0.873141  0.620172  0.598402  0.711016  0.560144  0.728911  0.525588  0.433985  0.671085  0.528642  0.591284  0.513015  0.668107  0.648611  0.567510  0.594329  0.629917  0.664254  0.609041  0.477054  0.702714  0.513416  0.595497  0.553951  0.573059  0.521112  0.615709  0.579030  0.673044  0.684549  0.465545  0.508003  0.660775  0.575373  0.199303  0.672548 
2  0.804836  0.584755 0.0  0.770956  0.762969  0.672360  0.619161  0.747074  0.688306  0.608694  0.781564  0.599114  0.777819  0.685911  0.725414  0.381628  0.789242  0.359204  0.795554  0.846514  0.411740  0.842167  0.709601  0.574213  0.760731  0.807570  0.859479  0.841468  0.429512  0.679850  0.692213  0.489844  0.691530  0.639473  0.778434  0.449580  0.703813  0.702398  0.721438  0.727287  0.440868  0.766483  0.592641  0.815938  0.679360  0.489176  0.767028  0.715390  0.641821  0.555131  0.682925  0.489787  0.738248  0.674383  0.564256  0.648695  0.809521  0.772308  0.607279  0.544554 
3  0.349205  0.503397  0.770956 0.0  0.513846  0.492357  0.590261  0.428536  0.346709  0.569185  0.548220  0.677608  0.509421  0.382640  0.319590  0.702234  0.772025  0.717047  0.457968  0.733777  0.880283  0.490831  0.459659  0.593683  0.793399  0.451734  0.465859  0.668459  0.769133  0.455718  0.593321  0.655242  0.529413  0.463088  0.354419  0.684381  0.493296  0.517398  0.481722  0.747310  0.771475  0.785069  0.577880  0.117367  0.432191  0.710641  0.527765  0.493637  0.610890  0.751280  0.375136  0.630537  0.232210  0.540994  0.709703  0.536625  0.437446  0.409206  0.491288  0.625586 
4  0.626244  0.543193  0.762969  0.513846 0.0  0.571791  0.695703  0.650425  0.625287  0.615468  0.435173  0.570055  0.304434  0.530521  0.549559  0.744961  0.854080  0.670835  0.527431  0.606389  0.783647  0.393666  0.378371  0.459938  0.796991  0.675652  0.633027  0.658570  0.750035  0.424583  0.673722  0.671732  0.544485  0.588862  0.519673  0.734136  0.565321  0.635385  0.492570  0.583894  0.759535  0.715583  0.449918  0.561336  0.652329  0.722031  0.670987  0.486313  0.564458  0.532102  0.656528  0.748560  0.539972  0.530695  0.524902  0.491705  0.528556  0.621547  0.636357  0.637788 
5  0.570680  0.401891  0.672360  0.492357  0.571791 0.0  0.555115  0.374251  0.589128  0.630881  0.554883  0.575693  0.605274  0.675200  0.290738  0.601349  0.837260  0.573474  0.580967  0.645925  0.686396  0.523188  0.515125  0.427016  0.813684  0.531806  0.718328  0.571934  0.642067  0.535558  0.454423  0.693390  0.533673  0.539054  0.329898  0.726281  0.535932  0.638171  0.667418  0.704120  0.663387  0.679691  0.494554  0.462787  0.578313  0.658681  0.677788  0.516816  0.475475  0.632954  0.520698  0.792792  0.439182  0.645311  0.686923  0.430215  0.630383  0.633697  0.417411  0.540098 
6  0.738561  0.479641  0.619161  0.590261  0.695703  0.555115 0.0  0.547848  0.690068  0.650589  0.644884  0.534720  0.675267  0.575830  0.641597  0.675385  0.927178  0.646626  0.700393  0.809076  0.613588  0.817208  0.691842  0.509416  0.797119  0.632281  0.711154  0.632951  0.596257  0.637104  0.636930  0.483634  0.695054  0.591750  0.671803  0.616428  0.671390  0.718490  0.750797  0.735234  0.547512  0.637962  0.558163  0.536716  0.654026  0.538821  0.740561  0.671355  0.608900  0.622275  0.540732  0.632087  0.674724  0.700048  0.643691  0.712636  0.751669  0.785106  0.504655  0.762928 
7  0.403990  0.414551  0.747074  0.428536  0.650425  0.374251  0.547848 0.0  0.426532  0.621897  0.668042  0.560409  0.551063  0.579184  0.264111  0.673297  0.869404  0.562556  0.556296  0.668249  0.684166  0.576114  0.564972  0.411449  0.858601  0.446206  0.627447  0.604414  0.755389  0.530514  0.369537  0.721892  0.611582  0.334693  0.543328  0.703973  0.529486  0.689904  0.674959  0.600570  0.727706  0.724930  0.528741  0.448773  0.517758  0.561221  0.514899  0.412866  0.536142  0.642635  0.456204  0.820847  0.395984  0.486516  0.579308  0.609537  0.638575  0.493586  0.515057  0.676786 
8  0.321768  0.575788  0.688306  0.346709  0.625287  0.589128  0.690068  0.426532 0.0  0.571083  0.549062  0.663326  0.552312  0.310133  0.520915  0.817337  0.864990  0.626395  0.355968  0.626851  0.768649  0.602925  0.490661  0.604747  0.795167  0.418141  0.468988  0.612153  0.745475  0.342831  0.623546  0.704804  0.502246  0.502813  0.406333  0.572831  0.377097  0.595499  0.713508  0.690893  0.708152  0.655038  0.668038  0.252124  0.467651  0.687378  0.429078  0.555783  0.587389  0.600524  0.423468  0.737498  0.185995  0.429063  0.758434  0.603883  0.348860  0.204257  0.533539  0.686124 
9  0.677688  0.602431  0.608694  0.569185  0.615468  0.630881  0.650589  0.621897  0.571083 0.0  0.567476  0.494140  0.646766  0.757981  0.530705  0.691853  0.914286  0.642909  0.609679  0.580483  0.689108  0.584157  0.689697  0.504467  0.778964  0.756411  0.788211  0.658709  0.421737  0.644236  0.550992  0.584667  0.639023  0.626930  0.690549  0.341286  0.713371  0.778434  0.670314  0.544546  0.633039  0.723501  0.431986  0.585745  0.778912  0.507635  0.705111  0.558071  0.488268  0.537804  0.670218  0.712312  0.681239  0.675590  0.433264  0.498106  0.680178  0.621149  0.465865  0.454673 
10  0.644983  0.683083  0.781564  0.548220  0.435173  0.554883  0.644884  0.668042  0.549062  0.567476 0.0  0.626769  0.363171  0.558875  0.643808  0.859067  0.806003  0.696106  0.691433  0.303768  0.798317  0.651536  0.500206  0.715263  0.915284  0.634036  0.661280  0.659697  0.772516  0.528392  0.675375  0.695386  0.681534  0.696285  0.461594  0.681734  0.606610  0.653314  0.481927  0.680770  0.715016  0.711898  0.635924  0.549480  0.669434  0.755453  0.689629  0.365873  0.525274  0.752131  0.677383  0.745054  0.740329  0.618795  0.732898  0.635933  0.674364  0.537227  0.681388  0.588736 
11  0.613055  0.561697  0.599114  0.677608  0.570055  0.575693  0.534720  0.560409  0.663326  0.494140  0.626769 0.0  0.680958  0.616030  0.618659  0.516070  0.805855  0.647554  0.699627  0.671144  0.539361  0.622858  0.591691  0.441707  0.911338  0.641597  0.724451  0.767601  0.505475  0.647286  0.692786  0.404007  0.601510  0.621603  0.714886  0.553108  0.706688  0.608074  0.728166  0.666500  0.520648  0.716241  0.636746  0.613827  0.715879  0.303703  0.699564  0.672781  0.557465  0.444186  0.668500  0.710752  0.618210  0.639673  0.654730  0.575262  0.759250  0.674875  0.468704  0.432778 
12  0.573619  0.673245  0.777819  0.509421  0.304434  0.605274  0.675267  0.551063  0.552312  0.646766  0.363171  0.680958 0.0  0.635208  0.558123  0.685507  0.963370  0.724217  0.618966  0.525818  0.693424  0.466415  0.298418  0.623827  0.903240  0.518588  0.648505  0.688412  0.740984  0.486220  0.587696  0.672087  0.596906  0.672279  0.521898  0.640166  0.424344  0.532849  0.541828  0.550468  0.684325  0.570764  0.477574  0.557115  0.648237  0.769656  0.610460  0.462706  0.403886  0.636833  0.729991  0.830136  0.609184  0.560495  0.629908  0.380397  0.634885  0.525274  0.599930  0.583230 
13  0.329314  0.619111  0.685911  0.382640  0.530521  0.675200  0.575830  0.579184  0.310133  0.757981  0.558875  0.616030  0.635208 0.0  0.477603  0.787178  0.827384  0.673354  0.230359  0.572158  0.715842  0.460486  0.511511  0.627485  0.912679  0.341809  0.423571  0.637489  0.775877  0.333744  0.601451  0.764922  0.400605  0.500758  0.392410  0.649603  0.283529  0.570646  0.585778  0.707680  0.854283  0.769620  0.544489  0.362124  0.335722  0.699738  0.367219  0.559306  0.533910  0.709233  0.155610  0.721741  0.376792  0.395403  0.636493  0.655263  0.300282  0.361944  0.629935  0.776675 
14  0.412691  0.447359  0.725414  0.319590  0.549559  0.290738  0.641597  0.264111  0.520915  0.530705  0.643808  0.618659  0.558123  0.477603 0.0  0.755258  0.888326  0.665464  0.467177  0.683194  0.663578  0.434228  0.381890  0.574648  0.822737  0.472327  0.638271  0.687947  0.641409  0.457904  0.401495  0.681088  0.522669  0.386434  0.402385  0.629977  0.534205  0.568309  0.734025  0.771010  0.834194  0.693119  0.490577  0.303611  0.541341  0.747859  0.478551  0.394710  0.475818  0.646326  0.632862  0.709084  0.388717  0.487627  0.776911  0.615986  0.510058  0.609295  0.442823  0.677093 
15  0.655293  0.635210  0.381628  0.702234  0.744961  0.601349  0.675385  0.673297  0.817337  0.691853  0.859067  0.516070  0.685507  0.787178  0.755258 0.0  0.829809  0.440091  0.755774  0.822202  0.370321  0.783810  0.727377  0.610242  0.658713  0.683163  0.768277  0.809972  0.584361  0.812244  0.583286  0.614018  0.745030  0.692408  0.813667  0.654612  0.823633  0.749847  0.733985  0.742550  0.445448  0.736283  0.671583  0.732865  0.801637  0.685044  0.768075  0.834247  0.647401  0.521301  0.699340  0.384411  0.703664  0.764517  0.546454  0.660883  0.699746  0.675774  0.661530  0.426975 
16  0.827360  0.951297  0.789242  0.772025  0.854080  0.837260  0.927178  0.869404  0.864990  0.914286  0.806003  0.805855  0.963370  0.827384  0.888326  0.829809 0.0  0.702471  0.848500  0.757158  0.682288  0.878309  0.732275  0.793122  0.512177  0.866875  0.855266  0.792324  0.852260  0.823447  0.800204  0.754131  0.880490  0.836930  0.861576  0.908554  0.913246  0.907173  0.743374  0.864649  0.640907  0.684204  0.676221  0.858708  0.941790  0.704167  0.824059  0.748824  0.938918  0.753921  0.731637  0.725502  0.875642  0.911732  0.844769  0.752390  0.849963  1.000000  0.786094  0.792248 
17  0.764575  0.696906  0.359204  0.717047  0.670835  0.573474  0.646626  0.562556  0.626395  0.642909  0.696106  0.647554  0.724217  0.673354  0.665464  0.440091  0.702471 0.0  0.678343  0.714680  0.433892  0.634064  0.632041  0.587642  0.713333  0.760482  0.713160  0.798168  0.479927  0.688059  0.707373  0.346150  0.695915  0.757197  0.755569  0.607778  0.712497  0.773015  0.737122  0.603565  0.429774  0.741582  0.681078  0.746564  0.708138  0.565671  0.716327  0.748410  0.618956  0.445720  0.750006  0.529093  0.710577  0.704460  0.529479  0.634802  0.713125  0.675064  0.619319  0.614919 
18  0.304982  0.557824  0.795554  0.457968  0.527431  0.580967  0.700393  0.556296  0.355968  0.609679  0.691433  0.699627  0.618966  0.230359  0.467177  0.755774  0.848500  0.678343 0.0  0.660727  0.718947  0.494221  0.727948  0.590096  0.855878  0.296568  0.452851  0.601010  0.684778  0.420540  0.647843  0.804332  0.472780  0.515410  0.390957  0.732196  0.373403  0.426541  0.760668  0.697073  0.627586  0.707768  0.718457  0.376639  0.446447  0.706133  0.255066  0.593236  0.640067  0.766505  0.189465  0.796732  0.346200  0.284385  0.706780  0.615013  0.310955  0.357905  0.721974  0.797537 
19  0.710125  0.683239  0.846514  0.733777  0.606389  0.645925  0.809076  0.668249  0.626851  0.580483  0.303768  0.671144  0.525818  0.572158  0.683194  0.822202  0.757158  0.714680  0.660727 0.0  0.774604  0.576054  0.617326  0.904670  0.885537  0.492835  0.724566  0.711717  0.668834  0.736932  0.733962  0.656806  0.638777  0.620811  0.557902  0.707267  0.650706  0.732285  0.200661  0.619582  0.784622  0.595562  0.585437  0.592932  0.615985  0.675361  0.755440  0.592789  0.682858  0.719842  0.545826  0.746273  0.615239  0.605401  0.651811  0.468053  0.800005  0.650949  0.600285  0.661342 
20  0.760261  0.693266  0.411740  0.880283  0.783647  0.686396  0.613588  0.684166  0.768649  0.689108  0.798317  0.539361  0.693424  0.715842  0.663578  0.370321  0.682288  0.433892  0.718947  0.774604 0.0  0.675799  0.776338  0.658626  0.738877  0.855498  0.738391  0.864805  0.609172  0.827889  0.769750  0.463379  0.760735  0.735749  0.687677  0.430837  0.722931  0.833810  0.740059  0.645558  0.469443  0.723901  0.654556  0.809381  0.845976  0.636029  0.699257  0.738931  0.673734  0.540407  0.790417  0.394420  0.770058  0.799570  0.631979  0.595248  0.777133  0.808438  0.721075  0.600500 
21  0.526294  0.577874  0.842167  0.490831  0.393666  0.523188  0.817208  0.576114  0.602925  0.584157  0.651536  0.622858  0.466415  0.460486  0.434228  0.783810  0.878309  0.634064  0.494221  0.576054  0.675799 0.0  0.409116  0.646572  0.894588  0.611699  0.497135  0.564726  0.728571  0.359388  0.577042  0.758844  0.342048  0.489965  0.459073  0.651911  0.321216  0.551563  0.575889  0.750524  0.748452  0.723406  0.712158  0.356893  0.505241  0.741466  0.460077  0.550847  0.632924  0.757580  0.497295  0.793991  0.495709  0.536727  0.699489  0.550491  0.361071  0.296356  0.659490  0.674357 
22  0.547703  0.665085  0.709601  0.459659  0.378371  0.515125  0.691842  0.564972  0.490661  0.689697  0.500206  0.591691  0.298418  0.511511  0.381890  0.727377  0.732275  0.632041  0.727948  0.617326  0.776338  0.409116 0.0  0.692390  0.780945  0.592316  0.619194  0.593093  0.693724  0.328465  0.599211  0.705587  0.534275  0.573325  0.390285  0.731969  0.478974  0.574312  0.576129  0.572465  0.667419  0.671875  0.607827  0.494775  0.594650  0.665340  0.550645  0.337586  0.427835  0.637710  0.456586  0.783082  0.465804  0.520757  0.706257  0.606175  0.573014  0.396801  0.531425  0.680647 
23  0.613458  0.328221  0.574213  0.593683  0.459938  0.427016  0.509416  0.411449  0.604747  0.504467  0.715263  0.441707  0.623827  0.627485  0.574648  0.610242  0.793122  0.587642  0.590096  0.904670  0.658626  0.646572  0.692390 0.0  0.906946  0.670865  0.682137  0.780698  0.634478  0.677810  0.653486  0.495966  0.682634  0.570995  0.651408  0.480467  0.709449  0.701603  0.687045  0.716692  0.597468  0.661046  0.594497  0.616371  0.675947  0.459501  0.639123  0.595558  0.487316  0.539848  0.785224  0.650859  0.654402  0.658193  0.489075  0.483779  0.708061  0.663202  0.200617  0.494574 
24  0.733917  0.873141  0.760731  0.793399  0.796991  0.813684  0.797119  0.858601  0.795167  0.778964  0.915284  0.911338  0.903240  0.912679  0.822737  0.658713  0.512177  0.713333  0.855878  0.885537  0.738877  0.894588  0.780945  0.906946 0.0  0.767497  0.791005  0.804029  0.814646  0.895162  0.788364  0.661905  0.771278  0.852761  0.752284  0.779966  0.902731  0.924735  0.792495  0.824304  0.663548  0.674700  0.773803  0.781964  0.934147  0.793674  0.754169  0.840592  0.802113  0.819516  0.765231  0.652807  0.864407  0.817983  0.724469  0.784037  0.843363  0.866827  0.865008  0.775551 
25  0.343370  0.620172  0.807570  0.451734  0.675652  0.531806  0.632281  0.446206  0.418141  0.756411  0.634036  0.641597  0.518588  0.341809  0.472327  0.683163  0.866875  0.760482  0.296568  0.492835  0.855498  0.611699  0.592316  0.670865  0.767497 0.0  0.451922  0.580610  0.643609  0.521799  0.515647  0.796356  0.533508  0.398930  0.512875  0.741196  0.426857  0.400288  0.702293  0.720928  0.789596  0.789680  0.524303  0.356183  0.455847  0.701112  0.305024  0.527134  0.625139  0.707864  0.332092  0.808124  0.391993  0.246695  0.712383  0.624858  0.378869  0.419630  0.520176  0.718717 
26  0.475182  0.598402  0.859479  0.465859  0.633027  0.718328  0.711154  0.627447  0.468988  0.788211  0.661280  0.724451  0.648505  0.423571  0.638271  0.768277  0.855266  0.713160  0.452851  0.724566  0.738391  0.497135  0.619194  0.682137  0.791005  0.451922 0.0  0.318678  0.637589  0.586502  0.600827  0.790195  0.542459  0.499452  0.484490  0.785278  0.477650  0.201880  0.750405  0.698726  0.781682  0.759054  0.686655  0.525759  0.429621  0.707462  0.306052  0.661230  0.718636  0.668299  0.481720  0.748193  0.397019  0.251659  0.702807  0.710838  0.498359  0.543621  0.803319  0.854883 
27  0.501625  0.711016  0.841468  0.668459  0.658570  0.571934  0.632951  0.604414  0.612153  0.658709  0.659697  0.767601  0.688412  0.637489  0.687947  0.809972  0.792324  0.798168  0.601010  0.711717  0.864805  0.564726  0.593093  0.780698  0.804029  0.580610  0.318678 0.0  0.743736  0.551309  0.653856  0.717732  0.538603  0.664935  0.661249  0.670459  0.582740  0.331836  0.744344  0.843040  0.774689  0.666102  0.753301  0.600753  0.421716  0.773948  0.448693  0.718503  0.682137  0.690365  0.482712  0.856352  0.698483  0.565538  0.841500  0.723314  0.530182  0.529258  0.679574  0.728884 
28  0.655445  0.560144  0.429512  0.769133  0.750035  0.642067  0.596257  0.755389  0.745475  0.421737  0.772516  0.505475  0.740984  0.775877  0.641409  0.584361  0.852260  0.479927  0.684778  0.668834  0.609172  0.728571  0.693724  0.634478  0.814646  0.643609  0.637589  0.743736 0.0  0.752093  0.700556  0.614072  0.721446  0.661712  0.582371  0.360184  0.646568  0.888501  0.671897  0.563075  0.700433  0.779680  0.638709  0.671602  0.844559  0.488817  0.681877  0.537196  0.692204  0.331615  0.736902  0.639945  0.672277  0.828485  0.190523  0.634641  0.715181  0.720113  0.615478  0.435745 
29  0.428240  0.728911  0.679850  0.455718  0.424583  0.535558  0.637104  0.530514  0.342831  0.644236  0.528392  0.647286  0.486220  0.333744  0.457904  0.812244  0.823447  0.688059  0.420540  0.736932  0.827889  0.359388  0.328465  0.677810  0.895162  0.521799  0.586502  0.551309  0.752093 0.0  0.627818  0.755712  0.336839  0.593255  0.312901  0.738854  0.345793  0.592901  0.512744  0.611917  0.681569  0.828554  0.565147  0.401455  0.561255  0.632341  0.538584  0.474195  0.471002  0.607342  0.473654  0.777352  0.358316  0.376353  0.619223  0.709842  0.438687  0.221422  0.578896  0.760233 
30  0.557607  0.525588  0.692213  0.593321  0.673722  0.454423  0.636930  0.369537  0.623546  0.550992  0.675375  0.692786  0.587696  0.601451  0.401495  0.583286  0.800204  0.707373  0.647843  0.733962  0.769750  0.577042  0.599211  0.653486  0.788364  0.515647  0.600827  0.653856  0.700556  0.627818 0.0  0.604385  0.599603  0.323013  0.595835  0.581666  0.546591  0.706776  0.682749  0.768949  0.623493  0.840390  0.564746  0.713588  0.543035  0.729940  0.577962  0.659519  0.641727  0.602916  0.730640  0.687557  0.532808  0.574533  0.630466  0.630894  0.647815  0.506562  0.616639  0.789169 
31  0.739740  0.433985  0.489844  0.655242  0.671732  0.693390  0.483634  0.721892  0.704804  0.584667  0.695386  0.404007  0.672087  0.764922  0.681088  0.614018  0.754131  0.346150  0.804332  0.656806  0.463379  0.758844  0.705587  0.495966  0.661905  0.796356  0.790195  0.717732  0.614072  0.755712  0.604385 0.0  0.792626  0.712202  0.771543  0.491349  0.774556  0.763666  0.770306  0.759538  0.380578  0.762462  0.618866  0.698495  0.680071  0.404451  0.722369  0.720616  0.713137  0.464783  0.761543  0.462402  0.676610  0.796959  0.584376  0.635369  0.758016  0.708509  0.501320  0.662336 
32  0.456869  0.671085  0.691530  0.529413  0.544485  0.533673  0.695054  0.611582  0.502246  0.639023  0.681534  0.601510  0.596906  0.400605  0.522669  0.745030  0.880490  0.695915  0.472780  0.638777  0.760735  0.342048  0.534275  0.682634  0.771278  0.533508  0.542459  0.538603  0.721446  0.336839  0.599603  0.792626 0.0  0.585057  0.461771  0.740257  0.348418  0.506362  0.659730  0.695669  0.789402  0.791571  0.695527  0.464361  0.454703  0.758108  0.457419  0.562691  0.627184  0.661989  0.449191  0.773785  0.463725  0.544688  0.719426  0.658396  0.540305  0.241399  0.794322  0.664951 
33  0.380788  0.528642  0.639473  0.463088  0.588862  0.539054  0.591750  0.334693  0.502813  0.626930  0.696285  0.621603  0.672279  0.500758  0.386434  0.692408  0.836930  0.757197  0.515410  0.620811  0.735749  0.489965  0.573325  0.570995  0.852761  0.398930  0.499452  0.664935  0.661712  0.593255  0.323013  0.712202  0.585057 0.0  0.543275  0.641050  0.482401  0.614648  0.684766  0.694424  0.702375  0.749670  0.694953  0.535768  0.699138  0.636645  0.531199  0.612612  0.535598  0.677382  0.478762  0.624215  0.537669  0.485890  0.622379  0.546394  0.508520  0.576244  0.652129  0.695492 
34  0.511601  0.591284  0.778434  0.354419  0.519673  0.329898  0.671803  0.543328  0.406333  0.690549  0.461594  0.714886  0.521898  0.392410  0.402385  0.813667  0.861576  0.755569  0.390957  0.557902  0.687677  0.459073  0.390285  0.651408  0.752284  0.512875  0.484490  0.661249  0.582371  0.312901  0.595835  0.771543  0.461771  0.543275 0.0  0.557216  0.549051  0.529734  0.647395  0.582397  0.867012  0.744340  0.535395  0.421676  0.512720  0.632943  0.524496  0.471668  0.529162  0.697057  0.493526  0.862282  0.421941  0.424539  0.702274  0.579309  0.427078  0.274694  0.585231  0.705340 
35  0.713350  0.513015  0.449580  0.684381  0.734136  0.726281  0.616428  0.703973  0.572831  0.341286  0.681734  0.553108  0.640166  0.649603  0.629977  0.654612  0.908554  0.607778  0.732196  0.707267  0.430837  0.651911  0.731969  0.480467  0.779966  0.741196  0.785278  0.670459  0.360184  0.738854  0.581666  0.491349  0.740257  0.641050  0.557216 0.0  0.732300  0.761137  0.728392  0.559552  0.589314  0.767595  0.712597  0.734021  0.850535  0.439070  0.781814  0.651972  0.551656  0.311626  0.731622  0.525141  0.759577  0.587764  0.248701  0.623061  0.674192  0.719510  0.485660  0.394903 
36  0.493650  0.668107  0.703813  0.493296  0.565321  0.535932  0.671390  0.529486  0.377097  0.713371  0.606610  0.706688  0.424344  0.283529  0.534205  0.823633  0.913246  0.712497  0.373403  0.650706  0.722931  0.321216  0.478974  0.709449  0.902731  0.426857  0.477650  0.582740  0.646568  0.345793  0.546591  0.774556  0.348418  0.482401  0.549051  0.732300 0.0  0.505641  0.580222  0.650646  0.813148  0.733531  0.617690  0.457143  0.516411  0.656884  0.528160  0.504426  0.597352  0.627162  0.393940  0.747850  0.461372  0.453694  0.796767  0.625810  0.409589  0.192982  0.719929  0.706528 
37  0.482915  0.648611  0.702398  0.517398  0.635385  0.638171  0.718490  0.689904  0.595499  0.778434  0.653314  0.608074  0.532849  0.570646  0.568309  0.749847  0.907173  0.773015  0.426541  0.732285  0.833810  0.551563  0.574312  0.701603  0.924735  0.400288  0.201880  0.331836  0.888501  0.592901  0.706776  0.763666  0.506362  0.614648  0.529734  0.761137  0.505641 0.0  0.745991  0.687526  0.736718  0.773102  0.665387  0.498126  0.292764  0.818144  0.349654  0.602769  0.656891  0.725834  0.359433  0.742695  0.549094  0.307916  0.708531  0.689091  0.381134  0.534993  0.662209  0.805368 
38  0.685386  0.567510  0.721438  0.481722  0.492570  0.667418  0.750797  0.674959  0.713508  0.670314  0.481927  0.728166  0.541828  0.585778  0.734025  0.733985  0.743374  0.737122  0.760668  0.200661  0.740059  0.575889  0.576129  0.687045  0.792495  0.702293  0.750405  0.744344  0.671897  0.512744  0.682749  0.770306  0.659730  0.684766  0.647395  0.728392  0.580222  0.745991 0.0  0.615443  0.818048  0.659026  0.604275  0.670221  0.642425  0.675823  0.662190  0.574257  0.620608  0.659338  0.714475  0.857783  0.766201  0.620622  0.615874  0.576628  0.612849  0.514620  0.672139  0.732147 
39  0.647868  0.594329  0.727287  0.747310  0.583894  0.704120  0.735234  0.600570  0.690893  0.544546  0.680770  0.666500  0.550468  0.707680  0.771010  0.742550  0.864649  0.603565  0.697073  0.619582  0.645558  0.750524  0.572465  0.716692  0.824304  0.720928  0.698726  0.843040  0.563075  0.611917  0.768949  0.759538  0.695669  0.694424  0.582397  0.559552  0.650646  0.687526  0.615443 0.0  0.819021  0.544404  0.510565  0.723994  0.695001  0.636968  0.713806  0.526694  0.679235  0.713735  0.632195  0.768232  0.610810  0.739264  0.587165  0.533945  0.732413  0.564274  0.677961  0.619675 
40  0.723927  0.629917  0.440868  0.771475  0.759535  0.663387  0.547512  0.727706  0.708152  0.633039  0.715016  0.520648  0.684325  0.854283  0.834194  0.445448  0.640907  0.429774  0.627586  0.784622  0.469443  0.748452  0.667419  0.597468  0.663548  0.789596  0.781682  0.774689  0.700433  0.681569  0.623493  0.380578  0.789402  0.702375  0.867012  0.589314  0.813148  0.736718  0.818048  0.819021 0.0  0.813748  0.700636  0.797000  0.838941  0.438283  0.733774  0.675273  0.756062  0.512226  0.722321  0.586362  0.759680  0.792794  0.557537  0.699548  0.840256  0.799654  0.620564  0.577440 
41  0.716960  0.664254  0.766483  0.785069  0.715583  0.679691  0.637962  0.724930  0.655038  0.723501  0.711898  0.716241  0.570764  0.769620  0.693119  0.736283  0.684204  0.741582  0.707768  0.595562  0.723901  0.723406  0.671875  0.661046  0.674700  0.789680  0.759054  0.666102  0.779680  0.828554  0.840390  0.762462  0.791571  0.749670  0.744340  0.767595  0.733531  0.773102  0.659026  0.544404  0.813748 0.0  0.735987  0.794295  0.724425  0.738148  0.671998  0.744199  0.629376  0.668803  0.760696  0.678337  0.635567  0.689292  0.740708  0.635720  0.640094  0.724319  0.836792  0.765159 
42  0.730018  0.609041  0.592641  0.577880  0.449918  0.494554  0.558163  0.528741  0.668038  0.431986  0.635924  0.636746  0.477574  0.544489  0.490577  0.671583  0.676221  0.681078  0.718457  0.585437  0.654556  0.712158  0.607827  0.594497  0.773803  0.524303  0.686655  0.753301  0.638709  0.565147  0.564746  0.618866  0.695527  0.694953  0.535395  0.712597  0.617690  0.665387  0.604275  0.510565  0.700636  0.735987 0.0  0.583146  0.681263  0.624340  0.592090  0.445612  0.298077  0.570361  0.637017  0.578579  0.498653  0.561000  0.636098  0.000000  0.694937  0.545778  0.511902  0.610904 
43  0.285539  0.477054  0.815938  0.117367  0.561336  0.462787  0.536716  0.448773  0.252124  0.585745  0.549480  0.613827  0.557115  0.362124  0.303611  0.732865  0.858708  0.746564  0.376639  0.592932  0.809381  0.356893  0.494775  0.616371  0.781964  0.356183  0.525759  0.600753  0.671602  0.401455  0.713588  0.698495  0.464361  0.535768  0.421676  0.734021  0.457143  0.498126  0.670221  0.723994  0.797000  0.794295  0.583146 0.0  0.451253  0.513383  0.382911  0.483663  0.439934  0.784687  0.375118  0.776976  0.166026  0.360777  0.718789  0.569785  0.368934  0.328412  0.572808  0.606943 
44  0.463510  0.702714  0.679360  0.432191  0.652329  0.578313  0.654026  0.517758  0.467651  0.778912  0.669434  0.715879  0.648237  0.335722  0.541341  0.801637  0.941790  0.708138  0.446447  0.615985  0.845976  0.505241  0.594650  0.675947  0.934147  0.455847  0.429621  0.421716  0.844559  0.561255  0.543035  0.680071  0.454703  0.699138  0.512720  0.850535  0.516411  0.292764  0.642425  0.695001  0.838941  0.724425  0.681263  0.451253 0.0  0.724712  0.230397  0.530668  0.663878  0.699897  0.336426  0.794006  0.417802  0.335105  0.626569  0.594351  0.272833  0.423391  0.708600  0.689933 
45  0.577375  0.513416  0.489176  0.710641  0.722031  0.658681  0.538821  0.561221  0.687378  0.507635  0.755453  0.303703  0.769656  0.699738  0.747859  0.685044  0.704167  0.565671  0.706133  0.675361  0.636029  0.741466  0.665340  0.459501  0.793674  0.701112  0.707462  0.773948  0.488817  0.632341  0.729940  0.404451  0.758108  0.636645  0.632943  0.439070  0.656884  0.818144  0.675823  0.636968  0.438283  0.738148  0.624340  0.513383  0.724712 0.0  0.795319  0.600686  0.580412  0.269430  0.711374  0.581094  0.616883  0.660923  0.454703  0.561096  0.707039  0.727077  0.538653  0.609403 
46  0.410096  0.595497  0.767028  0.527765  0.670987  0.677788  0.740561  0.514899  0.429078  0.705111  0.689629  0.699564  0.610460  0.367219  0.478551  0.768075  0.824059  0.716327  0.255066  0.755440  0.699257  0.460077  0.550645  0.639123  0.754169  0.305024  0.306052  0.448693  0.681877  0.538584  0.577962  0.722369  0.457419  0.531199  0.524496  0.781814  0.528160  0.349654  0.662190  0.713806  0.733774  0.671998  0.592090  0.382911  0.230397  0.795319 0.0  0.703663  0.563098  0.725190  0.327588  0.756352  0.448481  0.224027  0.751056  0.734694  0.339434  0.536862  0.681870  0.759421 
47  0.667440  0.553951  0.715390  0.493637  0.486313  0.516816  0.671355  0.412866  0.555783  0.558071  0.365873  0.672781  0.462706  0.559306  0.394710  0.834247  0.748824  0.748410  0.593236  0.592789  0.738931  0.550847  0.337586  0.595558  0.840592  0.527134  0.661230  0.718503  0.537196  0.474195  0.659519  0.720616  0.562691  0.612612  0.471668  0.651972  0.504426  0.602769  0.574257  0.526694  0.675273  0.744199  0.445612  0.483663  0.530668  0.600686  0.703663 0.0  0.392994  0.699165  0.623887  0.800055  0.482752  0.525366  0.689995  0.444135  0.592149  0.550029  0.564774  0.606607 
48  0.565507  0.573059  0.641821  0.610890  0.564458  0.475475  0.608900  0.536142  0.587389  0.488268  0.525274  0.557465  0.403886  0.533910  0.475818  0.647401  0.938918  0.618956  0.640067  0.682858  0.673734  0.632924  0.427835  0.487316  0.802113  0.625139  0.718636  0.682137  0.692204  0.471002  0.641727  0.713137  0.627184  0.535598  0.529162  0.551656  0.597352  0.656891  0.620608  0.679235  0.756062  0.629376  0.298077  0.439934  0.663878  0.580412  0.563098  0.392994 0.0  0.619739  0.512226  0.690384  0.562614  0.697805  0.644103  0.283137  0.497033  0.553670  0.522209  0.598342 
49  0.685468  0.521112  0.555131  0.751280  0.532102  0.632954  0.622275  0.642635  0.600524  0.537804  0.752131  0.444186  0.636833  0.709233  0.646326  0.521301  0.753921  0.445720  0.766505  0.719842  0.540407  0.757580  0.637710  0.539848  0.819516  0.707864  0.668299  0.690365  0.331615  0.607342  0.602916  0.464783  0.661989  0.677382  0.697057  0.311626  0.627162  0.725834  0.659338  0.713735  0.512226  0.668803  0.570361  0.784687  0.699897  0.269430  0.725190  0.699165  0.619739 0.0  0.741675  0.637375  0.644931  0.751093  0.347507  0.604872  0.675893  0.762492  0.418159  0.539041 
50  0.396305  0.615709  0.682925  0.375136  0.656528  0.520698  0.540732  0.456204  0.423468  0.670218  0.677383  0.668500  0.729991  0.155610  0.632862  0.699340  0.731637  0.750006  0.189465  0.545826  0.790417  0.497295  0.456586  0.785224  0.765231  0.332092  0.481720  0.482712  0.736902  0.473654  0.730640  0.761543  0.449191  0.478762  0.493526  0.731622  0.393940  0.359433  0.714475  0.632195  0.722321  0.760696  0.637017  0.375118  0.336426  0.711374  0.327588  0.623887  0.512226  0.741675 0.0  0.740729  0.344545  0.231238  0.715928  0.671798  0.110678  0.461611  0.523055  0.681653 
51  0.741423  0.579030  0.489787  0.630537  0.748560  0.792792  0.632087  0.820847  0.737498  0.712312  0.745054  0.710752  0.830136  0.721741  0.709084  0.384411  0.725502  0.529093  0.796732  0.746273  0.394420  0.793991  0.783082  0.650859  0.652807  0.808124  0.748193  0.856352  0.639945  0.777352  0.687557  0.462402  0.773785  0.624215  0.862282  0.525141  0.747850  0.742695  0.857783  0.768232  0.586362  0.678337  0.578579  0.776976  0.794006  0.581094  0.756352  0.800055  0.690384  0.637375  0.740729 0.0  0.739200  0.840303  0.517007  0.696757  0.778256  0.836203  0.653329  0.513402 
52  0.355443  0.673044  0.738248  0.232210  0.539972  0.439182  0.674724  0.395984  0.185995  0.681239  0.740329  0.618210  0.609184  0.376792  0.388717  0.703664  0.875642  0.710577  0.346200  0.615239  0.770058  0.495709  0.465804  0.654402  0.864407  0.391993  0.397019  0.698483  0.672277  0.358316  0.532808  0.676610  0.463725  0.537669  0.421941  0.759577  0.461372  0.549094  0.766201  0.610810  0.759680  0.635567  0.498653  0.166026  0.417802  0.616883  0.448481  0.482752  0.562614  0.644931  0.344545  0.739200 0.0  0.348641  0.827053  0.524624  0.413866  0.363193  0.624088  0.643048 
53  0.340077  0.684549  0.674383  0.540994  0.530695  0.645311  0.700048  0.486516  0.429063  0.675590  0.618795  0.639673  0.560495  0.395403  0.487627  0.764517  0.911732  0.704460  0.284385  0.605401  0.799570  0.536727  0.520757  0.658193  0.817983  0.246695  0.251659  0.565538  0.828485  0.376353  0.574533  0.796959  0.544688  0.485890  0.424539  0.587764  0.453694  0.307916  0.620622  0.739264  0.792794  0.689292  0.561000  0.360777  0.335105  0.660923  0.224027  0.525366  0.697805  0.751093  0.231238  0.840303  0.348641 0.0  0.708476  0.628387  0.431908  0.551237  0.637248  0.640011 
54  0.703339  0.465545  0.564256  0.709703  0.524902  0.686923  0.643691  0.579308  0.758434  0.433264  0.732898  0.654730  0.629908  0.636493  0.776911  0.546454  0.844769  0.529479  0.706780  0.651811  0.631979  0.699489  0.706257  0.489075  0.724469  0.712383  0.702807  0.841500  0.190523  0.619223  0.630466  0.584376  0.719426  0.622379  0.702274  0.248701  0.796767  0.708531  0.615874  0.587165  0.557537  0.740708  0.636098  0.718789  0.626569  0.454703  0.751056  0.689995  0.644103  0.347507  0.715928  0.517007  0.827053  0.708476 0.0  0.555001  0.803846  0.649235  0.659394  0.228626 
55  0.593898  0.508003  0.648695  0.536625  0.491705  0.430215  0.712636  0.609537  0.603883  0.498106  0.635933  0.575262  0.380397  0.655263  0.615986  0.660883  0.752390  0.634802  0.615013  0.468053  0.595248  0.550491  0.606175  0.483779  0.784037  0.624858  0.710838  0.723314  0.634641  0.709842  0.630894  0.635369  0.658396  0.546394  0.579309  0.623061  0.625810  0.689091  0.576628  0.533945  0.699548  0.635720  0.000000  0.569785  0.594351  0.561096  0.734694  0.444135  0.283137  0.604872  0.671798  0.696757  0.524624  0.628387  0.555001 0.0  0.540234  0.518662  0.522272  0.580192 
56  0.476509  0.660775  0.809521  0.437446  0.528556  0.630383  0.751669  0.638575  0.348860  0.680178  0.674364  0.759250  0.634885  0.300282  0.510058  0.699746  0.849963  0.713125  0.310955  0.800005  0.777133  0.361071  0.573014  0.708061  0.843363  0.378869  0.498359  0.530182  0.715181  0.438687  0.647815  0.758016  0.540305  0.508520  0.427078  0.674192  0.409589  0.381134  0.612849  0.732413  0.840256  0.640094  0.694937  0.368934  0.272833  0.707039  0.339434  0.592149  0.497033  0.675893  0.110678  0.778256  0.413866  0.431908  0.803846  0.540234 0.0  0.339806  0.738759  0.714267 
57  0.464554  0.575373  0.772308  0.409206  0.621547  0.633697  0.785106  0.493586  0.204257  0.621149  0.537227  0.674875  0.525274  0.361944  0.609295  0.675774  1.000000  0.675064  0.357905  0.650949  0.808438  0.296356  0.396801  0.663202  0.866827  0.419630  0.543621  0.529258  0.720113  0.221422  0.506562  0.708509  0.241399  0.576244  0.274694  0.719510  0.192982  0.534993  0.514620  0.564274  0.799654  0.724319  0.545778  0.328412  0.423391  0.727077  0.536862  0.550029  0.553670  0.762492  0.461611  0.836203  0.363193  0.551237  0.649235  0.518662  0.339806 0.0  0.760178  0.754396 
58  0.649700  0.199303  0.607279  0.491288  0.636357  0.417411  0.504655  0.515057  0.533539  0.465865  0.681388  0.468704  0.599930  0.629935  0.442823  0.661530  0.786094  0.619319  0.721974  0.600285  0.721075  0.659490  0.531425  0.200617  0.865008  0.520176  0.803319  0.679574  0.615478  0.578896  0.616639  0.501320  0.794322  0.652129  0.585231  0.485660  0.719929  0.662209  0.672139  0.677961  0.620564  0.836792  0.511902  0.572808  0.708600  0.538653  0.681870  0.564774  0.522209  0.418159  0.523055  0.653329  0.624088  0.637248  0.659394  0.522272  0.738759  0.760178 0.0  0.587685 
59  0.737801  0.672548  0.544554  0.625586  0.637788  0.540098  0.762928  0.676786  0.686124  0.454673  0.588736  0.432778  0.583230  0.776675  0.677093  0.426975  0.792248  0.614919  0.797537  0.661342  0.600500  0.674357  0.680647  0.494574  0.775551  0.718717  0.854883  0.728884  0.435745  0.760233  0.789169  0.662336  0.664951  0.695492  0.705340  0.394903  0.706528  0.805368  0.732147  0.619675  0.577440  0.765159  0.610904  0.606943  0.689933  0.609403  0.759421  0.606607  0.598342  0.539041  0.681653  0.513402  0.643048  0.640011  0.228626  0.580192  0.714267  0.754396  0.587685 0.0 
