60
0 0.0  0.654722  0.763132  0.366721  0.481372  0.528372  0.609447  0.556540  0.279601  0.668681  0.729417  0.644017  0.692350  0.322750  0.400200  0.778133  0.853543  0.650493  0.346075  0.592805  0.739628  0.578083  0.576089  0.667016  0.788525  0.206488  0.484175  0.465197  0.646023  0.555294  0.548046  0.608056  0.474796  0.433462  0.503807  0.570455  0.424669  0.414539  0.674794  0.819692  0.737382  0.583012  0.596348  0.284801  0.392474  0.594576  0.396739  0.596164  0.518665  0.693509  0.270821  0.703733  0.396729  0.329320  0.630824  0.558095  0.384458  0.472139  0.506848  0.690158 
1  0.654722 0.0  0.528538  0.557959  0.633534  0.371721  0.597563  0.394522  0.553068  0.469954  0.636269  0.424536  0.749699  0.565538  0.542951  0.600943  0.774045  0.578474  0.705815  0.718438  0.735579  0.693333  0.569109  0.382490  0.861561  0.638125  0.630401  0.583573  0.554012  0.705652  0.469605  0.460996  0.608200  0.546471  0.598624  0.598180  0.623793  0.614082  0.761691  0.690246  0.672610  0.860247  0.435547  0.623645  0.628371  0.535753  0.672286  0.527341  0.476747  0.656675  0.717459  0.764273  0.531090  0.618863  0.685386  0.586106  0.646113  0.615000  0.300864  0.618975 
2  0.763132  0.528538 0.0  0.588621  0.875254  0.679137  0.586482  0.584330  0.691924  0.612889  0.876232  0.655299  0.676470  0.607558  0.663999  0.488322  0.798951  0.398911  0.702998  0.835571  0.462191  0.775660  0.776022  0.653228  0.790456  0.713900  0.723978  0.797302  0.463923  0.814549  0.732204  0.352613  0.869239  0.783735  0.665665  0.622815  0.735193  0.678564  0.789732  0.725675  0.494281  0.803147  0.741026  0.665242  0.781725  0.471421  0.789951  0.631986  0.712058  0.639757  0.729908  0.579467  0.696272  0.743939  0.621046  0.691798  0.699701  0.860281  0.616543  0.534691 
3  0.366721  0.557959  0.588621 0.0  0.622987  0.469347  0.720648  0.380972  0.343322  0.696341  0.513781  0.667537  0.419514  0.525611  0.267934  0.718923  0.751282  0.610227  0.409614  0.604113  0.669683  0.560392  0.418963  0.588969  0.818021  0.370303  0.551591  0.690574  0.702082  0.481700  0.524961  0.757928  0.491847  0.471612  0.364376  0.616033  0.500432  0.537289  0.679711  0.743196  0.704614  0.821671  0.574226  0.178568  0.448529  0.651292  0.520903  0.556718  0.585350  0.714655  0.548193  0.809186  0.263717  0.470123  0.716785  0.550437  0.423777  0.460756  0.583738  0.764022 
4  0.481372  0.633534  0.875254  0.622987 0.0  0.586740  0.743536  0.572855  0.638177  0.686257  0.367878  0.682538  0.217472  0.493080  0.581058  0.682271  0.843532  0.764795  0.534138  0.508817  0.751199  0.420969  0.288872  0.692692  0.830547  0.479367  0.684486  0.665038  0.540090  0.437720  0.813753  0.774360  0.429646  0.607845  0.528244  0.592076  0.406641  0.665536  0.472922  0.544149  0.647486  0.642217  0.486131  0.544237  0.584799  0.603095  0.585984  0.506098  0.537830  0.587444  0.591561  0.666750  0.431799  0.548085  0.797582  0.600002  0.532232  0.518724  0.558035  0.737916 
5  0.528372  0.371721  0.679137  0.469347  0.586740 0.0  0.603323  0.333203  0.656517  0.594843  0.701731  0.512064  0.645150  0.572142  0.343792  0.680130  0.829567  0.664021  0.496660  0.645637  0.647388  0.629756  0.500481  0.388807  0.874654  0.571891  0.718631  0.571206  0.659260  0.549106  0.521739  0.673040  0.602761  0.496296  0.549851  0.687715  0.679788  0.612908  0.682342  0.604445  0.732882  0.685255  0.538679  0.403254  0.670244  0.465800  0.593621  0.451449  0.404390  0.495550  0.547816  0.731836  0.517836  0.572159  0.583821  0.536245  0.542608  0.548585  0.416962  0.662773 
6  0.609447  0.597563  0.586482  0.720648  0.743536  0.603323 0.0  0.599063  0.728331  0.566411  0.713547  0.545481  0.699312  0.621158  0.594198  0.630147  0.747254  0.595991  0.749992  0.734697  0.595654  0.745088  0.716287  0.544257  0.806106  0.735044  0.622466  0.752508  0.655412  0.657160  0.663767  0.617485  0.673647  0.587592  0.591952  0.640617  0.600807  0.619150  0.725806  0.751541  0.429926  0.770211  0.648861  0.681530  0.648725  0.460631  0.713104  0.613587  0.813497  0.546058  0.767795  0.688995  0.634699  0.773345  0.574452  0.553245  0.702552  0.808141  0.484068  0.706127 
7  0.556540  0.394522  0.584330  0.380972  0.572855  0.333203  0.599063 0.0  0.436497  0.706258  0.637525  0.498210  0.553658  0.593763  0.258844  0.696910  0.860805  0.617339  0.506772  0.657952  0.811844  0.613399  0.527049  0.536874  0.771302  0.447020  0.588173  0.596772  0.685094  0.538320  0.429332  0.665642  0.526334  0.297900  0.600798  0.642870  0.697900  0.528117  0.791940  0.580236  0.808712  0.813962  0.628257  0.356616  0.664044  0.684426  0.550893  0.534990  0.464941  0.557857  0.576938  0.758935  0.533061  0.603623  0.688679  0.507881  0.598266  0.562063  0.535168  0.711460 
8  0.279601  0.553068  0.691924  0.343322  0.638177  0.656517  0.728331  0.436497 0.0  0.649762  0.568142  0.510447  0.589263  0.248925  0.480332  0.709804  0.832478  0.728860  0.345917  0.751591  0.790401  0.439549  0.428806  0.739785  0.911522  0.444812  0.549445  0.574905  0.658840  0.430512  0.550562  0.742595  0.374803  0.579623  0.276749  0.539197  0.482001  0.507399  0.625009  0.731584  0.661649  0.766949  0.576773  0.107746  0.397596  0.647701  0.541192  0.418000  0.534947  0.671558  0.285158  0.913646  0.118301  0.411945  0.723797  0.593145  0.369587  0.266826  0.620528  0.706162 
9  0.668681  0.469954  0.612889  0.696341  0.686257  0.594843  0.566411  0.706258  0.649762 0.0  0.775377  0.503661  0.614563  0.679597  0.691091  0.642720  0.759213  0.554708  0.734927  0.571268  0.656984  0.712645  0.622299  0.522665  0.750089  0.681062  0.768133  0.743800  0.529032  0.677659  0.746034  0.719434  0.774748  0.757521  0.727517  0.472694  0.653903  0.756533  0.712834  0.592903  0.587816  0.582350  0.372628  0.693067  0.703308  0.485104  0.795826  0.625965  0.553345  0.466649  0.665642  0.591756  0.640669  0.620319  0.380502  0.552546  0.649764  0.714141  0.528921  0.572507 
10  0.729417  0.636269  0.876232  0.513781  0.367878  0.701731  0.713547  0.637525  0.568142  0.775377 0.0  0.655062  0.395977  0.630294  0.566627  0.741421  0.907017  0.717613  0.597134  0.455763  0.699595  0.524081  0.469035  0.614918  0.952984  0.728456  0.562964  0.759618  0.780851  0.524003  0.702839  0.719591  0.497294  0.732423  0.615792  0.691898  0.570272  0.540176  0.429612  0.623232  0.747332  0.739748  0.572174  0.658439  0.764234  0.755740  0.630436  0.470465  0.579965  0.684427  0.700302  0.782859  0.644481  0.680688  0.788092  0.624452  0.710997  0.556812  0.621999  0.767569 
11  0.644017  0.424536  0.655299  0.667537  0.682538  0.512064  0.545481  0.498210  0.510447  0.503661  0.655062 0.0  0.644692  0.722966  0.552077  0.666985  0.724850  0.504833  0.664040  0.727333  0.552260  0.807732  0.597062  0.307566  0.787564  0.661470  0.630705  0.652993  0.452029  0.827365  0.631761  0.625897  0.655123  0.575183  0.638922  0.518775  0.778140  0.790791  0.772927  0.750397  0.502138  0.679579  0.558971  0.653228  0.749119  0.323211  0.790377  0.596487  0.593597  0.407831  0.706388  0.620596  0.641351  0.661259  0.504981  0.536707  0.625629  0.657720  0.299735  0.453398 
12  0.692350  0.749699  0.676470  0.419514  0.217472  0.645150  0.699312  0.553658  0.589263  0.614563  0.395977  0.644692 0.0  0.603669  0.470450  0.741743  0.890244  0.715963  0.572024  0.415108  0.695496  0.510376  0.490454  0.679219  0.933698  0.562788  0.645300  0.653389  0.711902  0.375676  0.688669  0.683681  0.581875  0.642828  0.614659  0.673631  0.419620  0.589796  0.497120  0.539150  0.704827  0.702162  0.491066  0.536583  0.579598  0.644004  0.562512  0.475626  0.392858  0.644590  0.589671  0.759247  0.507389  0.649230  0.697727  0.505620  0.613789  0.451518  0.642568  0.628631 
13  0.322750  0.565538  0.607558  0.525611  0.493080  0.572142  0.621158  0.593763  0.248925  0.679597  0.630294  0.722966  0.603669 0.0  0.537180  0.878253  0.894636  0.657702  0.320018  0.660381  0.739134  0.399350  0.449335  0.631050  0.840583  0.183570  0.456011  0.628603  0.717149  0.405410  0.540593  0.707734  0.442939  0.509515  0.394124  0.663495  0.352784  0.451154  0.727164  0.642277  0.737904  0.642547  0.617189  0.299866  0.330037  0.811551  0.340262  0.594356  0.586171  0.673954  0.330003  0.694183  0.300555  0.306118  0.733003  0.648524  0.221052  0.383156  0.639519  0.812488 
14  0.400200  0.542951  0.663999  0.267934  0.581058  0.343792  0.594198  0.258844  0.480332  0.691091  0.566627  0.552077  0.470450  0.537180 0.0  0.761070  0.798723  0.705874  0.554201  0.598824  0.693417  0.513860  0.542756  0.574511  0.730214  0.538690  0.630453  0.699757  0.601510  0.557789  0.580397  0.665528  0.744563  0.330042  0.459873  0.644083  0.544962  0.532603  0.612561  0.631230  0.646579  0.719262  0.630052  0.402234  0.665654  0.610497  0.712424  0.485102  0.547992  0.668469  0.589825  0.732241  0.472783  0.480812  0.777015  0.596980  0.556299  0.501864  0.580611  0.646666 
15  0.778133  0.600943  0.488322  0.718923  0.682271  0.680130  0.630147  0.696910  0.709804  0.642720  0.741421  0.666985  0.741743  0.878253  0.761070 0.0  0.702971  0.396214  0.820824  0.794917  0.338437  0.834242  0.776914  0.543319  0.741576  0.867537  0.728325  0.896816  0.534605  0.769001  0.737852  0.546763  0.765444  0.738193  0.794656  0.555428  0.909252  0.780161  0.642211  0.694044  0.555363  0.805500  0.672604  0.757642  0.731580  0.608748  0.774746  0.673145  0.724177  0.653052  0.710012  0.366051  0.868602  0.716218  0.542978  0.735601  0.763520  0.742293  0.582346  0.583673 
16  0.853543  0.774045  0.798951  0.751282  0.843532  0.829567  0.747254  0.860805  0.832478  0.759213  0.907017  0.724850  0.890244  0.894636  0.798723  0.702971 0.0  0.848806  0.741152  0.836584  0.640088  0.932473  0.884453  0.816058  0.496317  0.924840  0.766054  0.902097  0.726854  0.827031  0.863182  0.784120  0.899711  0.870978  0.897878  0.822362  0.899040  0.811316  0.877109  0.790551  0.715190  1.000000  0.841058  0.727654  0.914271  0.808284  0.807997  0.803037  0.724201  0.800834  0.881901  0.726556  0.834093  0.840626  0.776569  0.904672  0.890880  0.916767  0.814301  0.777549 
17  0.650493  0.578474  0.398911  0.610227  0.764795  0.664021  0.595991  0.617339  0.728860  0.554708  0.717613  0.504833  0.715963  0.657702  0.705874  0.396214  0.848806 0.0  0.695979  0.769805  0.543659  0.744819  0.713811  0.584948  0.713878  0.729349  0.688939  0.812895  0.550917  0.785134  0.746356  0.534103  0.671669  0.745084  0.640208  0.421400  0.660323  0.655905  0.756195  0.687959  0.475119  0.633844  0.615997  0.702581  0.747706  0.407119  0.793041  0.739499  0.637442  0.419462  0.650595  0.512978  0.759129  0.616780  0.554848  0.640786  0.892919  0.741155  0.573509  0.609263 
18  0.346075  0.705815  0.702998  0.409614  0.534138  0.496660  0.749992  0.506772  0.345917  0.734927  0.597134  0.664040  0.572024  0.320018  0.554201  0.820824  0.741152  0.695979 0.0  0.648864  0.798562  0.577411  0.533471  0.682124  0.814005  0.310288  0.385310  0.584230  0.721022  0.417964  0.602708  0.747020  0.386785  0.539190  0.448961  0.726120  0.431312  0.497916  0.691009  0.757705  0.869607  0.700711  0.618649  0.393978  0.403174  0.674781  0.228635  0.558299  0.619549  0.773662  0.150205  0.724343  0.282459  0.274955  0.655840  0.563278  0.168026  0.455084  0.535103  0.820983 
19  0.592805  0.718438  0.835571  0.604113  0.508817  0.645637  0.734697  0.657952  0.751591  0.571268  0.455763  0.727333  0.415108  0.660381  0.598824  0.794917  0.836584  0.769805  0.648864 0.0  0.743928  0.526164  0.464291  0.631292  0.961217  0.723841  0.749420  0.783149  0.733645  0.692979  0.727549  0.742736  0.543117  0.709367  0.632265  0.753454  0.595257  0.753011  0.212931  0.473325  0.802941  0.756064  0.626888  0.670510  0.624296  0.725602  0.683749  0.617591  0.616374  0.661262  0.656008  0.728417  0.683278  0.761064  0.694790  0.617351  0.603381  0.674730  0.632002  0.694914 
20  0.739628  0.735579  0.462191  0.669683  0.751199  0.647388  0.595654  0.811844  0.790401  0.656984  0.699595  0.552260  0.695496  0.739134  0.693417  0.338437  0.640088  0.543659  0.798562  0.743928 0.0  0.786791  0.839038  0.635455  0.753667  0.854726  0.862883  0.840174  0.602913  0.693468  0.800107  0.457407  0.733261  0.690556  0.747319  0.561417  0.640041  0.841603  0.758056  0.708568  0.523572  0.739822  0.697711  0.825612  0.756302  0.677449  0.810736  0.814540  0.809695  0.606568  0.800885  0.536603  0.700788  0.826229  0.582779  0.704769  0.968497  0.741238  0.591676  0.625338 
21  0.578083  0.693333  0.775660  0.560392  0.420969  0.629756  0.745088  0.613399  0.439549  0.712645  0.524081  0.807732  0.510376  0.399350  0.513860  0.834242  0.932473  0.744819  0.577411  0.526164  0.786791 0.0  0.362799  0.733449  0.873840  0.472272  0.638708  0.617287  0.765039  0.279589  0.661208  0.710135  0.328562  0.519405  0.400594  0.660750  0.259433  0.542868  0.588389  0.629135  0.671885  0.790172  0.558116  0.463645  0.573741  0.751657  0.569139  0.556523  0.625233  0.638063  0.511230  0.839111  0.556425  0.508334  0.585405  0.637212  0.339392  0.246657  0.635007  0.674117 
22  0.576089  0.569109  0.776022  0.418963  0.288872  0.500481  0.716287  0.527049  0.428806  0.622299  0.469035  0.597062  0.490454  0.449335  0.542756  0.776914  0.884453  0.713811  0.533471  0.464291  0.839038  0.362799 0.0  0.595221  0.914731  0.589160  0.561936  0.533350  0.722763  0.391018  0.676087  0.668734  0.495463  0.546868  0.265818  0.664103  0.443255  0.660688  0.483521  0.607997  0.816186  0.701676  0.567038  0.538303  0.550190  0.651566  0.649030  0.348909  0.596765  0.609063  0.620579  0.749634  0.487186  0.563321  0.724973  0.571902  0.551113  0.409443  0.626059  0.720136 
23  0.667016  0.382490  0.653228  0.588969  0.692692  0.388807  0.544257  0.536874  0.739785  0.522665  0.614918  0.307566  0.679219  0.631050  0.574511  0.543319  0.816058  0.584948  0.682124  0.631292  0.635455  0.733449  0.595221 0.0  0.720182  0.741807  0.605385  0.574170  0.479444  0.661887  0.555610  0.611594  0.719119  0.657097  0.641149  0.477659  0.676533  0.674838  0.727872  0.692918  0.583834  0.779353  0.618036  0.689383  0.685106  0.476573  0.735345  0.542469  0.613752  0.539963  0.589682  0.603461  0.542023  0.687736  0.408142  0.527571  0.619191  0.627147  0.276924  0.616114 
24  0.788525  0.861561  0.790456  0.818021  0.830547  0.874654  0.806106  0.771302  0.911522  0.750089  0.952984  0.787564  0.933698  0.840583  0.730214  0.741576  0.496317  0.713878  0.814005  0.961217  0.753667  0.873840  0.914731  0.720182 0.0  0.949381  0.916413  0.939623  0.672834  0.889204  0.813376  0.746047  0.944678  0.711696  0.831939  0.677771  0.903145  0.933682  0.850593  0.819540  0.723307  0.834053  0.770163  0.788736  0.919271  0.719842  0.786297  0.839681  0.959751  0.674744  0.799633  0.777435  0.862771  0.893454  0.838936  0.784154  0.839002  0.834220  0.865586  0.801092 
25  0.206488  0.638125  0.713900  0.370303  0.479367  0.571891  0.735044  0.447020  0.444812  0.681062  0.728456  0.661470  0.562788  0.183570  0.538690  0.867537  0.924840  0.729349  0.310288  0.723841  0.854726  0.472272  0.589160  0.741807  0.949381 0.0  0.444682  0.486823  0.669101  0.490485  0.554438  0.722425  0.587568  0.453348  0.552893  0.744459  0.512023  0.369366  0.718264  0.755982  0.692110  0.757736  0.551367  0.421973  0.418811  0.755254  0.369852  0.624540  0.622098  0.587271  0.292818  0.813895  0.334273  0.211346  0.642140  0.701537  0.387381  0.413501  0.629228  0.704668 
26  0.484175  0.630401  0.723978  0.551591  0.684486  0.718631  0.622466  0.588173  0.549445  0.768133  0.562964  0.630705  0.645300  0.456011  0.630453  0.728325  0.766054  0.688939  0.385310  0.749420  0.862883  0.638708  0.561936  0.605385  0.916413  0.444682 0.0  0.438233  0.740674  0.663754  0.569992  0.749174  0.558865  0.671890  0.521897  0.748441  0.682250  0.361811  0.721318  0.761261  0.808617  0.707673  0.705359  0.540931  0.371632  0.704390  0.209526  0.599082  0.693642  0.699806  0.423122  0.745638  0.523530  0.483088  0.801374  0.679291  0.324332  0.490273  0.721287  0.787988 
27  0.465197  0.583573  0.797302  0.690574  0.665038  0.571206  0.752508  0.596772  0.574905  0.743800  0.759618  0.652993  0.653389  0.628603  0.699757  0.896816  0.902097  0.812895  0.584230  0.783149  0.840174  0.617287  0.533350  0.574170  0.939623  0.486823  0.438233 0.0  0.646241  0.632521  0.704162  0.699564  0.599970  0.641047  0.557176  0.665837  0.633857  0.494046  0.649796  0.777416  0.749900  0.766850  0.700636  0.586679  0.548521  0.729270  0.471839  0.765327  0.684033  0.778213  0.603443  0.936067  0.509923  0.542908  0.806802  0.675899  0.525824  0.654259  0.694105  0.738238 
28  0.646023  0.554012  0.463923  0.702082  0.540090  0.659260  0.655412  0.685094  0.658840  0.529032  0.780851  0.452029  0.711902  0.717149  0.601510  0.534605  0.726854  0.550917  0.721022  0.733645  0.602913  0.765039  0.722763  0.479444  0.672834  0.669101  0.740674  0.646241 0.0  0.736883  0.693524  0.493090  0.664028  0.687062  0.663085  0.270425  0.789007  0.721438  0.758917  0.566641  0.588625  0.650364  0.585040  0.796842  0.771471  0.573405  0.788392  0.596205  0.668986  0.240199  0.765227  0.514435  0.686093  0.797972  0.324378  0.664061  0.662163  0.713659  0.614345  0.480271 
29  0.555294  0.705652  0.814549  0.481700  0.437720  0.549106  0.657160  0.538320  0.430512  0.677659  0.524003  0.827365  0.375676  0.405410  0.557789  0.769001  0.827031  0.785134  0.417964  0.692979  0.693468  0.279589  0.391018  0.661887  0.889204  0.490485  0.663754  0.632521  0.736883 0.0  0.579335  0.702118  0.477360  0.532637  0.378512  0.631652  0.358675  0.540053  0.609964  0.658987  0.808549  0.686300  0.579578  0.328156  0.518159  0.762698  0.515875  0.521351  0.575940  0.550161  0.422984  0.830890  0.319540  0.436794  0.766993  0.600804  0.514352  0.205686  0.576501  0.713274 
30  0.548046  0.469605  0.732204  0.524961  0.813753  0.521739  0.663767  0.429332  0.550562  0.746034  0.702839  0.631761  0.688669  0.540593  0.580397  0.737852  0.863182  0.746356  0.602708  0.727549  0.800107  0.661208  0.676087  0.555610  0.813376  0.554438  0.569992  0.704162  0.693524  0.579335 0.0  0.671289  0.679149  0.384526  0.625604  0.608959  0.602703  0.502732  0.749104  0.676525  0.591487  0.774084  0.617761  0.586728  0.640885  0.615744  0.537080  0.489558  0.601157  0.623646  0.508951  0.734531  0.611426  0.556577  0.613862  0.683250  0.680318  0.617639  0.617446  0.592122 
31  0.608056  0.460996  0.352613  0.757928  0.774360  0.673040  0.617485  0.665642  0.742595  0.719434  0.719591  0.625897  0.683681  0.707734  0.665528  0.546763  0.784120  0.534103  0.747020  0.742736  0.457407  0.710135  0.668734  0.611594  0.746047  0.722425  0.749174  0.699564  0.493090  0.702118  0.671289 0.0  0.708178  0.628983  0.787262  0.586780  0.633238  0.728399  0.819212  0.717509  0.284995  0.739803  0.692309  0.662154  0.665715  0.484774  0.668948  0.680970  0.648192  0.559401  0.663800  0.626334  0.771405  0.737380  0.529102  0.730862  0.717427  0.726482  0.715434  0.707269 
32  0.474796  0.608200  0.869239  0.491847  0.429646  0.602761  0.673647  0.526334  0.374803  0.774748  0.497294  0.655123  0.581875  0.442939  0.744563  0.765444  0.899711  0.671669  0.386785  0.543117  0.733261  0.328562  0.495463  0.719119  0.944678  0.587568  0.558865  0.599970  0.664028  0.477360  0.679149  0.708178 0.0  0.572701  0.406084  0.748713  0.241121  0.569336  0.618957  0.758854  0.826771  0.729490  0.598398  0.551593  0.426227  0.663037  0.387802  0.499738  0.590650  0.765257  0.426465  0.752806  0.600857  0.458440  0.687941  0.577403  0.342784  0.374518  0.604961  0.810867 
33  0.433462  0.546471  0.783735  0.471612  0.607845  0.496296  0.587592  0.297900  0.579623  0.757521  0.732423  0.575183  0.642828  0.509515  0.330042  0.738193  0.870978  0.745084  0.539190  0.709367  0.690556  0.519405  0.546868  0.657097  0.711696  0.453348  0.671890  0.641047  0.687062  0.532637  0.384526  0.628983  0.572701 0.0  0.438447  0.682253  0.539197  0.494731  0.822970  0.578615  0.690876  0.677870  0.677122  0.488097  0.669884  0.702584  0.574377  0.464711  0.564642  0.597439  0.640658  0.778243  0.438015  0.486542  0.664829  0.646532  0.602116  0.679994  0.500536  0.808458 
34  0.503807  0.598624  0.665665  0.364376  0.528244  0.549851  0.591952  0.600798  0.276749  0.727517  0.615792  0.638922  0.614659  0.394124  0.459873  0.794656  0.897878  0.640208  0.448961  0.632265  0.747319  0.400594  0.265818  0.641149  0.831939  0.552893  0.521897  0.557176  0.663085  0.378512  0.625604  0.787262  0.406084  0.438447 0.0  0.714236  0.441895  0.523097  0.542353  0.641678  0.741164  0.729359  0.674379  0.295897  0.432023  0.662022  0.468117  0.498816  0.534609  0.644174  0.441835  0.780419  0.498878  0.616689  0.668486  0.599057  0.425483  0.390108  0.535999  0.723391 
35  0.570455  0.598180  0.622815  0.616033  0.592076  0.687715  0.640617  0.642870  0.539197  0.472694  0.691898  0.518775  0.673631  0.663495  0.644083  0.555428  0.822362  0.421400  0.726120  0.753454  0.561417  0.660750  0.664103  0.477659  0.677771  0.744459  0.748441  0.665837  0.270425  0.631652  0.608959  0.586780  0.748713  0.682253  0.714236 0.0  0.793333  0.745048  0.721300  0.574722  0.598293  0.751751  0.563496  0.713984  0.830843  0.484821  0.808113  0.629116  0.604705  0.203345  0.682759  0.631518  0.681734  0.777294  0.199643  0.659380  0.707022  0.682768  0.557684  0.275921 
36  0.424669  0.623793  0.735193  0.500432  0.406641  0.679788  0.600807  0.697900  0.482001  0.653903  0.570272  0.778140  0.419620  0.352784  0.544962  0.909252  0.899040  0.660323  0.431312  0.595257  0.640041  0.259433  0.443255  0.676533  0.903145  0.512023  0.682250  0.633857  0.789007  0.358675  0.602703  0.633238  0.241121  0.539197  0.441895  0.793333 0.0  0.429719  0.559261  0.679143  0.659414  0.727195  0.681799  0.395583  0.547175  0.742928  0.523913  0.577399  0.614846  0.704378  0.429630  0.904122  0.306811  0.532978  0.654302  0.599624  0.420520  0.232945  0.672793  0.782071 
37  0.414539  0.614082  0.678564  0.537289  0.665536  0.612908  0.619150  0.528117  0.507399  0.756533  0.540176  0.790791  0.589796  0.451154  0.532603  0.780161  0.811316  0.655905  0.497916  0.753011  0.841603  0.542868  0.660688  0.674838  0.933682  0.369366  0.361811  0.494046  0.721438  0.540053  0.502732  0.728399  0.569336  0.494731  0.523097  0.745048  0.429719 0.0  0.783556  0.828177  0.746979  0.838532  0.643984  0.490482  0.293309  0.690707  0.295118  0.709956  0.664464  0.792882  0.424401  0.752095  0.405662  0.344051  0.676718  0.618858  0.391419  0.494723  0.700965  0.744991 
38  0.674794  0.761691  0.789732  0.679711  0.472922  0.682342  0.725806  0.791940  0.625009  0.712834  0.429612  0.772927  0.497120  0.727164  0.612561  0.642211  0.877109  0.756195  0.691009  0.212931  0.758056  0.588389  0.483521  0.727872  0.850593  0.718264  0.721318  0.649796  0.758917  0.609964  0.749104  0.819212  0.618957  0.822970  0.542353  0.721300  0.559261  0.783556 0.0  0.556112  0.738925  0.609584  0.527896  0.717966  0.662553  0.689453  0.592999  0.737687  0.598052  0.767236  0.771239  0.772807  0.690414  0.783772  0.687378  0.572834  0.797846  0.586265  0.650823  0.653182 
39  0.819692  0.690246  0.725675  0.743196  0.544149  0.604445  0.751541  0.580236  0.731584  0.592903  0.623232  0.750397  0.539150  0.642277  0.631230  0.694044  0.790551  0.687959  0.757705  0.473325  0.708568  0.629135  0.607997  0.692918  0.819540  0.755982  0.761261  0.777416  0.566641  0.658987  0.676525  0.717509  0.758854  0.578615  0.641678  0.574722  0.679143  0.828177  0.556112 0.0  0.826155  0.546652  0.681009  0.650235  0.744472  0.724647  0.779856  0.633394  0.516102  0.600616  0.668740  0.667987  0.693179  0.647413  0.628086  0.609975  0.626308  0.703685  0.564673  0.562381 
40  0.737382  0.672610  0.494281  0.704614  0.647486  0.732882  0.429926  0.808712  0.661649  0.587816  0.747332  0.502138  0.704827  0.737904  0.646579  0.555363  0.715190  0.475119  0.869607  0.802941  0.523572  0.671885  0.816186  0.583834  0.723307  0.692110  0.808617  0.749900  0.588625  0.808549  0.591487  0.284995  0.826771  0.690876  0.741164  0.598293  0.659414  0.746979  0.738925  0.826155 0.0  0.758562  0.648253  0.753020  0.790765  0.621720  0.759075  0.695529  0.606982  0.477399  0.674707  0.686498  0.742868  0.790836  0.594778  0.696191  0.750722  0.706903  0.655788  0.679859 
41  0.583012  0.860247  0.803147  0.821671  0.642217  0.685255  0.770211  0.813962  0.766949  0.582350  0.739748  0.679579  0.702162  0.642547  0.719262  0.805500  1.000000  0.633844  0.700711  0.756064  0.739822  0.790172  0.701676  0.779353  0.834053  0.757736  0.707673  0.766850  0.650364  0.686300  0.774084  0.739803  0.729490  0.677870  0.729359  0.751751  0.727195  0.838532  0.609584  0.546652  0.758562 0.0  0.539653  0.843424  0.645180  0.869477  0.716684  0.599589  0.717302  0.661535  0.775373  0.748544  0.710498  0.764079  0.780186  0.645490  0.708893  0.778733  0.682443  0.720227 
42  0.596348  0.435547  0.741026  0.574226  0.486131  0.538679  0.648861  0.628257  0.576773  0.372628  0.572174  0.558971  0.491066  0.617189  0.630052  0.672604  0.841058  0.615997  0.618649  0.626888  0.697711  0.558116  0.567038  0.618036  0.770163  0.551367  0.705359  0.700636  0.585040  0.579578  0.617761  0.692309  0.598398  0.677122  0.674379  0.563496  0.681799  0.643984  0.527896  0.681009  0.648253  0.539653 0.0  0.619519  0.665230  0.566652  0.710902  0.378900  0.280802  0.578431  0.642300  0.722700  0.525374  0.579551  0.496183  0.000000  0.545711  0.640979  0.469813  0.550204 
43  0.284801  0.623645  0.665242  0.178568  0.544237  0.403254  0.681530  0.356616  0.107746  0.693067  0.658439  0.653228  0.536583  0.299866  0.402234  0.757642  0.727654  0.702581  0.393978  0.670510  0.825612  0.463645  0.538303  0.689383  0.788736  0.421973  0.540931  0.586679  0.796842  0.328156  0.586728  0.662154  0.551593  0.488097  0.295897  0.713984  0.395583  0.490482  0.717966  0.650235  0.753020  0.843424  0.619519 0.0  0.514480  0.620239  0.397488  0.518642  0.549074  0.681005  0.488323  0.797854  0.087380  0.493891  0.647744  0.500679  0.468909  0.387628  0.674190  0.659907 
44  0.392474  0.628371  0.781725  0.448529  0.584799  0.670244  0.648725  0.664044  0.397596  0.703308  0.764234  0.749119  0.579598  0.330037  0.665654  0.731580  0.914271  0.747706  0.403174  0.624296  0.756302  0.573741  0.550190  0.685106  0.919271  0.418811  0.371632  0.548521  0.771471  0.518159  0.640885  0.665715  0.426227  0.669884  0.432023  0.830843  0.547175  0.293309  0.662553  0.744472  0.790765  0.645180  0.665230  0.514480 0.0  0.733384  0.304007  0.537805  0.482960  0.718797  0.249103  0.618371  0.531862  0.336250  0.770195  0.709410  0.305859  0.499682  0.612914  0.697397 
45  0.594576  0.535753  0.471421  0.651292  0.603095  0.465800  0.460631  0.684426  0.647701  0.485104  0.755740  0.323211  0.644004  0.811551  0.610497  0.608748  0.808284  0.407119  0.674781  0.725602  0.677449  0.751657  0.651566  0.476573  0.719842  0.755254  0.704390  0.729270  0.573405  0.762698  0.615744  0.484774  0.663037  0.702584  0.662022  0.484821  0.742928  0.690707  0.689453  0.724647  0.621720  0.869477  0.566652  0.620239  0.733384 0.0  0.696013  0.607822  0.637953  0.290350  0.758471  0.574102  0.664692  0.699597  0.501245  0.754567  0.765532  0.648411  0.535737  0.410424 
46  0.396739  0.672286  0.789951  0.520903  0.585984  0.593621  0.713104  0.550893  0.541192  0.795826  0.630436  0.790377  0.562512  0.340262  0.712424  0.774746  0.807997  0.793041  0.228635  0.683749  0.810736  0.569139  0.649030  0.735345  0.786297  0.369852  0.209526  0.471839  0.788392  0.515875  0.537080  0.668948  0.387802  0.574377  0.468117  0.808113  0.523913  0.295118  0.592999  0.779856  0.759075  0.716684  0.710902  0.397488  0.304007  0.696013 0.0  0.587976  0.612207  0.660467  0.308883  0.812607  0.497583  0.137287  0.794070  0.740841  0.272378  0.438932  0.613984  0.747018 
47  0.596164  0.527341  0.631986  0.556718  0.506098  0.451449  0.613587  0.534990  0.418000  0.625965  0.470465  0.596487  0.475626  0.594356  0.485102  0.673145  0.803037  0.739499  0.558299  0.617591  0.814540  0.556523  0.348909  0.542469  0.839681  0.624540  0.599082  0.765327  0.596205  0.521351  0.489558  0.680970  0.499738  0.464711  0.498816  0.629116  0.577399  0.709956  0.737687  0.633394  0.695529  0.599589  0.378900  0.518642  0.537805  0.607822  0.587976 0.0  0.352270  0.807119  0.593862  0.780710  0.570269  0.588926  0.639823  0.461620  0.714395  0.582758  0.523588  0.677426 
48  0.518665  0.476747  0.712058  0.585350  0.537830  0.404390  0.813497  0.464941  0.534947  0.553345  0.579965  0.593597  0.392858  0.586171  0.547992  0.724177  0.724201  0.637442  0.619549  0.616374  0.809695  0.625233  0.596765  0.613752  0.959751  0.622098  0.693642  0.684033  0.668986  0.575940  0.601157  0.648192  0.590650  0.564642  0.534609  0.604705  0.614846  0.664464  0.598052  0.516102  0.606982  0.717302  0.280802  0.549074  0.482960  0.637953  0.612207  0.352270 0.0  0.623798  0.560737  0.610087  0.605984  0.582447  0.615125  0.235028  0.629541  0.676895  0.547206  0.658926 
49  0.693509  0.656675  0.639757  0.714655  0.587444  0.495550  0.546058  0.557857  0.671558  0.466649  0.684427  0.407831  0.644590  0.673954  0.668469  0.653052  0.800834  0.419462  0.773662  0.661262  0.606568  0.638063  0.609063  0.539963  0.674744  0.587271  0.699806  0.778213  0.240199  0.550161  0.623646  0.559401  0.765257  0.597439  0.644174  0.203345  0.704378  0.792882  0.767236  0.600616  0.477399  0.661535  0.578431  0.681005  0.718797  0.290350  0.660467  0.807119  0.623798 0.0  0.637344  0.572282  0.641894  0.752158  0.431034  0.604873  0.727823  0.714611  0.391055  0.434775 
50  0.270821  0.717459  0.729908  0.548193  0.591561  0.547816  0.767795  0.576938  0.285158  0.665642  0.700302  0.706388  0.589671  0.330003  0.589825  0.710012  0.881901  0.650595  0.150205  0.656008  0.800885  0.511230  0.620579  0.589682  0.799633  0.292818  0.423122  0.603443  0.765227  0.422984  0.508951  0.663800  0.426465  0.640658  0.441835  0.682759  0.429630  0.424401  0.771239  0.668740  0.674707  0.775373  0.642300  0.488323  0.249103  0.758471  0.308883  0.593862  0.560737  0.637344 0.0  0.869358  0.414416  0.261395  0.600725  0.637143  0.267356  0.493164  0.674956  0.698707 
51  0.703733  0.764273  0.579467  0.809186  0.666750  0.731836  0.688995  0.758935  0.913646  0.591756  0.782859  0.620596  0.759247  0.694183  0.732241  0.366051  0.726556  0.512978  0.724343  0.728417  0.536603  0.839111  0.749634  0.603461  0.777435  0.813895  0.745638  0.936067  0.514435  0.830890  0.734531  0.626334  0.752806  0.778243  0.780419  0.631518  0.904122  0.752095  0.772807  0.667987  0.686498  0.748544  0.722700  0.797854  0.618371  0.574102  0.812607  0.780710  0.610087  0.572282  0.869358 0.0  0.750662  0.724800  0.593216  0.698999  0.792307  0.778552  0.653781  0.591571 
52  0.396729  0.531090  0.696272  0.263717  0.431799  0.517836  0.634699  0.533061  0.118301  0.640669  0.644481  0.641351  0.507389  0.300555  0.472783  0.868602  0.834093  0.759129  0.282459  0.683278  0.700788  0.556425  0.487186  0.542023  0.862771  0.334273  0.523530  0.509923  0.686093  0.319540  0.611426  0.771405  0.600857  0.438015  0.498878  0.681734  0.306811  0.405662  0.690414  0.693179  0.742868  0.710498  0.525374  0.087380  0.531862  0.664692  0.497583  0.570269  0.605984  0.641894  0.414416  0.750662 0.0  0.369427  0.587786  0.691197  0.364438  0.424737  0.616577  0.650695 
53  0.329320  0.618863  0.743939  0.470123  0.548085  0.572159  0.773345  0.603623  0.411945  0.620319  0.680688  0.661259  0.649230  0.306118  0.480812  0.716218  0.840626  0.616780  0.274955  0.761064  0.826229  0.508334  0.563321  0.687736  0.893454  0.211346  0.483088  0.542908  0.797972  0.436794  0.556577  0.737380  0.458440  0.486542  0.616689  0.777294  0.532978  0.344051  0.783772  0.647413  0.790836  0.764079  0.579551  0.493891  0.336250  0.699597  0.137287  0.588926  0.582447  0.752158  0.261395  0.724800  0.369427 0.0  0.829814  0.761368  0.381315  0.517388  0.612930  0.683937 
54  0.630824  0.685386  0.621046  0.716785  0.797582  0.583821  0.574452  0.688679  0.723797  0.380502  0.788092  0.504981  0.697727  0.733003  0.777015  0.542978  0.776569  0.554848  0.655840  0.694790  0.582779  0.585405  0.724973  0.408142  0.838936  0.642140  0.801374  0.806802  0.324378  0.766993  0.613862  0.529102  0.687941  0.664829  0.668486  0.199643  0.654302  0.676718  0.687378  0.628086  0.594778  0.780186  0.496183  0.647744  0.770195  0.501245  0.794070  0.639823  0.615125  0.431034  0.600725  0.593216  0.587786  0.829814 0.0  0.584961  0.759034  0.646337  0.524880  0.353292 
55  0.558095  0.586106  0.691798  0.550437  0.600002  0.536245  0.553245  0.507881  0.593145  0.552546  0.624452  0.536707  0.505620  0.648524  0.596980  0.735601  0.904672  0.640786  0.563278  0.617351  0.704769  0.637212  0.571902  0.527571  0.784154  0.701537  0.679291  0.675899  0.664061  0.600804  0.683250  0.730862  0.577403  0.646532  0.599057  0.659380  0.599624  0.618858  0.572834  0.609975  0.696191  0.645490  0.000000  0.500679  0.709410  0.754567  0.740841  0.461620  0.235028  0.604873  0.637143  0.698999  0.691197  0.761368  0.584961 0.0  0.671509  0.530542  0.518681  0.585754 
56  0.384458  0.646113  0.699701  0.423777  0.532232  0.542608  0.702552  0.598266  0.369587  0.649764  0.710997  0.625629  0.613789  0.221052  0.556299  0.763520  0.890880  0.892919  0.168026  0.603381  0.968497  0.339392  0.551113  0.619191  0.839002  0.387381  0.324332  0.525824  0.662163  0.514352  0.680318  0.717427  0.342784  0.602116  0.425483  0.707022  0.420520  0.391419  0.797846  0.626308  0.750722  0.708893  0.545711  0.468909  0.305859  0.765532  0.272378  0.714395  0.629541  0.727823  0.267356  0.792307  0.364438  0.381315  0.759034  0.671509 0.0  0.398456  0.694978  0.675827 
57  0.472139  0.615000  0.860281  0.460756  0.518724  0.548585  0.808141  0.562063  0.266826  0.714141  0.556812  0.657720  0.451518  0.383156  0.501864  0.742293  0.916767  0.741155  0.455084  0.674730  0.741238  0.246657  0.409443  0.627147  0.834220  0.413501  0.490273  0.654259  0.713659  0.205686  0.617639  0.726482  0.374518  0.679994  0.390108  0.682768  0.232945  0.494723  0.586265  0.703685  0.706903  0.778733  0.640979  0.387628  0.499682  0.648411  0.438932  0.582758  0.676895  0.714611  0.493164  0.778552  0.424737  0.517388  0.646337  0.530542  0.398456 0.0  0.589775  0.801775 
58  0.506848  0.300864  0.616543  0.583738  0.558035  0.416962  0.484068  0.535168  0.620528  0.528921  0.621999  0.299735  0.642568  0.639519  0.580611  0.582346  0.814301  0.573509  0.535103  0.632002  0.591676  0.635007  0.626059  0.276924  0.865586  0.629228  0.721287  0.694105  0.614345  0.576501  0.617446  0.715434  0.604961  0.500536  0.535999  0.557684  0.672793  0.700965  0.650823  0.564673  0.655788  0.682443  0.469813  0.674190  0.612914  0.535737  0.613984  0.523588  0.547206  0.391055  0.674956  0.653781  0.616577  0.612930  0.524880  0.518681  0.694978  0.589775 0.0  0.653915 
59  0.690158  0.618975  0.534691  0.764022  0.737916  0.662773  0.706127  0.711460  0.706162  0.572507  0.767569  0.453398  0.628631  0.812488  0.646666  0.583673  0.777549  0.609263  0.820983  0.694914  0.625338  0.674117  0.720136  0.616114  0.801092  0.704668  0.787988  0.738238  0.480271  0.713274  0.592122  0.707269  0.810867  0.808458  0.723391  0.275921  0.782071  0.744991  0.653182  0.562381  0.679859  0.720227  0.550204  0.659907  0.697397  0.410424  0.747018  0.677426  0.658926  0.434775  0.698707  0.591571  0.650695  0.683937  0.353292  0.585754  0.675827  0.801775  0.653915 0.0 
