60
0 0.0  0.623649  0.804319  0.363731  0.612318  0.529402  0.790795  0.459720  0.354306  0.761776  0.609738  0.696458  0.588259  0.375460  0.480885  0.772904  0.834462  0.677657  0.354242  0.680546  0.787667  0.497594  0.636252  0.699606  0.924187  0.297106  0.388597  0.537521  0.725089  0.505859  0.485539  0.653887  0.418496  0.555984  0.479267  0.658811  0.503284  0.438819  0.680831  0.755628  0.718944  0.820643  0.770211  0.308869  0.508882  0.780664  0.463050  0.516670  0.560745  0.615235  0.515784  0.840208  0.312902  0.331285  0.610659  0.737905  0.432095  0.628924  0.581948  0.632043 
1  0.623649 0.0  0.614450  0.489041  0.659827  0.444403  0.511002  0.533506  0.543620  0.611839  0.805724  0.371929  0.606253  0.568732  0.466259  0.722980  0.878365  0.599470  0.568313  0.710721  0.727067  0.639888  0.510842  0.301251  0.882533  0.701435  0.586591  0.722227  0.495220  0.643890  0.536078  0.626876  0.631645  0.571521  0.612600  0.575819  0.713628  0.600116  0.630001  0.698179  0.587557  0.739856  0.517359  0.523741  0.739609  0.698777  0.636284  0.553609  0.638577  0.578647  0.671501  0.716658  0.584266  0.629820  0.678249  0.516818  0.700496  0.568837  0.374998  0.636841 
2  0.804319  0.614450 0.0  0.725497  0.737388  0.719087  0.741405  0.714506  0.799470  0.606067  0.804978  0.536231  0.761276  0.708924  0.806454  0.389889  0.758976  0.267412  0.806017  0.691044  0.379850  0.651799  0.650295  0.526736  0.684462  0.592223  0.836085  0.808008  0.502059  0.941238  0.689402  0.435193  0.817714  0.663229  0.750865  0.588046  0.762429  0.798691  0.834459  0.807556  0.521135  0.784092  0.577502  0.767585  0.903925  0.490652  0.852343  0.733495  0.595651  0.409427  0.749904  0.524835  0.750507  0.718754  0.472516  0.670465  0.799497  0.714922  0.583836  0.653078 
3  0.363731  0.489041  0.725497 0.0  0.506408  0.497940  0.732225  0.372779  0.300765  0.645709  0.590818  0.658869  0.539937  0.444211  0.299681  0.721840  0.818745  0.739968  0.437405  0.671418  0.832719  0.597403  0.495872  0.632487  0.862090  0.433744  0.617012  0.641140  0.650172  0.340862  0.573633  0.729269  0.518697  0.466170  0.414761  0.672278  0.534830  0.556442  0.632634  0.717607  0.710783  0.741787  0.619522  0.308726  0.451458  0.649193  0.476913  0.588357  0.560321  0.663109  0.568144  0.696332  0.226616  0.411485  0.731564  0.640758  0.527574  0.352610  0.565161  0.733341 
4  0.612318  0.659827  0.737388  0.506408 0.0  0.549595  0.755666  0.529390  0.530739  0.580514  0.375774  0.625518  0.276621  0.603637  0.514918  0.785833  0.986435  0.876906  0.630143  0.545363  0.805812  0.463614  0.311798  0.593222  0.870278  0.502350  0.729811  0.673179  0.687210  0.535898  0.749930  0.656303  0.609686  0.590455  0.498956  0.760920  0.577148  0.667060  0.489800  0.565066  0.810165  0.615028  0.676683  0.438583  0.642611  0.682322  0.572747  0.380117  0.491139  0.591674  0.691325  0.665335  0.547668  0.582241  0.743380  0.509718  0.565552  0.472395  0.669609  0.717964 
5  0.529402  0.444403  0.719087  0.497940  0.549595 0.0  0.614148  0.429988  0.584066  0.629222  0.503197  0.608038  0.561655  0.553908  0.422586  0.671359  0.880390  0.659434  0.538303  0.653903  0.718575  0.664727  0.534947  0.454797  0.830114  0.532674  0.684314  0.747047  0.690649  0.619213  0.555133  0.665423  0.621155  0.596040  0.462977  0.614743  0.554015  0.658829  0.634901  0.678849  0.652575  0.762246  0.561287  0.465841  0.661737  0.625745  0.604011  0.454656  0.462455  0.672747  0.676347  0.695281  0.461717  0.514612  0.585593  0.597067  0.584637  0.635105  0.490923  0.778929 
6  0.790795  0.511002  0.741405  0.732225  0.755666  0.614148 0.0  0.562993  0.651573  0.727323  0.750833  0.499046  0.706252  0.717905  0.614728  0.789945  0.729448  0.557547  0.681702  0.789336  0.620305  0.705752  0.783149  0.565654  0.766204  0.683040  0.656960  0.748215  0.681304  0.707390  0.620185  0.496660  0.738859  0.624214  0.774373  0.502143  0.800372  0.682950  0.707893  0.841345  0.679160  0.783029  0.751819  0.655352  0.700769  0.507822  0.716874  0.773564  0.610544  0.640522  0.718656  0.561810  0.688528  0.783430  0.749992  0.584242  0.742287  0.699365  0.538569  0.627973 
7  0.459720  0.533506  0.714506  0.372779  0.529390  0.429988  0.562993 0.0  0.608147  0.602580  0.727789  0.548229  0.555478  0.530451  0.214943  0.708287  0.942280  0.686615  0.521634  0.693695  0.870077  0.552382  0.488361  0.494135  0.958262  0.519433  0.668265  0.792182  0.612215  0.568958  0.578274  0.637283  0.547310  0.383705  0.380251  0.751267  0.666350  0.622537  0.770111  0.677107  0.604827  0.743046  0.533942  0.401479  0.563736  0.603261  0.587700  0.536845  0.556668  0.750692  0.605479  0.755768  0.455900  0.552475  0.694609  0.614998  0.613391  0.588208  0.588780  0.621272 
8  0.354306  0.543620  0.799470  0.300765  0.530739  0.584066  0.651573  0.608147 0.0  0.746048  0.641355  0.591127  0.504221  0.163238  0.431907  0.896254  0.753250  0.757861  0.226886  0.747271  0.795437  0.579637  0.424623  0.762312  0.900816  0.293736  0.421690  0.582980  0.606347  0.455448  0.554537  0.850003  0.450735  0.432985  0.430836  0.712131  0.400025  0.539774  0.730480  0.723048  0.705244  0.676779  0.573172  0.164377  0.567509  0.737932  0.436616  0.398947  0.748215  0.659204  0.358424  0.756439  0.218185  0.452694  0.625049  0.656377  0.420350  0.315293  0.559997  0.610029 
9  0.761776  0.611839  0.606067  0.645709  0.580514  0.629222  0.727323  0.602580  0.746048 0.0  0.639548  0.525842  0.802588  0.630781  0.801232  0.660694  0.814565  0.614369  0.687354  0.654094  0.742076  0.721585  0.573771  0.495110  0.915444  0.679055  0.757468  0.686950  0.496871  0.650575  0.658632  0.533360  0.576686  0.708476  0.687310  0.369109  0.778168  0.745869  0.699167  0.641258  0.631668  0.621371  0.512141  0.554622  0.809249  0.430437  0.676646  0.705285  0.546392  0.518805  0.687850  0.589384  0.700136  0.711615  0.523944  0.524811  0.792176  0.835199  0.585518  0.291872 
10  0.609738  0.805724  0.804978  0.590818  0.375774  0.503197  0.750833  0.727789  0.641355  0.639548 0.0  0.604123  0.359942  0.644469  0.663708  0.847315  0.909825  0.725142  0.672018  0.341712  0.810322  0.476958  0.439048  0.617859  0.893377  0.683844  0.737804  0.764487  0.708674  0.556702  0.653379  0.814610  0.501947  0.635844  0.558433  0.747737  0.608759  0.737290  0.321999  0.576025  0.768903  0.692851  0.457170  0.653990  0.614504  0.733239  0.633209  0.426607  0.525826  0.738913  0.688353  0.817524  0.615739  0.604476  0.624746  0.445632  0.616902  0.526182  0.688081  0.706694 
11  0.696458  0.371929  0.536231  0.658869  0.625518  0.608038  0.499046  0.548229  0.591127  0.525842  0.604123 0.0  0.631292  0.698893  0.522475  0.573113  0.698567  0.546214  0.752659  0.701332  0.577280  0.627360  0.705472  0.395772  0.752215  0.650511  0.734114  0.717541  0.562740  0.701563  0.574961  0.625984  0.650675  0.600573  0.713165  0.315961  0.752104  0.820099  0.811834  0.744374  0.644579  0.676353  0.638269  0.665877  0.703859  0.279530  0.731890  0.605287  0.537629  0.442104  0.667401  0.641334  0.751765  0.688920  0.587841  0.655862  0.705314  0.626845  0.305765  0.628873 
12  0.588259  0.606253  0.761276  0.539937  0.276621  0.561655  0.706252  0.555478  0.504221  0.802588  0.359942  0.631292 0.0  0.640040  0.573649  0.740095  0.838251  0.740357  0.562416  0.463280  0.796052  0.560795  0.448506  0.656999  0.802723  0.611544  0.771359  0.662158  0.688626  0.533325  0.743171  0.718971  0.674091  0.606269  0.508774  0.673565  0.569138  0.639078  0.662736  0.622411  0.746552  0.685095  0.534108  0.676551  0.741610  0.730466  0.639931  0.350297  0.382735  0.642766  0.545172  0.723166  0.686997  0.617199  0.676381  0.493338  0.651754  0.498082  0.720417  0.690674 
13  0.375460  0.568732  0.708924  0.444211  0.603637  0.553908  0.717905  0.530451  0.163238  0.630781  0.644469  0.698893  0.640040 0.0  0.500181  0.847636  0.967508  0.712053  0.117204  0.614450  0.712941  0.491202  0.376960  0.675548  0.902259  0.341775  0.508973  0.540561  0.711695  0.471749  0.674906  0.800675  0.440647  0.432105  0.406076  0.725896  0.479204  0.380474  0.586198  0.630998  0.834683  0.671488  0.704755  0.476118  0.447431  0.732026  0.331477  0.533774  0.566405  0.733598  0.256053  0.687667  0.366871  0.375668  0.721542  0.548686  0.279072  0.346398  0.690462  0.728478 
14  0.480885  0.466259  0.806454  0.299681  0.514918  0.422586  0.614728  0.214943  0.431907  0.801232  0.663708  0.522475  0.573649  0.500181 0.0  0.714353  0.810746  0.706092  0.505980  0.643179  0.774632  0.560366  0.506528  0.557991  0.842284  0.414398  0.665269  0.676745  0.730545  0.471807  0.531248  0.611915  0.505608  0.359459  0.406538  0.654461  0.473141  0.498602  0.767766  0.788261  0.752203  0.695695  0.518773  0.476137  0.621652  0.591777  0.517899  0.413939  0.549185  0.671239  0.547730  0.763639  0.334050  0.571760  0.622960  0.553314  0.665052  0.603037  0.538457  0.640141 
15  0.772904  0.722980  0.389889  0.721840  0.785833  0.671359  0.789945  0.708287  0.896254  0.660694  0.847315  0.573113  0.740095  0.847636  0.714353 0.0  0.680886  0.522067  0.813452  0.759102  0.415186  0.746368  0.796390  0.574123  0.803774  0.805755  0.803688  0.812433  0.589416  0.859286  0.740076  0.649969  0.763571  0.726954  0.829357  0.584866  0.702328  0.823139  0.760256  0.735543  0.498268  0.782537  0.834791  0.897772  0.817854  0.557246  0.655579  0.696944  0.819910  0.694632  0.885884  0.310034  0.740579  0.731812  0.605458  0.663634  0.723085  0.720316  0.539919  0.516673 
16  0.834462  0.878365  0.758976  0.818745  0.986435  0.880390  0.729448  0.942280  0.753250  0.814565  0.909825  0.698567  0.838251  0.967508  0.810746  0.680886 0.0  0.783088  0.810090  0.809532  0.790667  0.800928  0.714700  0.713326  0.388719  0.838739  0.782526  0.983756  0.875808  0.809062  0.920587  0.745761  1.000000  0.826066  0.815377  0.827845  0.906456  0.855089  0.997375  0.873984  0.792817  0.813872  0.802536  0.965935  0.924654  0.803395  0.877870  0.777625  0.800328  0.778355  0.894170  0.817130  0.787695  0.946940  0.667568  0.875005  0.887688  0.860201  0.877179  0.899754 
17  0.677657  0.599470  0.267412  0.739968  0.876906  0.659434  0.557547  0.686615  0.757861  0.614369  0.725142  0.546214  0.740357  0.712053  0.706092  0.522067  0.783088 0.0  0.727122  0.742425  0.544894  0.721553  0.650202  0.483191  0.722520  0.708870  0.781713  0.833208  0.566543  0.664706  0.801843  0.418888  0.820452  0.753064  0.702740  0.464638  0.908111  0.829190  0.751502  0.687116  0.413718  0.831066  0.701814  0.822689  0.824110  0.471015  0.741563  0.609519  0.761807  0.464956  0.834083  0.466705  0.731756  0.764354  0.482210  0.681397  0.676882  0.739571  0.590726  0.590318 
18  0.354242  0.568313  0.806017  0.437405  0.630143  0.538303  0.681702  0.521634  0.226886  0.687354  0.672018  0.752659  0.562416  0.117204  0.505980  0.813452  0.810090  0.727122 0.0  0.742361  0.793360  0.463935  0.420434  0.530105  0.818678  0.346916  0.463044  0.666540  0.740144  0.534658  0.614683  0.757603  0.511130  0.408944  0.458597  0.717695  0.397935  0.409714  0.578235  0.729037  0.857692  0.811626  0.751542  0.355877  0.272719  0.638977  0.272703  0.583002  0.581744  0.669019  0.149723  0.875278  0.294923  0.172476  0.752253  0.634465  0.266062  0.376861  0.643756  0.757373 
19  0.680546  0.710721  0.691044  0.671418  0.545363  0.653903  0.789336  0.693695  0.747271  0.654094  0.341712  0.701332  0.463280  0.614450  0.643179  0.759102  0.809532  0.742425  0.742361 0.0  0.761930  0.581692  0.648799  0.759806  0.828083  0.708167  0.859950  0.624012  0.728573  0.642882  0.738030  0.759585  0.633637  0.720512  0.565480  0.652902  0.589641  0.615657  0.270515  0.484864  0.855789  0.643953  0.615591  0.627888  0.719012  0.674024  0.759981  0.610587  0.688768  0.732957  0.697653  0.733941  0.560900  0.756237  0.755278  0.599485  0.584219  0.645415  0.762295  0.722128 
20  0.787667  0.727067  0.379850  0.832719  0.805812  0.718575  0.620305  0.870077  0.795437  0.742076  0.810322  0.577280  0.796052  0.712941  0.774632  0.415186  0.790667  0.544894  0.793360  0.761930 0.0  0.771045  0.908166  0.691900  0.631877  0.750573  0.775109  0.749064  0.600805  0.886295  0.733331  0.559400  0.904634  0.781845  0.748592  0.627616  0.836369  0.805396  0.792147  0.766077  0.461092  0.775448  0.753798  0.891217  0.819310  0.552342  0.759162  0.772059  0.595470  0.651151  0.778674  0.505374  0.798962  0.709603  0.692520  0.670810  0.705512  0.773127  0.669091  0.624936 
21  0.497594  0.639888  0.651799  0.597403  0.463614  0.664727  0.705752  0.552382  0.579637  0.721585  0.476958  0.627360  0.560795  0.491202  0.560366  0.746368  0.800928  0.721553  0.463935  0.581692  0.771045 0.0  0.448003  0.682978  0.878687  0.590476  0.644878  0.601548  0.779098  0.133247  0.594242  0.744570  0.369833  0.616844  0.426424  0.623980  0.347617  0.562732  0.559401  0.691877  0.817388  0.829592  0.651778  0.558483  0.564998  0.667601  0.493277  0.473383  0.646876  0.627004  0.513769  0.879045  0.469814  0.505669  0.647776  0.553537  0.364584  0.285716  0.627293  0.629500 
22  0.636252  0.510842  0.650295  0.495872  0.311798  0.534947  0.783149  0.488361  0.424623  0.573771  0.439048  0.705472  0.448506  0.376960  0.506528  0.796390  0.714700  0.650202  0.420434  0.648799  0.908166  0.448003 0.0  0.671193  0.952384  0.679700  0.744145  0.625215  0.775852  0.463993  0.672348  0.686033  0.590144  0.519036  0.501841  0.682569  0.423909  0.660791  0.690773  0.690044  0.771086  0.751146  0.589954  0.474823  0.587046  0.578315  0.465271  0.339420  0.536435  0.712277  0.577842  0.779339  0.520673  0.566089  0.727680  0.577594  0.535639  0.486073  0.511087  0.703440 
23  0.699606  0.301251  0.526736  0.632487  0.593222  0.454797  0.565654  0.494135  0.762312  0.495110  0.617859  0.395772  0.656999  0.675548  0.557991  0.574123  0.713326  0.483191  0.530105  0.759806  0.691900  0.682978  0.671193 0.0  0.735988  0.694810  0.659266  0.578427  0.633780  0.616403  0.653801  0.623709  0.783077  0.643149  0.570242  0.545526  0.646328  0.696175  0.666285  0.767184  0.692721  0.601125  0.504032  0.556176  0.645577  0.464744  0.617682  0.661665  0.683905  0.510911  0.632682  0.842287  0.645797  0.726502  0.580199  0.580827  0.667575  0.730166  0.180389  0.616801 
24  0.924187  0.882533  0.684462  0.862090  0.870278  0.830114  0.766204  0.958262  0.900816  0.915444  0.893377  0.752215  0.802723  0.902259  0.842284  0.803774  0.388719  0.722520  0.818678  0.828083  0.631877  0.878687  0.952384  0.735988 0.0  0.824857  0.877679  0.840160  0.904124  0.908843  0.800168  0.663956  0.913002  0.791606  0.916139  0.735195  0.791919  0.921567  0.825450  0.872129  0.778619  0.902205  0.810238  0.801144  0.921351  0.776915  0.872788  0.743635  0.816623  0.746707  0.780915  0.667519  0.936928  0.905684  0.673868  0.764000  0.938161  0.920987  0.779723  0.744295 
25  0.297106  0.701435  0.592223  0.433744  0.502350  0.532674  0.683040  0.519433  0.293736  0.679055  0.683844  0.650511  0.611544  0.341775  0.414398  0.805755  0.838739  0.708870  0.346916  0.708167  0.750573  0.590476  0.679700  0.694810  0.824857 0.0  0.490517  0.550445  0.699099  0.535992  0.585361  0.759350  0.411804  0.491863  0.606922  0.745338  0.516610  0.442712  0.676037  0.716275  0.713848  0.674896  0.628334  0.500086  0.462525  0.683359  0.396007  0.566968  0.632411  0.812091  0.209175  0.770782  0.386114  0.202732  0.744232  0.613674  0.530218  0.471467  0.576595  0.625312 
26  0.388597  0.586591  0.836085  0.617012  0.729811  0.684314  0.656960  0.668265  0.421690  0.757468  0.737804  0.734114  0.771359  0.508973  0.665269  0.803688  0.782526  0.781713  0.463044  0.859950  0.775109  0.644878  0.744145  0.659266  0.877679  0.490517 0.0  0.394885  0.668178  0.570787  0.600199  0.832045  0.607063  0.583482  0.469633  0.768784  0.624371  0.268989  0.775059  0.771815  0.805246  0.745520  0.649323  0.579798  0.431965  0.745960  0.302901  0.597762  0.615202  0.727485  0.414902  0.833290  0.567588  0.364833  0.731964  0.749287  0.473747  0.531741  0.529545  0.818878 
27  0.537521  0.722227  0.808008  0.641140  0.673179  0.747047  0.748215  0.792182  0.582980  0.686950  0.764487  0.717541  0.662158  0.540561  0.676745  0.812433  0.983756  0.833208  0.666540  0.624012  0.749064  0.601548  0.625215  0.578427  0.840160  0.550445  0.394885 0.0  0.782765  0.645088  0.575612  0.724961  0.673989  0.627258  0.642517  0.706597  0.627089  0.442771  0.810838  0.867247  0.848858  0.793335  0.753915  0.568293  0.530742  0.762245  0.501400  0.760643  0.862793  0.835064  0.547987  0.735973  0.458075  0.558179  0.788708  0.718079  0.617212  0.668207  0.605807  0.749355 
28  0.725089  0.495220  0.502059  0.650172  0.687210  0.690649  0.681304  0.612215  0.606347  0.496871  0.708674  0.562740  0.688626  0.711695  0.730545  0.589416  0.875808  0.566543  0.740144  0.728573  0.600805  0.779098  0.775852  0.633780  0.904124  0.699099  0.668178  0.782765 0.0  0.643959  0.712402  0.586352  0.660162  0.613007  0.716635  0.337155  0.818660  0.697063  0.734137  0.745136  0.555525  0.715373  0.608330  0.694439  0.665925  0.473078  0.702759  0.727875  0.565602  0.266050  0.743174  0.426767  0.655604  0.720821  0.393918  0.652097  0.732422  0.733554  0.499895  0.392853 
29  0.505859  0.643890  0.941238  0.340862  0.535898  0.619213  0.707390  0.568958  0.455448  0.650575  0.556702  0.701563  0.533325  0.471749  0.471807  0.859286  0.809062  0.664706  0.534658  0.642882  0.886295  0.133247  0.463993  0.616403  0.908843  0.535992  0.570787  0.645088  0.643959 0.0  0.588546  0.653048  0.425014  0.534041  0.279481  0.596516  0.212300  0.653023  0.578981  0.673513  0.779076  0.708086  0.687649  0.452909  0.618659  0.711447  0.487729  0.475498  0.695964  0.633316  0.392781  0.773219  0.548607  0.560020  0.675266  0.557142  0.447632  0.163342  0.748258  0.639726 
30  0.485539  0.536078  0.689402  0.573633  0.749930  0.555133  0.620185  0.578274  0.554537  0.658632  0.653379  0.574961  0.743171  0.674906  0.531248  0.740076  0.920587  0.801843  0.614683  0.738030  0.733331  0.594242  0.672348  0.653801  0.800168  0.585361  0.600199  0.575612  0.712402  0.588546 0.0  0.673261  0.643869  0.453567  0.609416  0.678737  0.611073  0.543219  0.617044  0.766969  0.677805  0.751410  0.580625  0.587397  0.580331  0.631697  0.543345  0.662559  0.708411  0.629045  0.506854  0.837934  0.511733  0.591710  0.618653  0.672116  0.658396  0.608323  0.666738  0.789264 
31  0.653887  0.626876  0.435193  0.729269  0.656303  0.665423  0.496660  0.637283  0.850003  0.533360  0.814610  0.625984  0.718971  0.800675  0.611915  0.649969  0.745761  0.418888  0.757603  0.759585  0.559400  0.744570  0.686033  0.623709  0.663956  0.759350  0.832045  0.724961  0.586352  0.653048  0.673261 0.0  0.784941  0.609281  0.701860  0.571458  0.817067  0.733134  0.755826  0.697353  0.378211  0.806124  0.717996  0.713497  0.719809  0.441194  0.720687  0.631594  0.712278  0.524769  0.708072  0.611023  0.843564  0.844659  0.471997  0.772358  0.698607  0.682602  0.554714  0.643585 
32  0.418496  0.631645  0.817714  0.518697  0.609686  0.621155  0.738859  0.547310  0.450735  0.576686  0.501947  0.650675  0.674091  0.440647  0.505608  0.763571  1.000000  0.820452  0.511130  0.633637  0.904634  0.369833  0.590144  0.783077  0.913002  0.411804  0.607063  0.673989  0.660162  0.425014  0.643869  0.784941 0.0  0.601406  0.380043  0.779997  0.201331  0.552911  0.600135  0.697686  0.780955  0.704532  0.658033  0.465732  0.510477  0.706509  0.578475  0.483082  0.662587  0.691003  0.580327  0.701264  0.538546  0.429789  0.802332  0.654894  0.455570  0.347107  0.774076  0.639808 
33  0.555984  0.571521  0.663229  0.466170  0.590455  0.596040  0.624214  0.383705  0.432985  0.708476  0.635844  0.600573  0.606269  0.432105  0.359459  0.726954  0.826066  0.753064  0.408944  0.720512  0.781845  0.616844  0.519036  0.643149  0.791606  0.491863  0.583482  0.627258  0.613007  0.534041  0.453567  0.609281  0.601406 0.0  0.549722  0.593190  0.661666  0.596218  0.726439  0.727811  0.680257  0.696296  0.687366  0.373922  0.598849  0.677182  0.513457  0.530787  0.572431  0.752318  0.582282  0.746372  0.491885  0.465442  0.634510  0.558976  0.646688  0.537617  0.502023  0.750280 
34  0.479267  0.612600  0.750865  0.414761  0.498956  0.462977  0.774373  0.380251  0.430836  0.687310  0.558433  0.713165  0.508774  0.406076  0.406538  0.829357  0.815377  0.702740  0.458597  0.565480  0.748592  0.426424  0.501841  0.570242  0.916139  0.606922  0.469633  0.642517  0.716635  0.279481  0.609416  0.701860  0.380043  0.549722 0.0  0.693289  0.345806  0.597514  0.725518  0.682061  0.790510  0.705773  0.554929  0.308015  0.673533  0.708121  0.583115  0.504917  0.499533  0.710575  0.610456  0.757700  0.476236  0.546392  0.575271  0.567529  0.498551  0.352794  0.594066  0.691964 
35  0.658811  0.575819  0.588046  0.672278  0.760920  0.614743  0.502143  0.751267  0.712131  0.369109  0.747737  0.315961  0.673565  0.725896  0.654461  0.584866  0.827845  0.464638  0.717695  0.652902  0.627616  0.623980  0.682569  0.545526  0.735195  0.745338  0.768784  0.706597  0.337155  0.596516  0.678737  0.571458  0.779997  0.593190  0.693289 0.0  0.671734  0.737334  0.685185  0.627180  0.569422  0.685365  0.617082  0.591789  0.658287  0.499986  0.753912  0.701468  0.594881  0.235936  0.743939  0.540098  0.835853  0.720404  0.241702  0.514492  0.674816  0.690431  0.421760  0.445617 
36  0.503284  0.713628  0.762429  0.534830  0.577148  0.554015  0.800372  0.666350  0.400025  0.778168  0.608759  0.752104  0.569138  0.479204  0.473141  0.702328  0.906456  0.908111  0.397935  0.589641  0.836369  0.347617  0.423909  0.646328  0.791919  0.516610  0.624371  0.627089  0.818660  0.212300  0.611073  0.817067  0.201331  0.661666  0.345806  0.671734 0.0  0.647462  0.620119  0.648158  0.800293  0.638574  0.669312  0.498035  0.482773  0.720650  0.459623  0.631816  0.528736  0.715549  0.550094  0.793841  0.441240  0.474595  0.845784  0.750807  0.483876  0.167008  0.722287  0.701094 
37  0.438819  0.600116  0.798691  0.556442  0.667060  0.658829  0.682950  0.622537  0.539774  0.745869  0.737290  0.820099  0.639078  0.380474  0.498602  0.823139  0.855089  0.829190  0.409714  0.615657  0.805396  0.562732  0.660791  0.696175  0.921567  0.442712  0.268989  0.442771  0.697063  0.653023  0.543219  0.733134  0.552911  0.596218  0.597514  0.737334  0.647462 0.0  0.744676  0.701363  0.733511  0.751822  0.737558  0.502895  0.285659  0.684876  0.232512  0.674311  0.700378  0.754351  0.354552  0.817889  0.420703  0.321572  0.677564  0.609482  0.475117  0.570627  0.605358  0.764249 
38  0.680831  0.630001  0.834459  0.632634  0.489800  0.634901  0.707893  0.770111  0.730480  0.699167  0.321999  0.811834  0.662736  0.586198  0.767766  0.760256  0.997375  0.751502  0.578235  0.270515  0.792147  0.559401  0.690773  0.666285  0.825450  0.676037  0.775059  0.810838  0.734137  0.578981  0.617044  0.755826  0.600135  0.726439  0.725518  0.685185  0.620119  0.744676 0.0  0.527649  0.795339  0.652586  0.611544  0.690785  0.603574  0.731312  0.692769  0.614136  0.601165  0.796696  0.831233  0.707372  0.784536  0.659704  0.707140  0.576114  0.696921  0.615059  0.751735  0.770073 
39  0.755628  0.698179  0.807556  0.717607  0.565066  0.678849  0.841345  0.677107  0.723048  0.641258  0.576025  0.744374  0.622411  0.630998  0.788261  0.735543  0.873984  0.687116  0.729037  0.484864  0.766077  0.691877  0.690044  0.767184  0.872129  0.716275  0.771815  0.867247  0.745136  0.673513  0.766969  0.697353  0.697686  0.727811  0.682061  0.627180  0.648158  0.701363  0.527649 0.0  0.788789  0.510688  0.543677  0.732253  0.693418  0.640245  0.753382  0.683720  0.550978  0.547603  0.730533  0.677284  0.713594  0.822299  0.613539  0.632904  0.712274  0.631654  0.668890  0.553333 
40  0.718944  0.587557  0.521135  0.710783  0.810165  0.652575  0.679160  0.604827  0.705244  0.631668  0.768903  0.644579  0.746552  0.834683  0.752203  0.498268  0.792817  0.413718  0.857692  0.855789  0.461092  0.817388  0.771086  0.692721  0.778619  0.713848  0.805246  0.848858  0.555525  0.779076  0.677805  0.378211  0.780955  0.680257  0.790510  0.569422  0.800293  0.733511  0.795339  0.788789 0.0  0.835554  0.662372  0.785379  0.766883  0.513069  0.807242  0.727515  0.659971  0.595740  0.805658  0.435832  0.784826  0.718192  0.555088  0.656636  0.719559  0.806435  0.591487  0.592513 
41  0.820643  0.739856  0.784092  0.741787  0.615028  0.762246  0.783029  0.743046  0.676779  0.621371  0.692851  0.676353  0.685095  0.671488  0.695695  0.782537  0.813872  0.831066  0.811626  0.643953  0.775448  0.829592  0.751146  0.601125  0.902205  0.674896  0.745520  0.793335  0.715373  0.708086  0.751410  0.806124  0.704532  0.696296  0.705773  0.685365  0.638574  0.751822  0.652586  0.510688  0.835554 0.0  0.777490  0.732248  0.711075  0.811349  0.847987  0.628702  0.645626  0.627049  0.810422  0.827066  0.753371  0.831272  0.654277  0.640182  0.755759  0.766926  0.795812  0.647923 
42  0.770211  0.517359  0.577502  0.619522  0.676683  0.561287  0.751819  0.533942  0.573172  0.512141  0.457170  0.638269  0.534108  0.704755  0.518773  0.834791  0.802536  0.701814  0.751542  0.615591  0.753798  0.651778  0.589954  0.504032  0.810238  0.628334  0.649323  0.753915  0.608330  0.687649  0.580625  0.717996  0.658033  0.687366  0.554929  0.617082  0.669312  0.737558  0.611544  0.543677  0.662372  0.777490 0.0  0.587647  0.631531  0.582621  0.769222  0.496400  0.202543  0.565015  0.719884  0.663321  0.631087  0.659539  0.588071  0.000000  0.693943  0.633546  0.464486  0.482968 
43  0.308869  0.523741  0.767585  0.308726  0.438583  0.465841  0.655352  0.401479  0.164377  0.554622  0.653990  0.665877  0.676551  0.476118  0.476137  0.897772  0.965935  0.822689  0.355877  0.627888  0.891217  0.558483  0.474823  0.556176  0.801144  0.500086  0.579798  0.568293  0.694439  0.452909  0.587397  0.713497  0.465732  0.373922  0.308015  0.591789  0.498035  0.502895  0.690785  0.732253  0.785379  0.732248  0.587647 0.0  0.428704  0.672459  0.498609  0.434466  0.557431  0.701606  0.430869  0.672967  0.132013  0.472053  0.678581  0.697450  0.406165  0.535196  0.477009  0.776492 
44  0.508882  0.739609  0.903925  0.451458  0.642611  0.661737  0.700769  0.563736  0.567509  0.809249  0.614504  0.703859  0.741610  0.447431  0.621652  0.817854  0.924654  0.824110  0.272719  0.719012  0.819310  0.564998  0.587046  0.645577  0.921351  0.462525  0.431965  0.530742  0.665925  0.618659  0.580331  0.719809  0.510477  0.598849  0.673533  0.658287  0.482773  0.285659  0.603574  0.693418  0.766883  0.711075  0.631531  0.428704 0.0  0.718262  0.222369  0.674056  0.576194  0.651862  0.336894  0.786787  0.531225  0.361777  0.795435  0.715167  0.351901  0.594989  0.647460  0.793184 
45  0.780664  0.698777  0.490652  0.649193  0.682322  0.625745  0.507822  0.603261  0.737932  0.430437  0.733239  0.279530  0.730466  0.732026  0.591777  0.557246  0.803395  0.471015  0.638977  0.674024  0.552342  0.667601  0.578315  0.464744  0.776915  0.683359  0.745960  0.762245  0.473078  0.711447  0.631697  0.441194  0.706509  0.677182  0.708121  0.499986  0.720650  0.684876  0.731312  0.640245  0.513069  0.811349  0.582621  0.672459  0.718262 0.0  0.696139  0.609921  0.699633  0.426229  0.687073  0.593561  0.636960  0.799270  0.518371  0.627396  0.695799  0.633457  0.568071  0.565100 
46  0.463050  0.636284  0.852343  0.476913  0.572747  0.604011  0.716874  0.587700  0.436616  0.676646  0.633209  0.731890  0.639931  0.331477  0.517899  0.655579  0.877870  0.741563  0.272703  0.759981  0.759162  0.493277  0.465271  0.617682  0.872788  0.396007  0.302901  0.501400  0.702759  0.487729  0.543345  0.720687  0.578475  0.513457  0.583115  0.753912  0.459623  0.232512  0.692769  0.753382  0.807242  0.847987  0.769222  0.498609  0.222369  0.696139 0.0  0.571744  0.692719  0.810555  0.261597  0.765281  0.362803  0.287096  0.743116  0.730559  0.356822  0.525002  0.706339  0.799930 
47  0.516670  0.553609  0.733495  0.588357  0.380117  0.454656  0.773564  0.536845  0.398947  0.705285  0.426607  0.605287  0.350297  0.533774  0.413939  0.696944  0.777625  0.609519  0.583002  0.610587  0.772059  0.473383  0.339420  0.661665  0.743635  0.566968  0.597762  0.760643  0.727875  0.475498  0.662559  0.631594  0.483082  0.530787  0.504917  0.701468  0.631816  0.674311  0.614136  0.683720  0.727515  0.628702  0.496400  0.434466  0.674056  0.609921  0.571744 0.0  0.338116  0.652220  0.530170  0.767763  0.590372  0.591212  0.695825  0.447355  0.596167  0.501239  0.524784  0.539515 
48  0.560745  0.638577  0.595651  0.560321  0.491139  0.462455  0.610544  0.556668  0.748215  0.546392  0.525826  0.537629  0.382735  0.566405  0.549185  0.819910  0.800328  0.761807  0.581744  0.688768  0.595470  0.646876  0.536435  0.683905  0.816623  0.632411  0.615202  0.862793  0.565602  0.695964  0.708411  0.712278  0.662587  0.572431  0.499533  0.594881  0.528736  0.700378  0.601165  0.550978  0.659971  0.645626  0.202543  0.557431  0.576194  0.699633  0.692719  0.338116 0.0  0.678977  0.623632  0.755923  0.721054  0.687931  0.629184  0.275444  0.661465  0.608853  0.607983  0.502934 
49  0.615235  0.578647  0.409427  0.663109  0.591674  0.672747  0.640522  0.750692  0.659204  0.518805  0.738913  0.442104  0.642766  0.733598  0.671239  0.694632  0.778355  0.464956  0.669019  0.732957  0.651151  0.627004  0.712277  0.510911  0.746707  0.812091  0.727485  0.835064  0.266050  0.633316  0.629045  0.524769  0.691003  0.752318  0.710575  0.235936  0.715549  0.754351  0.796696  0.547603  0.595740  0.627049  0.565015  0.701606  0.651862  0.426229  0.810555  0.652220  0.678977 0.0  0.823990  0.551323  0.703355  0.641753  0.382925  0.574106  0.655827  0.803894  0.414193  0.516000 
50  0.515784  0.671501  0.749904  0.568144  0.691325  0.676347  0.718656  0.605479  0.358424  0.687850  0.688353  0.667401  0.545172  0.256053  0.547730  0.885884  0.894170  0.834083  0.149723  0.697653  0.778674  0.513769  0.577842  0.632682  0.780915  0.209175  0.414902  0.547987  0.743174  0.392781  0.506854  0.708072  0.580327  0.582282  0.610456  0.743939  0.550094  0.354552  0.831233  0.730533  0.805658  0.810422  0.719884  0.430869  0.336894  0.687073  0.261597  0.530170  0.623632  0.823990 0.0  0.715966  0.403329  0.228656  0.713744  0.704678  0.317770  0.378067  0.651046  0.722990 
51  0.840208  0.716658  0.524835  0.696332  0.665335  0.695281  0.561810  0.755768  0.756439  0.589384  0.817524  0.641334  0.723166  0.687667  0.763639  0.310034  0.817130  0.466705  0.875278  0.733941  0.505374  0.879045  0.779339  0.842287  0.667519  0.770782  0.833290  0.735973  0.426767  0.773219  0.837934  0.611023  0.701264  0.746372  0.757700  0.540098  0.793841  0.817889  0.707372  0.677284  0.435832  0.827066  0.663321  0.672967  0.786787  0.593561  0.765281  0.767763  0.755923  0.551323  0.715966 0.0  0.749376  0.825490  0.633590  0.674734  0.868223  0.657143  0.660150  0.664845 
52  0.312902  0.584266  0.750507  0.226616  0.547668  0.461717  0.688528  0.455900  0.218185  0.700136  0.615739  0.751765  0.686997  0.366871  0.334050  0.740579  0.787695  0.731756  0.294923  0.560900  0.798962  0.469814  0.520673  0.645797  0.936928  0.386114  0.567588  0.458075  0.655604  0.548607  0.511733  0.843564  0.538546  0.491885  0.476236  0.835853  0.441240  0.420703  0.784536  0.713594  0.784826  0.753371  0.631087  0.132013  0.531225  0.636960  0.362803  0.590372  0.721054  0.703355  0.403329  0.749376 0.0  0.520719  0.658928  0.607597  0.334362  0.351559  0.605571  0.655314 
53  0.331285  0.629820  0.718754  0.411485  0.582241  0.514612  0.783430  0.552475  0.452694  0.711615  0.604476  0.688920  0.617199  0.375668  0.571760  0.731812  0.946940  0.764354  0.172476  0.756237  0.709603  0.505669  0.566089  0.726502  0.905684  0.202732  0.364833  0.558179  0.720821  0.560020  0.591710  0.844659  0.429789  0.465442  0.546392  0.720404  0.474595  0.321572  0.659704  0.822299  0.718192  0.831272  0.659539  0.472053  0.361777  0.799270  0.287096  0.591212  0.687931  0.641753  0.228656  0.825490  0.520719 0.0  0.768046  0.567659  0.377570  0.515653  0.659607  0.858535 
54  0.610659  0.678249  0.472516  0.731564  0.743380  0.585593  0.749992  0.694609  0.625049  0.523944  0.624746  0.587841  0.676381  0.721542  0.622960  0.605458  0.667568  0.482210  0.752253  0.755278  0.692520  0.647776  0.727680  0.580199  0.673868  0.744232  0.731964  0.788708  0.393918  0.675266  0.618653  0.471997  0.802332  0.634510  0.575271  0.241702  0.845784  0.677564  0.707140  0.613539  0.555088  0.654277  0.588071  0.678581  0.795435  0.518371  0.743116  0.695825  0.629184  0.382925  0.713744  0.633590  0.658928  0.768046 0.0  0.617197  0.670424  0.698814  0.604609  0.317268 
55  0.737905  0.516818  0.670465  0.640758  0.509718  0.597067  0.584242  0.614998  0.656377  0.524811  0.445632  0.655862  0.493338  0.548686  0.553314  0.663634  0.875005  0.681397  0.634465  0.599485  0.670810  0.553537  0.577594  0.580827  0.764000  0.613674  0.749287  0.718079  0.652097  0.557142  0.672116  0.772358  0.654894  0.558976  0.567529  0.514492  0.750807  0.609482  0.576114  0.632904  0.656636  0.640182  0.000000  0.697450  0.715167  0.627396  0.730559  0.447355  0.275444  0.574106  0.704678  0.674734  0.607597  0.567659  0.617197 0.0  0.671777  0.564789  0.587098  0.664613 
56  0.432095  0.700496  0.799497  0.527574  0.565552  0.584637  0.742287  0.613391  0.420350  0.792176  0.616902  0.705314  0.651754  0.279072  0.665052  0.723085  0.887688  0.676882  0.266062  0.584219  0.705512  0.364584  0.535639  0.667575  0.938161  0.530218  0.473747  0.617212  0.732422  0.447632  0.658396  0.698607  0.455570  0.646688  0.498551  0.674816  0.483876  0.475117  0.696921  0.712274  0.719559  0.755759  0.693943  0.406165  0.351901  0.695799  0.356822  0.596167  0.661465  0.655827  0.317770  0.868223  0.334362  0.377570  0.670424  0.671777 0.0  0.439873  0.659594  0.825730 
57  0.628924  0.568837  0.714922  0.352610  0.472395  0.635105  0.699365  0.588208  0.315293  0.835199  0.526182  0.626845  0.498082  0.346398  0.603037  0.720316  0.860201  0.739571  0.376861  0.645415  0.773127  0.285716  0.486073  0.730166  0.920987  0.471467  0.531741  0.668207  0.733554  0.163342  0.608323  0.682602  0.347107  0.537617  0.352794  0.690431  0.167008  0.570627  0.615059  0.631654  0.806435  0.766926  0.633546  0.535196  0.594989  0.633457  0.525002  0.501239  0.608853  0.803894  0.378067  0.657143  0.351559  0.515653  0.698814  0.564789  0.439873 0.0  0.633125  0.815905 
58  0.581948  0.374998  0.583836  0.565161  0.669609  0.490923  0.538569  0.588780  0.559997  0.585518  0.688081  0.305765  0.720417  0.690462  0.538457  0.539919  0.877179  0.590726  0.643756  0.762295  0.669091  0.627293  0.511087  0.180389  0.779723  0.576595  0.529545  0.605807  0.499895  0.748258  0.666738  0.554714  0.774076  0.502023  0.594066  0.421760  0.722287  0.605358  0.751735  0.668890  0.591487  0.795812  0.464486  0.477009  0.647460  0.568071  0.706339  0.524784  0.607983  0.414193  0.651046  0.660150  0.605571  0.659607  0.604609  0.587098  0.659594  0.633125 0.0  0.552638 
59  0.632043  0.636841  0.653078  0.733341  0.717964  0.778929  0.627973  0.621272  0.610029  0.291872  0.706694  0.628873  0.690674  0.728478  0.640141  0.516673  0.899754  0.590318  0.757373  0.722128  0.624936  0.629500  0.703440  0.616801  0.744295  0.625312  0.818878  0.749355  0.392853  0.639726  0.789264  0.643585  0.639808  0.750280  0.691964  0.445617  0.701094  0.764249  0.770073  0.553333  0.592513  0.647923  0.482968  0.776492  0.793184  0.565100  0.799930  0.539515  0.502934  0.516000  0.722990  0.664845  0.655314  0.858535  0.317268  0.664613  0.825730  0.815905  0.552638 0.0 
