60
0 0.0  0.620710  0.711012  0.420359  0.542592  0.500348  0.564995  0.388694  0.214648  0.674123  0.455063  0.628722  0.670360  0.406618  0.464176  0.850852  0.856238  0.720327  0.285871  0.741212  0.756528  0.387521  0.608736  0.650332  0.757593  0.314102  0.471875  0.587746  0.679347  0.544377  0.527153  0.658152  0.559085  0.373302  0.440773  0.745202  0.422280  0.441309  0.660773  0.653256  0.795566  0.788081  0.584618  0.394612  0.479626  0.683856  0.293157  0.510065  0.612502  0.660570  0.313167  0.739627  0.247812  0.291567  0.638149  0.594357  0.354282  0.484035  0.585992  0.688107 
1  0.620710 0.0  0.689149  0.513234  0.593233  0.433846  0.558080  0.521086  0.635350  0.559278  0.670515  0.336816  0.645518  0.619280  0.394648  0.619683  0.866339  0.579264  0.536123  0.789769  0.629034  0.683522  0.441949  0.208391  0.760494  0.647818  0.664185  0.684435  0.499109  0.536115  0.499942  0.545744  0.673788  0.492108  0.654299  0.527364  0.678454  0.544599  0.707767  0.672172  0.489670  0.664535  0.484652  0.458105  0.689465  0.482301  0.600977  0.590878  0.546566  0.602049  0.705493  0.640392  0.530095  0.513503  0.571031  0.584453  0.655379  0.619964  0.323183  0.573427 
2  0.711012  0.689149 0.0  0.654317  0.792712  0.704525  0.628630  0.740288  0.687442  0.615027  0.762353  0.447305  0.691933  0.819589  0.683274  0.347731  0.672430  0.411886  0.787468  0.816578  0.310915  0.771827  0.683727  0.597593  0.670733  0.774989  0.736575  0.773420  0.556908  0.680772  0.631857  0.472319  0.724169  0.676128  0.683774  0.599484  0.697190  0.748867  0.847240  0.848897  0.428530  0.758245  0.634244  0.778980  0.843724  0.535766  0.698036  0.730579  0.651199  0.557516  0.651025  0.371338  0.791746  0.690639  0.543586  0.653181  0.717099  0.713093  0.543891  0.605482 
3  0.420359  0.513234  0.654317 0.0  0.506804  0.423144  0.578943  0.336210  0.269439  0.659288  0.644230  0.665195  0.541249  0.315210  0.189898  0.795193  0.815483  0.662232  0.447262  0.594252  0.779103  0.418545  0.469940  0.605295  0.857921  0.437552  0.549543  0.535437  0.688983  0.431762  0.549393  0.567946  0.490713  0.412816  0.336501  0.668226  0.491338  0.552047  0.693830  0.679858  0.726441  0.668137  0.546939  0.107142  0.491738  0.807013  0.466935  0.367485  0.601068  0.563079  0.470463  0.735748  0.221592  0.465636  0.653955  0.590361  0.332842  0.558636  0.564714  0.705482 
4  0.542592  0.593233  0.792712  0.506804 0.0  0.588731  0.772376  0.607156  0.513492  0.587781  0.393172  0.588176  0.155866  0.385476  0.536883  0.727118  0.815654  0.757318  0.535474  0.441176  0.729728  0.485925  0.359185  0.688465  1.000000  0.548024  0.554413  0.595586  0.584257  0.356823  0.664712  0.737259  0.481251  0.613586  0.459540  0.671213  0.413340  0.621805  0.575794  0.565922  0.750440  0.657176  0.503010  0.559135  0.614124  0.641529  0.685375  0.467888  0.542931  0.757871  0.589348  0.738807  0.645593  0.527174  0.591342  0.591472  0.647279  0.498443  0.628369  0.732251 
5  0.500348  0.433846  0.704525  0.423144  0.588731 0.0  0.636130  0.380453  0.463488  0.474703  0.691861  0.468982  0.536002  0.431890  0.399409  0.630526  0.799723  0.724999  0.572528  0.668971  0.661346  0.592605  0.456880  0.526814  0.779001  0.515465  0.603965  0.717938  0.626820  0.439456  0.573052  0.676329  0.586121  0.518697  0.523430  0.596918  0.608045  0.612249  0.701589  0.693102  0.694495  0.713456  0.459512  0.533487  0.596381  0.587040  0.557636  0.547342  0.395056  0.662977  0.641083  0.776065  0.588179  0.598657  0.669699  0.529731  0.607002  0.637924  0.517675  0.629596 
6  0.564995  0.558080  0.628630  0.578943  0.772376  0.636130 0.0  0.567844  0.703478  0.727365  0.750301  0.620891  0.544795  0.574064  0.688981  0.705148  0.814485  0.571472  0.758131  0.771071  0.608732  0.569560  0.619961  0.491690  0.663250  0.696422  0.731741  0.636169  0.552064  0.617181  0.562268  0.442876  0.714851  0.619244  0.611795  0.592306  0.660964  0.695270  0.702013  0.656899  0.576366  0.772121  0.635438  0.666533  0.659188  0.600395  0.595808  0.688497  0.654738  0.578522  0.679079  0.713516  0.650190  0.601849  0.800850  0.642163  0.713661  0.715252  0.503531  0.683394 
7  0.388694  0.521086  0.740288  0.336210  0.607156  0.380453  0.567844 0.0  0.512698  0.610527  0.651323  0.591174  0.506319  0.558494  0.365480  0.686438  0.806591  0.781922  0.398162  0.663468  0.664453  0.621154  0.502055  0.563003  0.770602  0.494824  0.735554  0.679736  0.580125  0.547359  0.465216  0.699307  0.539335  0.290877  0.507672  0.586996  0.674065  0.518517  0.681799  0.663973  0.666142  0.838114  0.586717  0.402705  0.510728  0.630551  0.539821  0.481408  0.446041  0.572402  0.607819  0.737980  0.447093  0.519728  0.671116  0.586148  0.549670  0.597740  0.511110  0.661930 
8  0.214648  0.635350  0.687442  0.269439  0.513492  0.463488  0.703478  0.512698 0.0  0.696926  0.657462  0.656456  0.608988  0.222013  0.406811  0.750989  0.874138  0.710960  0.200367  0.578418  0.776732  0.479452  0.566657  0.594058  0.788814  0.484853  0.505413  0.584945  0.615908  0.471129  0.582433  0.632596  0.431718  0.505015  0.400405  0.657943  0.462404  0.588180  0.587362  0.591896  0.722490  0.816664  0.624772  0.270139  0.372462  0.654086  0.347593  0.541249  0.565418  0.572073  0.389004  0.703219  0.231100  0.430762  0.668090  0.583101  0.356531  0.324140  0.519403  0.772261 
9  0.674123  0.559278  0.615027  0.659288  0.587781  0.474703  0.727365  0.610527  0.696926 0.0  0.545357  0.440253  0.543576  0.711332  0.562155  0.548566  0.658578  0.554018  0.565007  0.642679  0.698486  0.747469  0.528800  0.462865  0.880657  0.716909  0.782436  0.743311  0.449627  0.644742  0.597585  0.651394  0.691930  0.610588  0.638669  0.410469  0.709101  0.603810  0.593863  0.485142  0.644942  0.665262  0.534938  0.686157  0.793705  0.536772  0.701835  0.561027  0.498824  0.514152  0.598378  0.526822  0.634712  0.667097  0.346940  0.443685  0.662103  0.702792  0.437360  0.477090 
10  0.455063  0.670515  0.762353  0.644230  0.393172  0.691861  0.750301  0.651323  0.657462  0.545357 0.0  0.719878  0.292680  0.570121  0.566231  0.563486  0.767517  0.809041  0.673915  0.321356  0.850568  0.560446  0.556655  0.734016  0.819215  0.570761  0.726376  0.646269  0.682591  0.478263  0.683483  0.712989  0.555310  0.823297  0.567064  0.588632  0.521284  0.637762  0.507493  0.607673  0.722673  0.726252  0.532557  0.642677  0.666723  0.667531  0.633293  0.439917  0.610800  0.656617  0.673835  0.705190  0.582891  0.694451  0.793922  0.606983  0.599671  0.629176  0.577214  0.655384 
11  0.628722  0.336816  0.447305  0.665195  0.588176  0.468982  0.620891  0.591174  0.656456  0.440253  0.719878 0.0  0.622333  0.529079  0.570312  0.641019  0.690527  0.479998  0.655922  0.595253  0.617763  0.707285  0.560761  0.399045  0.729396  0.599335  0.733499  0.641940  0.466275  0.684506  0.538367  0.541486  0.648148  0.524754  0.569021  0.472516  0.628667  0.643196  0.666589  0.572425  0.636611  0.679777  0.552012  0.579052  0.744950  0.336438  0.637564  0.606063  0.571799  0.398911  0.766168  0.655073  0.633445  0.721235  0.486862  0.544172  0.663992  0.629652  0.470872  0.551723 
12  0.670360  0.645518  0.691933  0.541249  0.155866  0.536002  0.544795  0.506319  0.608988  0.543576  0.292680  0.622333 0.0  0.617878  0.587126  0.759299  0.913953  0.738945  0.556654  0.431746  0.809885  0.504808  0.371027  0.649226  0.855304  0.688933  0.753751  0.613179  0.625228  0.529047  0.586050  0.670409  0.552740  0.574168  0.438866  0.615360  0.562505  0.694563  0.499675  0.616577  0.745556  0.675161  0.534816  0.580163  0.678785  0.557625  0.626276  0.327254  0.406682  0.642096  0.557605  0.770510  0.567664  0.580081  0.654768  0.564015  0.703887  0.521326  0.577205  0.806296 
13  0.406618  0.619280  0.819589  0.315210  0.385476  0.431890  0.574064  0.558494  0.222013  0.711332  0.570121  0.529079  0.617878 0.0  0.512571  0.686326  0.763285  0.612905  0.247289  0.676210  0.754373  0.358994  0.423719  0.652382  0.868748  0.355156  0.436837  0.541852  0.709917  0.420707  0.542035  0.731436  0.515521  0.510509  0.355926  0.741922  0.408996  0.372763  0.554154  0.733381  0.712335  0.717253  0.544921  0.329564  0.452201  0.747534  0.318183  0.497875  0.537067  0.629073  0.331327  0.770773  0.265642  0.305364  0.697170  0.671443  0.407050  0.451511  0.698706  0.740095 
14  0.464176  0.394648  0.683274  0.189898  0.536883  0.399409  0.688981  0.365480  0.406811  0.562155  0.566231  0.570312  0.587126  0.512571 0.0  0.667978  0.812561  0.643344  0.510808  0.645137  0.634958  0.521928  0.443013  0.599735  0.814578  0.462579  0.419905  0.625324  0.616262  0.427287  0.368957  0.475153  0.570918  0.348428  0.459389  0.643183  0.631034  0.627829  0.680984  0.704788  0.678083  0.819010  0.577871  0.451460  0.583132  0.685994  0.610581  0.440369  0.476002  0.559919  0.519266  0.651682  0.438976  0.385639  0.685888  0.518062  0.582716  0.448774  0.535599  0.685953 
15  0.850852  0.619683  0.347731  0.795193  0.727118  0.630526  0.705148  0.686438  0.750989  0.548566  0.563486  0.641019  0.759299  0.686326  0.667978 0.0  0.783498  0.539228  0.774333  0.812245  0.362802  0.857375  0.721623  0.611134  0.686211  0.692261  0.878739  0.818396  0.589957  0.759166  0.690865  0.486646  0.939269  0.838830  0.684524  0.502370  0.786604  0.769772  0.787395  0.647963  0.501706  0.685554  0.531953  0.744120  0.699048  0.604716  0.828307  0.742625  0.682518  0.630832  0.664325  0.371838  0.825674  0.775461  0.502209  0.691787  0.847202  0.815858  0.636715  0.610658 
16  0.856238  0.866339  0.672430  0.815483  0.815654  0.799723  0.814485  0.806591  0.874138  0.658578  0.767517  0.690527  0.913953  0.763285  0.812561  0.783498 0.0  0.725080  0.870639  0.864482  0.687919  0.838454  0.845867  0.779289  0.443005  0.736145  0.813456  0.829551  0.772007  0.833089  0.750426  0.696907  0.891437  0.857505  0.805841  0.757568  0.862578  0.846839  0.863929  0.746404  0.710626  0.862291  0.809639  0.801442  0.989550  0.699903  0.909197  0.826953  0.842536  0.801758  0.842183  0.688562  0.794076  0.892030  0.772520  0.748852  0.888092  0.809630  0.991187  0.816890 
17  0.720327  0.579264  0.411886  0.662232  0.757318  0.724999  0.571472  0.781922  0.710960  0.554018  0.809041  0.479998  0.738945  0.612905  0.643344  0.539228  0.725080 0.0  0.696327  0.740877  0.358608  0.743722  0.661634  0.626431  0.712495  0.719981  0.713473  0.752788  0.404531  0.634496  0.590086  0.502318  0.711625  0.633457  0.666792  0.531524  0.734192  0.713039  0.639351  0.679340  0.501730  0.683423  0.535382  0.732357  0.710406  0.403330  0.669347  0.659285  0.553245  0.536609  0.686670  0.609337  0.769033  0.733565  0.526597  0.676082  0.768984  0.691511  0.497087  0.539998 
18  0.285871  0.536123  0.787468  0.447262  0.535474  0.572528  0.758131  0.398162  0.200367  0.565007  0.673915  0.655922  0.556654  0.247289  0.510808  0.774333  0.870639  0.696327 0.0  0.712848  0.832341  0.433395  0.507315  0.505304  0.774998  0.182307  0.313759  0.487570  0.669307  0.511576  0.554745  0.721392  0.487191  0.648697  0.469918  0.597846  0.310960  0.446328  0.730452  0.620934  0.742804  0.833441  0.656410  0.392560  0.372136  0.624655  0.409273  0.569097  0.599382  0.676379  0.328665  0.830892  0.295292  0.251903  0.715775  0.637302  0.304251  0.390510  0.586279  0.724633 
19  0.741212  0.789769  0.816578  0.594252  0.441176  0.668971  0.771071  0.663468  0.578418  0.642679  0.321356  0.595253  0.431746  0.676210  0.645137  0.812245  0.864482  0.740877  0.712848 0.0  0.736532  0.605909  0.527609  0.629185  0.991709  0.676959  0.753210  0.730544  0.731433  0.582218  0.694524  0.716150  0.625186  0.665623  0.583170  0.693198  0.639373  0.772514  0.125404  0.573506  0.758342  0.477511  0.642607  0.624610  0.620209  0.733013  0.759941  0.529931  0.622068  0.743408  0.678924  0.793680  0.685439  0.696924  0.648674  0.640326  0.598784  0.606416  0.693779  0.716352 
20  0.756528  0.629034  0.310915  0.779103  0.729728  0.661346  0.608732  0.664453  0.776732  0.698486  0.850568  0.617763  0.809885  0.754373  0.634958  0.362802  0.687919  0.358608  0.832341  0.736532 0.0  0.795410  0.618242  0.656489  0.620864  0.664012  0.787800  0.758553  0.452686  0.686551  0.704601  0.466708  0.798784  0.833330  0.683941  0.615275  0.834034  0.729718  0.846907  0.777828  0.421485  0.841452  0.777553  0.758550  0.799636  0.541448  0.723972  0.826494  0.758354  0.640520  0.693782  0.574639  0.882283  0.719979  0.735793  0.742564  0.659920  0.770622  0.692843  0.613226 
21  0.387521  0.683522  0.771827  0.418545  0.485925  0.592605  0.569560  0.621154  0.479452  0.747469  0.560446  0.707285  0.504808  0.358994  0.521928  0.857375  0.838454  0.743722  0.433395  0.605909  0.795410 0.0  0.402571  0.659209  0.860345  0.556632  0.467725  0.613945  0.674485  0.242970  0.703605  0.745581  0.340110  0.577497  0.439157  0.631700  0.364994  0.608509  0.605714  0.593146  0.700830  0.752038  0.613457  0.474396  0.502436  0.741802  0.612488  0.404719  0.535794  0.823890  0.525357  0.660208  0.543584  0.481858  0.725139  0.663725  0.408455  0.322655  0.747325  0.754719 
22  0.608736  0.441949  0.683727  0.469940  0.359185  0.456880  0.619961  0.502055  0.566657  0.528800  0.556655  0.560761  0.371027  0.423719  0.443013  0.721623  0.845867  0.661634  0.507315  0.527609  0.618242  0.402571 0.0  0.437202  0.755928  0.477814  0.637536  0.607005  0.671530  0.411331  0.567576  0.611610  0.414998  0.523312  0.343116  0.691689  0.416926  0.473677  0.525111  0.718203  0.685046  0.657657  0.590814  0.427438  0.502362  0.656048  0.485262  0.344003  0.404318  0.609065  0.565046  0.879785  0.479855  0.389566  0.611243  0.465469  0.552595  0.493460  0.562569  0.596438 
23  0.650332  0.208391  0.597593  0.605295  0.688465  0.526814  0.491690  0.563003  0.594058  0.462865  0.734016  0.399045  0.649226  0.652382  0.599735  0.611134  0.779289  0.626431  0.505304  0.629185  0.656489  0.659209  0.437202 0.0  0.711415  0.680575  0.710319  0.788629  0.564585  0.603548  0.501728  0.607838  0.648474  0.492047  0.645051  0.600665  0.608278  0.671920  0.680411  0.679427  0.529544  0.673548  0.511429  0.521093  0.618305  0.420973  0.622541  0.651252  0.659633  0.537770  0.663172  0.650268  0.544852  0.714935  0.508660  0.484573  0.591082  0.664143  0.172279  0.505039 
24  0.757593  0.760494  0.670733  0.857921  1.000000  0.779001  0.663250  0.770602  0.788814  0.880657  0.819215  0.729396  0.855304  0.868748  0.814578  0.686211  0.443005  0.712495  0.774998  0.991709  0.620864  0.860345  0.755928  0.711415 0.0  0.808653  0.871277  0.914105  0.682917  0.813355  0.823830  0.789418  0.848162  0.874623  0.807727  0.785765  0.753805  0.768250  0.834346  0.909738  0.767717  0.936171  0.726487  0.871188  0.823315  0.715334  0.924942  0.689051  0.765008  0.806784  0.888238  0.777736  0.714921  0.788981  0.739380  0.733763  0.893838  0.957890  0.787453  0.762337 
25  0.314102  0.647818  0.774989  0.437552  0.548024  0.515465  0.696422  0.494824  0.484853  0.716909  0.570761  0.599335  0.688933  0.355156  0.462579  0.692261  0.736145  0.719981  0.182307  0.676959  0.664012  0.556632  0.477814  0.680575  0.808653 0.0  0.458113  0.547002  0.684655  0.530360  0.503013  0.706333  0.532190  0.491872  0.512079  0.707462  0.443231  0.401143  0.690215  0.710970  0.759283  0.747266  0.579516  0.354579  0.421567  0.569769  0.307724  0.609165  0.497272  0.672602  0.336718  0.901840  0.333257  0.175061  0.734341  0.567553  0.424835  0.461578  0.684092  0.778496 
26  0.471875  0.664185  0.736575  0.549543  0.554413  0.603965  0.731741  0.735554  0.505413  0.782436  0.726376  0.733499  0.753751  0.436837  0.419905  0.878739  0.813456  0.713473  0.313759  0.753210  0.787800  0.467725  0.637536  0.710319  0.871277  0.458113 0.0  0.413423  0.845843  0.610553  0.628752  0.651379  0.502965  0.582256  0.483775  0.652602  0.532839  0.310239  0.655204  0.701116  0.741135  0.762998  0.831649  0.522023  0.403518  0.608807  0.221355  0.559666  0.668679  0.707503  0.426262  0.688686  0.597154  0.384662  0.782972  0.696396  0.420003  0.551779  0.773970  0.741407 
27  0.587746  0.684435  0.773420  0.535437  0.595586  0.717938  0.636169  0.679736  0.584945  0.743311  0.646269  0.641940  0.613179  0.541852  0.625324  0.818396  0.829551  0.752788  0.487570  0.730544  0.758553  0.613945  0.607005  0.788629  0.914105  0.547002  0.413423 0.0  0.763532  0.589730  0.677477  0.811913  0.639650  0.593798  0.552915  0.736188  0.587611  0.535090  0.760300  0.711850  0.719713  0.758890  0.736778  0.536771  0.439130  0.700242  0.624070  0.667937  0.781735  0.692461  0.423598  0.817883  0.540003  0.508830  0.750370  0.723360  0.436751  0.634237  0.645386  0.833712 
28  0.679347  0.499109  0.556908  0.688983  0.584257  0.626820  0.552064  0.580125  0.615908  0.449627  0.682591  0.466275  0.625228  0.709917  0.616262  0.589957  0.772007  0.404531  0.669307  0.731433  0.452686  0.674485  0.671530  0.564585  0.682917  0.684655  0.845843  0.763532 0.0  0.702435  0.698839  0.521038  0.767843  0.712820  0.645381  0.291742  0.672680  0.827398  0.744081  0.708648  0.544838  0.691313  0.692086  0.724250  0.664146  0.482996  0.687340  0.688576  0.614768  0.327141  0.713594  0.536007  0.689787  0.698419  0.251198  0.607489  0.673593  0.699088  0.630969  0.404185 
29  0.544377  0.536115  0.680772  0.431762  0.356823  0.439456  0.617181  0.547359  0.471129  0.644742  0.478263  0.684506  0.529047  0.420707  0.427287  0.759166  0.833089  0.634496  0.511576  0.582218  0.686551  0.242970  0.411331  0.603548  0.813355  0.530360  0.610553  0.589730  0.702435 0.0  0.647487  0.729683  0.331610  0.521681  0.370583  0.708488  0.358544  0.634010  0.486027  0.634079  0.678888  0.691512  0.544289  0.380999  0.505929  0.664938  0.515551  0.409908  0.537793  0.632100  0.521280  0.800743  0.441062  0.422399  0.679187  0.588680  0.427262  0.321848  0.648196  0.640170 
30  0.527153  0.499942  0.631857  0.549393  0.664712  0.573052  0.562268  0.465216  0.582433  0.597585  0.683483  0.538367  0.586050  0.542035  0.368957  0.690865  0.750426  0.590086  0.554745  0.694524  0.704601  0.703605  0.567576  0.501728  0.823830  0.503013  0.628752  0.677477  0.698839  0.647487 0.0  0.719587  0.640021  0.380013  0.602701  0.647228  0.672992  0.639821  0.709382  0.692787  0.724699  0.722622  0.654133  0.443867  0.633479  0.529813  0.523102  0.613413  0.622639  0.655599  0.477605  0.618663  0.540925  0.511772  0.637280  0.477908  0.605654  0.546783  0.589999  0.686390 
31  0.658152  0.545744  0.472319  0.567946  0.737259  0.676329  0.442876  0.699307  0.632596  0.651394  0.712989  0.541486  0.670409  0.731436  0.475153  0.486646  0.696907  0.502318  0.721392  0.716150  0.466708  0.745581  0.611610  0.607838  0.789418  0.706333  0.651379  0.811913  0.521038  0.729683  0.719587 0.0  0.813216  0.635631  0.625778  0.667268  0.709608  0.806716  0.685571  0.775286  0.261990  0.677136  0.684842  0.740113  0.730799  0.534222  0.692801  0.632651  0.555375  0.406511  0.702864  0.483952  0.663664  0.715520  0.675258  0.733290  0.864813  0.795128  0.525270  0.642440 
32  0.559085  0.673788  0.724169  0.490713  0.481251  0.586121  0.714851  0.539335  0.431718  0.691930  0.555310  0.648148  0.552740  0.515521  0.570918  0.939269  0.891437  0.711625  0.487191  0.625186  0.798784  0.340110  0.414998  0.648474  0.848162  0.532190  0.502965  0.639650  0.767843  0.331610  0.640021  0.813216 0.0  0.531505  0.411973  0.785056  0.207647  0.519949  0.532318  0.679785  0.669613  0.726301  0.646321  0.509501  0.521171  0.714482  0.454127  0.531799  0.668464  0.737861  0.353191  0.844790  0.493614  0.478554  0.709300  0.738926  0.410915  0.383484  0.580370  0.758730 
33  0.373302  0.492108  0.676128  0.412816  0.613586  0.518697  0.619244  0.290877  0.505015  0.610588  0.823297  0.524754  0.574168  0.510509  0.348428  0.838830  0.857505  0.633457  0.648697  0.665623  0.833330  0.577497  0.523312  0.492047  0.874623  0.491872  0.582256  0.593798  0.712820  0.521681  0.380013  0.635631  0.531505 0.0  0.610237  0.718492  0.571163  0.574919  0.633666  0.647600  0.627950  0.812943  0.616977  0.409761  0.570056  0.672529  0.483871  0.498513  0.676195  0.633225  0.609946  0.809727  0.445070  0.511678  0.578734  0.574334  0.497049  0.494628  0.481505  0.667607 
34  0.440773  0.654299  0.683774  0.336501  0.459540  0.523430  0.611795  0.507672  0.400405  0.638669  0.567064  0.569021  0.438866  0.355926  0.459389  0.684524  0.805841  0.666792  0.469918  0.583170  0.683941  0.439157  0.343116  0.645051  0.807727  0.512079  0.483775  0.552915  0.645381  0.370583  0.602701  0.625778  0.411973  0.610237 0.0  0.637943  0.302456  0.510467  0.679667  0.629585  0.708237  0.649232  0.565999  0.291120  0.345880  0.672378  0.601337  0.548951  0.505291  0.582006  0.538701  0.794882  0.374476  0.596868  0.647351  0.517093  0.465244  0.348929  0.589481  0.741799 
35  0.745202  0.527364  0.599484  0.668226  0.671213  0.596918  0.592306  0.586996  0.657943  0.410469  0.588632  0.472516  0.615360  0.741922  0.643183  0.502370  0.757568  0.531524  0.597846  0.693198  0.615275  0.631700  0.691689  0.600665  0.785765  0.707462  0.652602  0.736188  0.291742  0.708488  0.647228  0.667268  0.785056  0.718492  0.637943 0.0  0.610237  0.719500  0.738424  0.690087  0.616421  0.659096  0.539163  0.658217  0.753157  0.409023  0.656633  0.613531  0.448439  0.244479  0.677964  0.491085  0.612454  0.711035  0.340705  0.607079  0.716424  0.690884  0.549179  0.379492 
36  0.422280  0.678454  0.697190  0.491338  0.413340  0.608045  0.660964  0.674065  0.462404  0.709101  0.521284  0.628667  0.562505  0.408996  0.631034  0.786604  0.862578  0.734192  0.310960  0.639373  0.834034  0.364994  0.416926  0.608278  0.753805  0.443231  0.532839  0.587611  0.672680  0.358544  0.672992  0.709608  0.207647  0.571163  0.302456  0.610237 0.0  0.441254  0.661088  0.617710  0.709806  0.722938  0.602659  0.496062  0.418509  0.719467  0.530439  0.464493  0.498123  0.728732  0.396933  0.725617  0.449731  0.487556  0.696483  0.662403  0.377678  0.200143  0.653246  0.708275 
37  0.441309  0.544599  0.748867  0.552047  0.621805  0.612249  0.695270  0.518517  0.588180  0.603810  0.637762  0.643196  0.694563  0.372763  0.627829  0.769772  0.846839  0.713039  0.446328  0.772514  0.729718  0.608509  0.473677  0.671920  0.768250  0.401143  0.310239  0.535090  0.827398  0.634010  0.639821  0.806716  0.519949  0.574919  0.510467  0.719500  0.441254 0.0  0.671138  0.700251  0.727574  0.708348  0.607773  0.600043  0.393481  0.752012  0.232945  0.609878  0.601811  0.570194  0.301507  0.843703  0.453513  0.311115  0.700757  0.711660  0.406945  0.433312  0.735895  0.731902 
38  0.660773  0.707767  0.847240  0.693830  0.575794  0.701589  0.702013  0.681799  0.587362  0.593863  0.507493  0.666589  0.499675  0.554154  0.680984  0.787395  0.863929  0.639351  0.730452  0.125404  0.846907  0.605714  0.525111  0.680411  0.834346  0.690215  0.655204  0.760300  0.744081  0.486027  0.709382  0.685571  0.532318  0.633666  0.679667  0.738424  0.661088  0.671138 0.0  0.602697  0.737069  0.622818  0.478783  0.522325  0.725361  0.699484  0.628961  0.503143  0.595235  0.740280  0.554271  0.746911  0.672011  0.759516  0.678476  0.713231  0.605602  0.610531  0.652007  0.594736 
39  0.653256  0.672172  0.848897  0.679858  0.565922  0.693102  0.656899  0.663973  0.591896  0.485142  0.607673  0.572425  0.616577  0.733381  0.704788  0.647963  0.746404  0.679340  0.620934  0.573506  0.777828  0.593146  0.718203  0.679427  0.909738  0.710970  0.701116  0.711850  0.708648  0.634079  0.692787  0.775286  0.679785  0.647600  0.629585  0.690087  0.617710  0.700251  0.602697 0.0  0.709552  0.378537  0.556415  0.673018  0.790406  0.732761  0.861945  0.518718  0.603551  0.566457  0.685142  0.669162  0.697604  0.746318  0.687857  0.558586  0.735867  0.710597  0.692945  0.544283 
40  0.795566  0.489670  0.428530  0.726441  0.750440  0.694495  0.576366  0.666142  0.722490  0.644942  0.722673  0.636611  0.745556  0.712335  0.678083  0.501706  0.710626  0.501730  0.742804  0.758342  0.421485  0.700830  0.685046  0.529544  0.767717  0.759283  0.741135  0.719713  0.544838  0.678888  0.724699  0.261990  0.669613  0.627950  0.708237  0.616421  0.709806  0.727574  0.737069  0.709552 0.0  0.829190  0.695585  0.659004  0.739632  0.431976  0.670603  0.695231  0.667731  0.569358  0.742875  0.531373  0.714124  0.809118  0.566572  0.739427  0.759939  0.731897  0.526768  0.689229 
41  0.788081  0.664535  0.758245  0.668137  0.657176  0.713456  0.772121  0.838114  0.816664  0.665262  0.726252  0.679777  0.675161  0.717253  0.819010  0.685554  0.862291  0.683423  0.833441  0.477511  0.841452  0.752038  0.657657  0.673548  0.936171  0.747266  0.762998  0.758890  0.691313  0.691512  0.722622  0.677136  0.726301  0.812943  0.649232  0.659096  0.722938  0.708348  0.622818  0.378537  0.829190 0.0  0.669042  0.679788  0.712347  0.686748  0.760194  0.795107  0.659303  0.750667  0.722785  0.694317  0.646594  0.658820  0.714938  0.673357  0.822512  0.723248  0.638514  0.532851 
42  0.584618  0.484652  0.634244  0.546939  0.503010  0.459512  0.635438  0.586717  0.624772  0.534938  0.532557  0.552012  0.534816  0.544921  0.577871  0.531953  0.809639  0.535382  0.656410  0.642607  0.777553  0.613457  0.590814  0.511429  0.726487  0.579516  0.831649  0.736778  0.692086  0.544289  0.654133  0.684842  0.646321  0.616977  0.565999  0.539163  0.602659  0.607773  0.478783  0.556415  0.695585  0.669042 0.0  0.579475  0.520195  0.572319  0.634731  0.466893  0.206361  0.656517  0.591206  0.577789  0.620095  0.637062  0.572191  0.000000  0.660628  0.571599  0.508330  0.583028 
43  0.394612  0.458105  0.778980  0.107142  0.559135  0.533487  0.666533  0.402705  0.270139  0.686157  0.642677  0.579052  0.580163  0.329564  0.451460  0.744120  0.801442  0.732357  0.392560  0.624610  0.758550  0.474396  0.427438  0.521093  0.871188  0.354579  0.522023  0.536771  0.724250  0.380999  0.443867  0.740113  0.509501  0.409761  0.291120  0.658217  0.496062  0.600043  0.522325  0.673018  0.659004  0.679788  0.579475 0.0  0.423035  0.740805  0.502640  0.523116  0.470651  0.697789  0.352602  0.763069  0.133266  0.386610  0.732771  0.588583  0.556349  0.321934  0.582955  0.633548 
44  0.479626  0.689465  0.843724  0.491738  0.614124  0.596381  0.659188  0.510728  0.372462  0.793705  0.666723  0.744950  0.678785  0.452201  0.583132  0.699048  0.989550  0.710406  0.372136  0.620209  0.799636  0.502436  0.502362  0.618305  0.823315  0.421567  0.403518  0.439130  0.664146  0.505929  0.633479  0.730799  0.521171  0.570056  0.345880  0.753157  0.418509  0.393481  0.725361  0.790406  0.739632  0.712347  0.520195  0.423035 0.0  0.617514  0.348363  0.513944  0.640950  0.695301  0.236559  0.779627  0.509009  0.312720  0.790192  0.647436  0.243675  0.517269  0.767528  0.756401 
45  0.683856  0.482301  0.535766  0.807013  0.641529  0.587040  0.600395  0.630551  0.654086  0.536772  0.667531  0.336438  0.557625  0.747534  0.685994  0.604716  0.699903  0.403330  0.624655  0.733013  0.541448  0.741802  0.656048  0.420973  0.715334  0.569769  0.608807  0.700242  0.482996  0.664938  0.529813  0.534222  0.714482  0.672529  0.672378  0.409023  0.719467  0.752012  0.699484  0.732761  0.431976  0.686748  0.572319  0.740805  0.617514 0.0  0.737809  0.578499  0.711104  0.350227  0.616324  0.544484  0.698547  0.708608  0.532708  0.581597  0.717636  0.715602  0.528266  0.510144 
46  0.293157  0.600977  0.698036  0.466935  0.685375  0.557636  0.595808  0.539821  0.347593  0.701835  0.633293  0.637564  0.626276  0.318183  0.610581  0.828307  0.909197  0.669347  0.409273  0.759941  0.723972  0.612488  0.485262  0.622541  0.924942  0.307724  0.221355  0.624070  0.687340  0.515551  0.523102  0.692801  0.454127  0.483871  0.601337  0.656633  0.530439  0.232945  0.628961  0.861945  0.670603  0.760194  0.634731  0.502640  0.348363  0.737809 0.0  0.602937  0.514567  0.585262  0.212107  0.726776  0.498462  0.280483  0.729709  0.715827  0.342122  0.529408  0.660787  0.729693 
47  0.510065  0.590878  0.730579  0.367485  0.467888  0.547342  0.688497  0.481408  0.541249  0.561027  0.439917  0.606063  0.327254  0.497875  0.440369  0.742625  0.826953  0.659285  0.569097  0.529931  0.826494  0.404719  0.344003  0.651252  0.689051  0.609165  0.559666  0.667937  0.688576  0.409908  0.613413  0.632651  0.531799  0.498513  0.548951  0.613531  0.464493  0.609878  0.503143  0.518718  0.695231  0.795107  0.466893  0.523116  0.513944  0.578499  0.602937 0.0  0.358852  0.614431  0.612675  0.782379  0.457942  0.523678  0.687961  0.479705  0.592416  0.402786  0.574025  0.589109 
48  0.612502  0.546566  0.651199  0.601068  0.542931  0.395056  0.654738  0.446041  0.565418  0.498824  0.610800  0.571799  0.406682  0.537067  0.476002  0.682518  0.842536  0.553245  0.599382  0.622068  0.758354  0.535794  0.404318  0.659633  0.765008  0.497272  0.668679  0.781735  0.614768  0.537793  0.622639  0.555375  0.668464  0.676195  0.505291  0.448439  0.498123  0.601811  0.595235  0.603551  0.667731  0.659303  0.206361  0.470651  0.640950  0.711104  0.514567  0.358852 0.0  0.506337  0.646180  0.639640  0.555733  0.558074  0.564796  0.268306  0.658996  0.555823  0.608789  0.544749 
49  0.660570  0.602049  0.557516  0.563079  0.757871  0.662977  0.578522  0.572402  0.572073  0.514152  0.656617  0.398911  0.642096  0.629073  0.559919  0.630832  0.801758  0.536609  0.676379  0.743408  0.640520  0.823890  0.609065  0.537770  0.806784  0.672602  0.707503  0.692461  0.327141  0.632100  0.655599  0.406511  0.737861  0.633225  0.582006  0.244479  0.728732  0.570194  0.740280  0.566457  0.569358  0.750667  0.656517  0.697789  0.695301  0.350227  0.585262  0.614431  0.506337 0.0  0.723629  0.622142  0.712468  0.604417  0.241085  0.553917  0.625842  0.709165  0.524935  0.456827 
50  0.313167  0.705493  0.651025  0.470463  0.589348  0.641083  0.679079  0.607819  0.389004  0.598378  0.673835  0.766168  0.557605  0.331327  0.519266  0.664325  0.842183  0.686670  0.328665  0.678924  0.693782  0.525357  0.565046  0.663172  0.888238  0.336718  0.426262  0.423598  0.713594  0.521280  0.477605  0.702864  0.353191  0.609946  0.538701  0.677964  0.396933  0.301507  0.554271  0.685142  0.742875  0.722785  0.591206  0.352602  0.236559  0.616324  0.212107  0.612675  0.646180  0.723629 0.0  0.783384  0.489253  0.244252  0.545291  0.586775  0.072888  0.472830  0.524950  0.809604 
51  0.739627  0.640392  0.371338  0.735748  0.738807  0.776065  0.713516  0.737980  0.703219  0.526822  0.705190  0.655073  0.770510  0.770773  0.651682  0.371838  0.688562  0.609337  0.830892  0.793680  0.574639  0.660208  0.879785  0.650268  0.777736  0.901840  0.688686  0.817883  0.536007  0.800743  0.618663  0.483952  0.844790  0.809727  0.794882  0.491085  0.725617  0.843703  0.746911  0.669162  0.531373  0.694317  0.577789  0.763069  0.779627  0.544484  0.726776  0.782379  0.639640  0.622142  0.783384 0.0  0.723993  0.695711  0.586252  0.711611  0.737024  0.716828  0.690427  0.481603 
52  0.247812  0.530095  0.791746  0.221592  0.645593  0.588179  0.650190  0.447093  0.231100  0.634712  0.582891  0.633445  0.567664  0.265642  0.438976  0.825674  0.794076  0.769033  0.295292  0.685439  0.882283  0.543584  0.479855  0.544852  0.714921  0.333257  0.597154  0.540003  0.689787  0.441062  0.540925  0.663664  0.493614  0.445070  0.374476  0.612454  0.449731  0.453513  0.672011  0.697604  0.714124  0.646594  0.620095  0.133266  0.509009  0.698547  0.498462  0.457942  0.555733  0.712468  0.489253  0.723993 0.0  0.359498  0.731235  0.652922  0.443119  0.505632  0.614236  0.682940 
53  0.291567  0.513503  0.690639  0.465636  0.527174  0.598657  0.601849  0.519728  0.430762  0.667097  0.694451  0.721235  0.580081  0.305364  0.385639  0.775461  0.892030  0.733565  0.251903  0.696924  0.719979  0.481858  0.389566  0.714935  0.788981  0.175061  0.384662  0.508830  0.698419  0.422399  0.511772  0.715520  0.478554  0.511678  0.596868  0.711035  0.487556  0.311115  0.759516  0.746318  0.809118  0.658820  0.637062  0.386610  0.312720  0.708608  0.280483  0.523678  0.558074  0.604417  0.244252  0.695711  0.359498 0.0  0.777970  0.629988  0.319033  0.461220  0.666702  0.620163 
54  0.638149  0.571031  0.543586  0.653955  0.591342  0.669699  0.800850  0.671116  0.668090  0.346940  0.793922  0.486862  0.654768  0.697170  0.685888  0.502209  0.772520  0.526597  0.715775  0.648674  0.735793  0.725139  0.611243  0.508660  0.739380  0.734341  0.782972  0.750370  0.251198  0.679187  0.637280  0.675258  0.709300  0.578734  0.647351  0.340705  0.696483  0.700757  0.678476  0.687857  0.566572  0.714938  0.572191  0.732771  0.790192  0.532708  0.729709  0.687961  0.564796  0.241085  0.545291  0.586252  0.731235  0.777970 0.0  0.592500  0.599010  0.758594  0.489330  0.329243 
55  0.594357  0.584453  0.653181  0.590361  0.591472  0.529731  0.642163  0.586148  0.583101  0.443685  0.606983  0.544172  0.564015  0.671443  0.518062  0.691787  0.748852  0.676082  0.637302  0.640326  0.742564  0.663725  0.465469  0.484573  0.733763  0.567553  0.696396  0.723360  0.607489  0.588680  0.477908  0.733290  0.738926  0.574334  0.517093  0.607079  0.662403  0.711660  0.713231  0.558586  0.739427  0.673357  0.000000  0.588583  0.647436  0.581597  0.715827  0.479705  0.268306  0.553917  0.586775  0.711611  0.652922  0.629988  0.592500 0.0  0.607343  0.528809  0.374010  0.580831 
56  0.354282  0.655379  0.717099  0.332842  0.647279  0.607002  0.713661  0.549670  0.356531  0.662103  0.599671  0.663992  0.703887  0.407050  0.582716  0.847202  0.888092  0.768984  0.304251  0.598784  0.659920  0.408455  0.552595  0.591082  0.893838  0.424835  0.420003  0.436751  0.673593  0.427262  0.605654  0.864813  0.410915  0.497049  0.465244  0.716424  0.377678  0.406945  0.605602  0.735867  0.759939  0.822512  0.660628  0.556349  0.243675  0.717636  0.342122  0.592416  0.658996  0.625842  0.072888  0.737024  0.443119  0.319033  0.599010  0.607343 0.0  0.413441  0.739312  0.736414 
57  0.484035  0.619964  0.713093  0.558636  0.498443  0.637924  0.715252  0.597740  0.324140  0.702792  0.629176  0.629652  0.521326  0.451511  0.448774  0.815858  0.809630  0.691511  0.390510  0.606416  0.770622  0.322655  0.493460  0.664143  0.957890  0.461578  0.551779  0.634237  0.699088  0.321848  0.546783  0.795128  0.383484  0.494628  0.348929  0.690884  0.200143  0.433312  0.610531  0.710597  0.731897  0.723248  0.571599  0.321934  0.517269  0.715602  0.529408  0.402786  0.555823  0.709165  0.472830  0.716828  0.505632  0.461220  0.758594  0.528809  0.413441 0.0  0.606190  0.660836 
58  0.585992  0.323183  0.543891  0.564714  0.628369  0.517675  0.503531  0.511110  0.519403  0.437360  0.577214  0.470872  0.577205  0.698706  0.535599  0.636715  0.991187  0.497087  0.586279  0.693779  0.692843  0.747325  0.562569  0.172279  0.787453  0.684092  0.773970  0.645386  0.630969  0.648196  0.589999  0.525270  0.580370  0.481505  0.589481  0.549179  0.653246  0.735895  0.652007  0.692945  0.526768  0.638514  0.508330  0.582955  0.767528  0.528266  0.660787  0.574025  0.608789  0.524935  0.524950  0.690427  0.614236  0.666702  0.489330  0.374010  0.739312  0.606190 0.0  0.564442 
59  0.688107  0.573427  0.605482  0.705482  0.732251  0.629596  0.683394  0.661930  0.772261  0.477090  0.655384  0.551723  0.806296  0.740095  0.685953  0.610658  0.816890  0.539998  0.724633  0.716352  0.613226  0.754719  0.596438  0.505039  0.762337  0.778496  0.741407  0.833712  0.404185  0.640170  0.686390  0.642440  0.758730  0.667607  0.741799  0.379492  0.708275  0.731902  0.594736  0.544283  0.689229  0.532851  0.583028  0.633548  0.756401  0.510144  0.729693  0.589109  0.544749  0.456827  0.809604  0.481603  0.682940  0.620163  0.329243  0.580831  0.736414  0.660836  0.564442 0.0 
