60
0 0.0  0.596661  0.653992  0.432765  0.630951  0.576922  0.643460  0.291979  0.366862  0.636124  0.668172  0.603624  0.567666  0.288623  0.319074  0.749481  0.786893  0.794833  0.219438  0.630222  0.865356  0.504726  0.487759  0.684336  0.844732  0.105153  0.450240  0.612929  0.738895  0.484670  0.614984  0.716888  0.468981  0.382311  0.465000  0.649986  0.445267  0.481789  0.619026  0.682328  0.727192  0.777007  0.722249  0.352457  0.383578  0.636492  0.343246  0.486816  0.643724  0.721459  0.343714  0.796470  0.320953  0.263929  0.737752  0.628072  0.346952  0.431448  0.591607  0.640271 
1  0.596661 0.0  0.581616  0.596969  0.615183  0.331562  0.551413  0.508376  0.512766  0.570550  0.675981  0.428093  0.569978  0.578712  0.401129  0.684424  0.833572  0.589799  0.586577  0.695695  0.791363  0.634697  0.586435  0.244957  0.805343  0.633088  0.641134  0.761284  0.620009  0.614901  0.565232  0.548830  0.586432  0.491973  0.652618  0.555433  0.657341  0.621632  0.762902  0.586329  0.596124  0.704968  0.526139  0.486040  0.644209  0.444596  0.718673  0.534234  0.440530  0.567751  0.570132  0.673267  0.452954  0.556161  0.657873  0.522306  0.727940  0.611138  0.247706  0.639858 
2  0.653992  0.581616 0.0  0.817342  0.711397  0.611755  0.475166  0.670177  0.741195  0.494045  0.721377  0.429915  0.784289  0.652648  0.711252  0.402866  0.889845  0.428236  0.779494  0.624341  0.377478  0.694165  0.805475  0.676397  0.793322  0.715983  0.751543  0.750642  0.572019  0.653103  0.696797  0.453938  0.764314  0.761337  0.724649  0.506986  0.714563  0.773930  0.841404  0.751949  0.365123  0.802391  0.693134  0.697731  0.844315  0.486718  0.805223  0.657801  0.682133  0.519869  0.736256  0.480635  0.773427  0.774160  0.499253  0.664151  0.749908  0.670105  0.605733  0.660821 
3  0.432765  0.596969  0.817342 0.0  0.578364  0.446924  0.586304  0.408528  0.411011  0.650513  0.534240  0.634734  0.526949  0.530685  0.272570  0.639175  0.791659  0.726059  0.396288  0.730399  0.806376  0.467146  0.577665  0.650065  0.803417  0.492871  0.555557  0.609088  0.782815  0.463131  0.455662  0.745550  0.628524  0.430254  0.378570  0.709017  0.369632  0.408147  0.729083  0.778621  0.672286  0.687606  0.595403  0.072802  0.538163  0.609889  0.399218  0.496264  0.581211  0.714639  0.558083  0.696775  0.203639  0.428129  0.662713  0.589393  0.475096  0.491148  0.483623  0.686333 
4  0.630951  0.615183  0.711397  0.578364 0.0  0.483274  0.737891  0.496137  0.570277  0.492568  0.394659  0.765045  0.282174  0.586246  0.519053  0.804423  0.812326  0.710473  0.638520  0.558184  0.727570  0.422232  0.293812  0.610121  0.861341  0.607087  0.736296  0.651286  0.724542  0.467639  0.738020  0.699124  0.469175  0.656975  0.414811  0.716365  0.506648  0.559244  0.605350  0.695459  0.716252  0.725380  0.550892  0.499807  0.622630  0.620595  0.598498  0.337647  0.483306  0.719597  0.473498  0.725050  0.535282  0.542669  0.631794  0.468346  0.536251  0.473078  0.525343  0.607838 
5  0.576922  0.331562  0.611755  0.446924  0.483274 0.0  0.547592  0.395381  0.577360  0.578792  0.549702  0.557212  0.598721  0.523962  0.419117  0.751157  0.809939  0.682879  0.494189  0.676276  0.669508  0.547947  0.547282  0.419758  0.734517  0.525171  0.548809  0.683152  0.644973  0.546893  0.544749  0.689566  0.622118  0.493630  0.526272  0.688910  0.588940  0.595043  0.639189  0.665174  0.695142  0.733723  0.520314  0.511022  0.593953  0.575189  0.655941  0.458472  0.486255  0.555528  0.657135  0.710438  0.467643  0.628868  0.541935  0.417346  0.647065  0.545637  0.473927  0.601080 
6  0.643460  0.551413  0.475166  0.586304  0.737891  0.547592 0.0  0.639649  0.707183  0.663228  0.801621  0.503329  0.617438  0.610374  0.621498  0.591303  0.803301  0.605265  0.645240  0.770550  0.587497  0.682401  0.657138  0.406688  0.758090  0.650274  0.675939  0.737661  0.587316  0.657815  0.474164  0.512818  0.747963  0.554877  0.598052  0.598255  0.768868  0.746547  0.762908  0.746211  0.556723  0.833098  0.685848  0.703005  0.692108  0.564429  0.687690  0.626003  0.640552  0.613610  0.682275  0.688906  0.596494  0.799875  0.685739  0.525893  0.668148  0.772625  0.573346  0.633044 
7  0.291979  0.508376  0.670177  0.408528  0.496137  0.395381  0.639649 0.0  0.424751  0.504205  0.642523  0.590806  0.572328  0.538018  0.224613  0.722153  0.854186  0.745928  0.546717  0.677115  0.693882  0.572881  0.573365  0.576018  0.787687  0.426753  0.596945  0.700395  0.641720  0.581313  0.368464  0.743863  0.571535  0.291464  0.524598  0.618839  0.553565  0.528299  0.690651  0.647969  0.634802  0.681922  0.496334  0.462541  0.591727  0.564049  0.610122  0.502622  0.566890  0.617394  0.591789  0.721676  0.502365  0.572010  0.575546  0.544648  0.535544  0.523985  0.431004  0.689543 
8  0.366862  0.512766  0.741195  0.411011  0.570277  0.577360  0.707183  0.424751 0.0  0.696873  0.685891  0.676736  0.666202  0.224689  0.412454  0.778585  0.849511  0.602120  0.266688  0.551704  0.767573  0.420099  0.446665  0.600982  0.840171  0.350115  0.538129  0.658343  0.719027  0.296871  0.602628  0.757666  0.414135  0.513044  0.323462  0.709394  0.333757  0.447231  0.638419  0.690944  0.827335  0.669851  0.660807  0.092240  0.450590  0.839784  0.493102  0.584275  0.528442  0.644751  0.302012  0.736837  0.092519  0.330174  0.779916  0.583621  0.360971  0.349934  0.543495  0.670814 
9  0.636124  0.570550  0.494045  0.650513  0.492568  0.578792  0.663228  0.504205  0.696873 0.0  0.591593  0.554329  0.597760  0.647886  0.659928  0.517735  0.830154  0.437879  0.620946  0.588493  0.674734  0.663438  0.670086  0.626413  0.783865  0.666051  0.722869  0.812273  0.415586  0.645097  0.555775  0.558282  0.659831  0.633325  0.689469  0.418618  0.665724  0.638034  0.711621  0.566158  0.617058  0.717329  0.481829  0.762001  0.720177  0.480961  0.717305  0.681213  0.550825  0.396823  0.705838  0.700116  0.717133  0.685615  0.265271  0.521276  0.733771  0.607192  0.567010  0.474848 
10  0.668172  0.675981  0.721377  0.534240  0.394659  0.549702  0.801621  0.642523  0.685891  0.591593 0.0  0.701870  0.343250  0.589760  0.579041  0.682574  0.801528  0.653681  0.673647  0.354789  0.774624  0.521767  0.522926  0.760115  0.808397  0.658825  0.635710  0.829973  0.558276  0.588767  0.702761  0.783638  0.641156  0.590620  0.523339  0.629923  0.511194  0.592191  0.454762  0.589119  0.732172  0.686068  0.470766  0.575299  0.651686  0.718458  0.714475  0.602041  0.482164  0.671906  0.651193  0.710213  0.596532  0.649763  0.732597  0.605042  0.689929  0.477538  0.753104  0.722384 
11  0.603624  0.428093  0.429915  0.634734  0.765045  0.557212  0.503329  0.590806  0.676736  0.554329  0.701870 0.0  0.665800  0.644229  0.578315  0.616012  0.792611  0.481373  0.665825  0.614991  0.610148  0.732068  0.606768  0.294519  0.789083  0.707834  0.665070  0.762718  0.496198  0.658583  0.563830  0.348794  0.631572  0.600161  0.523733  0.538845  0.674682  0.858541  0.680271  0.563783  0.466463  0.721124  0.497997  0.585153  0.667829  0.456331  0.674317  0.670342  0.571078  0.505891  0.633650  0.631723  0.728918  0.681905  0.578868  0.475835  0.708817  0.654824  0.407897  0.607703 
12  0.567666  0.569978  0.784289  0.526949  0.282174  0.598721  0.617438  0.572328  0.666202  0.597760  0.343250  0.665800 0.0  0.603678  0.582321  0.648696  0.903807  0.731826  0.687588  0.507227  0.686701  0.535459  0.455071  0.635105  0.835865  0.657971  0.729265  0.700649  0.742824  0.385992  0.539880  0.755656  0.485520  0.625261  0.534076  0.519071  0.540982  0.721309  0.485804  0.492983  0.629253  0.715976  0.588365  0.504754  0.668224  0.731812  0.544979  0.482610  0.510082  0.625526  0.586412  0.617723  0.568758  0.651298  0.655182  0.495693  0.624435  0.427124  0.711604  0.801973 
13  0.288623  0.578712  0.652648  0.530685  0.586246  0.523962  0.610374  0.538018  0.224689  0.647886  0.589760  0.644229  0.603678 0.0  0.439967  0.843001  0.782153  0.720859  0.276599  0.666336  0.766712  0.427008  0.432425  0.550591  0.862779  0.351255  0.520517  0.595274  0.644503  0.422730  0.647304  0.690253  0.551648  0.529376  0.467826  0.752635  0.418202  0.511222  0.621775  0.644152  0.667666  0.791176  0.590858  0.270477  0.366188  0.749541  0.380097  0.507780  0.627533  0.591022  0.268798  0.762713  0.293027  0.216961  0.710260  0.667553  0.349291  0.395783  0.692261  0.710017 
14  0.319074  0.401129  0.711252  0.272570  0.519053  0.419117  0.621498  0.224613  0.412454  0.659928  0.579041  0.578315  0.582321  0.439967 0.0  0.656595  0.833308  0.694585  0.587150  0.602185  0.759677  0.562687  0.469005  0.593536  0.812178  0.501164  0.597918  0.651737  0.723466  0.588134  0.584916  0.805501  0.505478  0.447559  0.399241  0.571704  0.561034  0.543780  0.691012  0.675349  0.708692  0.746385  0.624694  0.500235  0.682443  0.706505  0.632232  0.520340  0.535373  0.638020  0.598148  0.815513  0.409351  0.492697  0.656481  0.596997  0.542570  0.493971  0.463644  0.701069 
15  0.749481  0.684424  0.402866  0.639175  0.804423  0.751157  0.591303  0.722153  0.778585  0.517735  0.682574  0.616012  0.648696  0.843001  0.656595 0.0  0.737341  0.510182  0.786070  0.746106  0.414021  0.717244  0.677943  0.605212  0.701385  0.763916  0.871630  0.779246  0.518628  0.691267  0.804290  0.552636  0.760382  0.658187  0.728804  0.673444  0.893521  0.787754  0.748544  0.734565  0.515485  0.851851  0.714494  0.806549  0.818254  0.524167  0.745954  0.723771  0.773807  0.573287  0.837954  0.362874  0.730539  0.796595  0.584544  0.565301  0.782961  0.698236  0.717160  0.510011 
16  0.786893  0.833572  0.889845  0.791659  0.812326  0.809939  0.803301  0.854186  0.849511  0.830154  0.801528  0.792611  0.903807  0.782153  0.833308  0.737341 0.0  0.617470  0.937425  0.783106  0.627743  0.847614  0.739700  0.850556  0.459513  0.827321  0.834919  0.897784  0.712517  0.798374  0.746856  0.755408  0.883433  0.824573  0.927235  0.864332  1.000000  0.856299  0.956741  0.871719  0.717712  0.823842  0.868717  0.712338  0.913377  0.624327  0.904032  0.766888  0.863287  0.830166  0.899439  0.705827  0.839398  0.862319  0.704677  0.838398  0.755979  0.879299  0.833236  0.856240 
17  0.794833  0.589799  0.428236  0.726059  0.710473  0.682879  0.605265  0.745928  0.602120  0.437879  0.653681  0.481373  0.731826  0.720859  0.694585  0.510182  0.617470 0.0  0.669588  0.728460  0.389666  0.730724  0.658085  0.573583  0.713008  0.693438  0.810322  0.816544  0.556334  0.781380  0.701427  0.368034  0.727156  0.748058  0.673200  0.443652  0.743812  0.700199  0.755409  0.781623  0.503170  0.585993  0.608505  0.714146  0.722145  0.454564  0.706300  0.729716  0.690631  0.504277  0.727116  0.615725  0.659843  0.632093  0.468933  0.627036  0.619980  0.718033  0.628696  0.551608 
18  0.219438  0.586577  0.779494  0.396288  0.638520  0.494189  0.645240  0.546717  0.266688  0.620946  0.673647  0.665825  0.687588  0.276599  0.587150  0.786070  0.937425  0.669588 0.0  0.670497  0.720625  0.448555  0.425831  0.572445  0.846710  0.281427  0.454139  0.539833  0.764510  0.473126  0.627789  0.821914  0.477612  0.508014  0.441119  0.682038  0.467862  0.278381  0.680954  0.698187  0.729545  0.789593  0.672806  0.471870  0.440089  0.696935  0.395742  0.562826  0.524554  0.722792  0.125235  0.717554  0.455666  0.130419  0.627045  0.571530  0.316444  0.446607  0.584719  0.644582 
19  0.630222  0.695695  0.624341  0.730399  0.558184  0.676276  0.770550  0.677115  0.551704  0.588493  0.354789  0.614991  0.507227  0.666336  0.602185  0.746106  0.783106  0.728460  0.670497 0.0  0.797858  0.616433  0.616200  0.698712  0.850483  0.577499  0.624835  0.703555  0.710966  0.611681  0.607330  0.720348  0.619451  0.772629  0.620164  0.604811  0.632250  0.609538  0.293917  0.515559  0.693699  0.617869  0.529318  0.664794  0.673008  0.800974  0.654483  0.507089  0.550841  0.646554  0.574541  0.782487  0.637177  0.638234  0.675081  0.565663  0.691117  0.582377  0.674557  0.789169 
20  0.865356  0.791363  0.377478  0.806376  0.727570  0.669508  0.587497  0.693882  0.767573  0.674734  0.774624  0.610148  0.686701  0.766712  0.759677  0.414021  0.627743  0.389666  0.720625  0.797858 0.0  0.881294  0.726863  0.614975  0.751162  0.750113  0.804715  0.973693  0.506668  0.787608  0.728723  0.586844  0.707236  0.634852  0.740934  0.626791  0.707554  0.804337  0.863241  0.670492  0.535175  0.763643  0.636684  0.712630  0.829105  0.581183  0.806043  0.683976  0.733569  0.651300  0.750833  0.509365  0.673479  0.628184  0.592331  0.630714  0.767289  0.709585  0.646266  0.588390 
21  0.504726  0.634697  0.694165  0.467146  0.422232  0.547947  0.682401  0.572881  0.420099  0.663438  0.521767  0.732068  0.535459  0.427008  0.562687  0.717244  0.847614  0.730724  0.448555  0.616433  0.881294 0.0  0.421512  0.621303  0.862172  0.488999  0.635626  0.591029  0.670608  0.217758  0.565842  0.672217  0.249436  0.634010  0.358057  0.648373  0.240018  0.595166  0.540652  0.642466  0.769791  0.762111  0.687358  0.561068  0.406556  0.742417  0.556060  0.541726  0.467186  0.742998  0.507331  0.821437  0.572797  0.541319  0.621014  0.532300  0.542674  0.327187  0.641573  0.689976 
22  0.487759  0.586435  0.805475  0.577665  0.293812  0.547282  0.657138  0.573365  0.446665  0.670086  0.522926  0.606768  0.455071  0.432425  0.469005  0.677943  0.739700  0.658085  0.425831  0.616200  0.726863  0.421512 0.0  0.578575  0.846136  0.580534  0.610903  0.636348  0.608596  0.382713  0.547893  0.590288  0.471051  0.580283  0.288601  0.723727  0.501062  0.608938  0.481874  0.614799  0.760422  0.613192  0.597377  0.366778  0.638014  0.697932  0.574524  0.298786  0.633602  0.596363  0.558330  0.855568  0.532639  0.589479  0.690372  0.484095  0.376088  0.548394  0.630867  0.694033 
23  0.684336  0.244957  0.676397  0.650065  0.610121  0.419758  0.406688  0.576018  0.600982  0.626413  0.760115  0.294519  0.635105  0.550591  0.593536  0.605212  0.850556  0.573583  0.572445  0.698712  0.614975  0.621303  0.578575 0.0  0.859992  0.652155  0.691653  0.656880  0.518617  0.532076  0.663222  0.583336  0.735948  0.482617  0.679436  0.503612  0.684409  0.781275  0.720906  0.678201  0.492538  0.666140  0.514021  0.630764  0.682697  0.452425  0.607113  0.524294  0.536023  0.430660  0.573584  0.695103  0.637943  0.596138  0.573768  0.627802  0.627495  0.700346  0.192163  0.543356 
24  0.844732  0.805343  0.793322  0.803417  0.861341  0.734517  0.758090  0.787687  0.840171  0.783865  0.808397  0.789083  0.835865  0.862779  0.812178  0.701385  0.459513  0.713008  0.846710  0.850483  0.751162  0.862172  0.846136  0.859992 0.0  0.778778  0.802939  0.744952  0.860348  0.833796  0.841298  0.689024  0.790057  0.846106  0.817844  0.728827  0.952900  0.770419  0.922848  0.851447  0.821317  0.902516  0.860997  0.838008  0.798604  0.736352  0.809767  0.880875  0.915426  0.807859  0.813769  0.657684  0.836961  0.806861  0.651050  0.761108  0.888239  0.880386  0.753131  0.735031 
25  0.105153  0.633088  0.715983  0.492871  0.607087  0.525171  0.650274  0.426753  0.350115  0.666051  0.658825  0.707834  0.657971  0.351255  0.501164  0.763916  0.827321  0.693438  0.281427  0.577499  0.750113  0.488999  0.580534  0.652155  0.778778 0.0  0.504703  0.567018  0.828237  0.420662  0.568533  0.656879  0.486265  0.439626  0.370378  0.639538  0.527990  0.415882  0.735036  0.631262  0.742988  0.876505  0.628556  0.349285  0.438742  0.607167  0.375702  0.627623  0.656128  0.699904  0.313198  0.744358  0.388753  0.201594  0.587062  0.647588  0.381687  0.437810  0.658986  0.691752 
26  0.450240  0.641134  0.751543  0.555557  0.736296  0.548809  0.675939  0.596945  0.538129  0.722869  0.635710  0.665070  0.729265  0.520517  0.597918  0.871630  0.834919  0.810322  0.454139  0.624835  0.804715  0.635626  0.610903  0.691653  0.802939  0.504703 0.0  0.469317  0.802031  0.447456  0.645842  0.873479  0.510826  0.524583  0.579527  0.776365  0.584849  0.203753  0.741255  0.702097  0.695935  0.706607  0.710558  0.459553  0.369101  0.732587  0.179292  0.530713  0.613938  0.741555  0.425152  0.789793  0.455315  0.418429  0.729962  0.564746  0.504332  0.499731  0.719297  0.847847 
27  0.612929  0.761284  0.750642  0.609088  0.651286  0.683152  0.737661  0.700395  0.658343  0.812273  0.829973  0.762718  0.700649  0.595274  0.651737  0.779246  0.897784  0.816544  0.539833  0.703555  0.973693  0.591029  0.636348  0.656880  0.744952  0.567018  0.469317 0.0  0.746263  0.510192  0.730687  0.727267  0.568280  0.720101  0.771807  0.860116  0.636677  0.410357  0.655787  0.708814  0.763785  0.717292  0.724038  0.618362  0.606196  0.734599  0.595652  0.696444  0.701016  0.730413  0.473210  0.653998  0.627509  0.532910  0.855589  0.736165  0.458854  0.551219  0.708932  0.647870 
28  0.738895  0.620009  0.572019  0.782815  0.724542  0.644973  0.587316  0.641720  0.719027  0.415586  0.558276  0.496198  0.742824  0.644503  0.723466  0.518628  0.712517  0.556334  0.764510  0.710966  0.506668  0.670608  0.608596  0.518617  0.860348  0.828237  0.802031  0.746263 0.0  0.661555  0.639300  0.420634  0.811493  0.686362  0.626760  0.273727  0.691888  0.689416  0.600239  0.649332  0.564040  0.622352  0.578519  0.694449  0.740258  0.474396  0.736873  0.746081  0.584155  0.351002  0.645389  0.595001  0.642979  0.679663  0.270313  0.647901  0.721047  0.643146  0.555072  0.313025 
29  0.484670  0.614901  0.653103  0.463131  0.467639  0.546893  0.657815  0.581313  0.296871  0.645097  0.588767  0.658583  0.385992  0.422730  0.588134  0.691267  0.798374  0.781380  0.473126  0.611681  0.787608  0.217758  0.382713  0.532076  0.833796  0.420662  0.447456  0.510192  0.661555 0.0  0.763535  0.676455  0.391224  0.603862  0.252106  0.699480  0.402042  0.518206  0.595749  0.636271  0.700612  0.663211  0.562842  0.528398  0.534133  0.633321  0.509497  0.550434  0.474402  0.765344  0.516595  0.827544  0.366679  0.439773  0.632661  0.600175  0.534397  0.192202  0.636696  0.715789 
30  0.614984  0.565232  0.696797  0.455662  0.738020  0.544749  0.474164  0.368464  0.602628  0.555775  0.702761  0.563830  0.539880  0.647304  0.584916  0.804290  0.746856  0.701427  0.627789  0.607330  0.728723  0.565842  0.547893  0.663222  0.841298  0.568533  0.645842  0.730687  0.639300  0.763535 0.0  0.723903  0.697046  0.277866  0.507026  0.585937  0.628815  0.537765  0.751171  0.760504  0.658387  0.727180  0.681572  0.555261  0.469764  0.653980  0.482736  0.595037  0.628230  0.651623  0.578272  0.734735  0.429192  0.507215  0.709335  0.629462  0.673375  0.655083  0.497813  0.725361 
31  0.716888  0.548830  0.453938  0.745550  0.699124  0.689566  0.512818  0.743863  0.757666  0.558282  0.783638  0.348794  0.755656  0.690253  0.805501  0.552636  0.755408  0.368034  0.821914  0.720348  0.586844  0.672217  0.590288  0.583336  0.689024  0.656879  0.873479  0.727267  0.420634  0.676455  0.723903 0.0  0.834048  0.653248  0.734517  0.626262  0.746703  0.742386  0.703486  0.601876  0.356996  0.766565  0.685261  0.710786  0.664370  0.422348  0.717256  0.613516  0.581398  0.636761  0.759006  0.648200  0.708857  0.751531  0.581786  0.620000  0.757543  0.768725  0.520853  0.556088 
32  0.468981  0.586432  0.764314  0.628524  0.469175  0.622118  0.747963  0.571535  0.414135  0.659831  0.641156  0.631572  0.485520  0.551648  0.505478  0.760382  0.883433  0.727156  0.477612  0.619451  0.707236  0.249436  0.471051  0.735948  0.790057  0.486265  0.510826  0.568280  0.811493  0.391224  0.697046  0.834048 0.0  0.611727  0.447719  0.657787  0.246089  0.499545  0.681025  0.801396  0.748640  0.781156  0.634094  0.543889  0.486013  0.649507  0.496190  0.612547  0.601518  0.733055  0.406628  0.727287  0.378037  0.568233  0.681934  0.610191  0.437155  0.323695  0.696164  0.748140 
33  0.382311  0.491973  0.761337  0.430254  0.656975  0.493630  0.554877  0.291464  0.513044  0.633325  0.590620  0.600161  0.625261  0.529376  0.447559  0.658187  0.824573  0.748058  0.508014  0.772629  0.634852  0.634010  0.580283  0.482617  0.846106  0.439626  0.524583  0.720101  0.686362  0.603862  0.277866  0.653248  0.611727 0.0  0.514823  0.713976  0.619333  0.569211  0.542807  0.653668  0.672883  0.651328  0.606480  0.506330  0.546773  0.627945  0.470376  0.559506  0.606312  0.617378  0.580948  0.729834  0.462803  0.624653  0.726630  0.590888  0.536655  0.466176  0.589068  0.666186 
34  0.465000  0.652618  0.724649  0.378570  0.414811  0.526272  0.598052  0.524598  0.323462  0.689469  0.523339  0.523733  0.534076  0.467826  0.399241  0.728804  0.927235  0.673200  0.441119  0.620164  0.740934  0.358057  0.288601  0.679436  0.817844  0.370378  0.579527  0.771807  0.626760  0.252106  0.507026  0.734517  0.447719  0.514823 0.0  0.658984  0.307337  0.578560  0.634151  0.742821  0.690333  0.702959  0.495792  0.365932  0.528640  0.604577  0.424342  0.470213  0.518107  0.696952  0.468376  0.803879  0.323165  0.476883  0.666822  0.491151  0.495563  0.314408  0.578154  0.640176 
35  0.649986  0.555433  0.506986  0.709017  0.716365  0.688910  0.598255  0.618839  0.709394  0.418618  0.629923  0.538845  0.519071  0.752635  0.571704  0.673444  0.864332  0.443652  0.682038  0.604811  0.626791  0.648373  0.723727  0.503612  0.728827  0.639538  0.776365  0.860116  0.273727  0.699480  0.585937  0.626262  0.657787  0.713976  0.658984 0.0  0.763998  0.806167  0.686509  0.662113  0.559838  0.741318  0.601421  0.730601  0.697627  0.417741  0.824469  0.500391  0.641084  0.207423  0.779824  0.443597  0.697174  0.794586  0.119455  0.549127  0.801370  0.729009  0.554429  0.337708 
36  0.445267  0.657341  0.714563  0.369632  0.506648  0.588940  0.768868  0.553565  0.333757  0.665724  0.511194  0.674682  0.540982  0.418202  0.561034  0.893521  1.000000  0.743812  0.467862  0.632250  0.707554  0.240018  0.501062  0.684409  0.952900  0.527990  0.584849  0.636677  0.691888  0.402042  0.628815  0.746703  0.246089  0.619333  0.307337  0.763998 0.0  0.593522  0.664591  0.704635  0.779065  0.733467  0.610545  0.527404  0.417795  0.656923  0.330475  0.529790  0.627223  0.707566  0.432027  0.711418  0.516210  0.504826  0.687778  0.677896  0.394933  0.152400  0.647062  0.617547 
37  0.481789  0.621632  0.773930  0.408147  0.559244  0.595043  0.746547  0.528299  0.447231  0.638034  0.592191  0.858541  0.721309  0.511222  0.543780  0.787754  0.856299  0.700199  0.278381  0.609538  0.804337  0.595166  0.608938  0.781275  0.770419  0.415882  0.203753  0.410357  0.689416  0.518206  0.537765  0.742386  0.499545  0.569211  0.578560  0.806167  0.593522 0.0  0.730994  0.686251  0.801373  0.650177  0.693168  0.491648  0.238680  0.643741  0.283856  0.638568  0.678848  0.658145  0.356163  0.782290  0.517879  0.335393  0.723062  0.597416  0.363789  0.444408  0.609377  0.780825 
38  0.619026  0.762902  0.841404  0.729083  0.605350  0.639189  0.762908  0.690651  0.638419  0.711621  0.454762  0.680271  0.485804  0.621775  0.691012  0.748544  0.956741  0.755409  0.680954  0.293917  0.863241  0.540652  0.481874  0.720906  0.922848  0.735036  0.741255  0.655787  0.600239  0.595749  0.751171  0.703486  0.681025  0.542807  0.634151  0.686509  0.664591  0.730994 0.0  0.629181  0.703354  0.561124  0.631854  0.687978  0.725600  0.615337  0.737937  0.647978  0.651625  0.794493  0.630930  0.775702  0.649233  0.694227  0.654045  0.594037  0.629940  0.579454  0.667975  0.660140 
39  0.682328  0.586329  0.751949  0.778621  0.695459  0.665174  0.746211  0.647969  0.690944  0.566158  0.589119  0.563783  0.492983  0.644152  0.675349  0.734565  0.871719  0.781623  0.698187  0.515559  0.670492  0.642466  0.614799  0.678201  0.851447  0.631262  0.702097  0.708814  0.649332  0.636271  0.760504  0.601876  0.801396  0.653668  0.742821  0.662113  0.704635  0.686251  0.629181 0.0  0.751257  0.718539  0.446904  0.760828  0.701448  0.787441  0.696905  0.680800  0.631780  0.666075  0.689346  0.691209  0.603556  0.602589  0.671558  0.595972  0.730084  0.662370  0.632401  0.669583 
40  0.727192  0.596124  0.365123  0.672286  0.716252  0.695142  0.556723  0.634802  0.827335  0.617058  0.732172  0.466463  0.629253  0.667666  0.708692  0.515485  0.717712  0.503170  0.729545  0.693699  0.535175  0.769791  0.760422  0.492538  0.821317  0.742988  0.695935  0.763785  0.564040  0.700612  0.658387  0.356996  0.748640  0.672883  0.690333  0.559838  0.779065  0.801373  0.703354  0.751257 0.0  0.794755  0.576453  0.614939  0.705197  0.503006  0.768372  0.733606  0.622331  0.480001  0.728756  0.567369  0.710796  0.694007  0.484920  0.625939  0.833136  0.725350  0.592381  0.632817 
41  0.777007  0.704968  0.802391  0.687606  0.725380  0.733723  0.833098  0.681922  0.669851  0.717329  0.686068  0.721124  0.715976  0.791176  0.746385  0.851851  0.823842  0.585993  0.789593  0.617869  0.763643  0.762111  0.613192  0.666140  0.902516  0.876505  0.706607  0.717292  0.622352  0.663211  0.727180  0.766565  0.781156  0.651328  0.702959  0.741318  0.733467  0.650177  0.561124  0.718539  0.794755 0.0  0.701503  0.731218  0.696692  0.851133  0.709958  0.723424  0.645528  0.686706  0.698664  0.696125  0.732813  0.752555  0.608098  0.678100  0.699215  0.710106  0.661749  0.536062 
42  0.722249  0.526139  0.693134  0.595403  0.550892  0.520314  0.685848  0.496334  0.660807  0.481829  0.470766  0.497997  0.588365  0.590858  0.624694  0.714494  0.868717  0.608505  0.672806  0.529318  0.636684  0.687358  0.597377  0.514021  0.860997  0.628556  0.710558  0.724038  0.578519  0.562842  0.681572  0.685261  0.634094  0.606480  0.495792  0.601421  0.610545  0.693168  0.631854  0.446904  0.576453  0.701503 0.0  0.651818  0.682442  0.624827  0.666094  0.502270  0.318136  0.582943  0.649803  0.742777  0.655564  0.569741  0.573175  0.000000  0.609193  0.619407  0.585442  0.629572 
43  0.352457  0.486040  0.697731  0.072802  0.499807  0.511022  0.703005  0.462541  0.092240  0.762001  0.575299  0.585153  0.504754  0.270477  0.500235  0.806549  0.712338  0.714146  0.471870  0.664794  0.712630  0.561068  0.366778  0.630764  0.838008  0.349285  0.459553  0.618362  0.694449  0.528398  0.555261  0.710786  0.543889  0.506330  0.365932  0.730601  0.527404  0.491648  0.687978  0.760828  0.614939  0.731218  0.651818 0.0  0.493304  0.618193  0.481880  0.480160  0.599169  0.622000  0.354034  0.741457  0.190166  0.391325  0.733310  0.543162  0.464756  0.321678  0.520922  0.710057 
44  0.383578  0.644209  0.844315  0.538163  0.622630  0.593953  0.692108  0.591727  0.450590  0.720177  0.651686  0.667829  0.668224  0.366188  0.682443  0.818254  0.913377  0.722145  0.440089  0.673008  0.829105  0.406556  0.638014  0.682697  0.798604  0.438742  0.369101  0.606196  0.740258  0.534133  0.469764  0.664370  0.486013  0.546773  0.528640  0.697627  0.417795  0.238680  0.725600  0.701448  0.705197  0.696692  0.682442  0.493304 0.0  0.646507  0.265561  0.677977  0.647583  0.697101  0.267966  0.708969  0.586424  0.271760  0.757229  0.622556  0.353601  0.455818  0.614132  0.665647 
45  0.636492  0.444596  0.486718  0.609889  0.620595  0.575189  0.564429  0.564049  0.839784  0.480961  0.718458  0.456331  0.731812  0.749541  0.706505  0.524167  0.624327  0.454564  0.696935  0.800974  0.581183  0.742417  0.697932  0.452425  0.736352  0.607167  0.732587  0.734599  0.474396  0.633321  0.653980  0.422348  0.649507  0.627945  0.604577  0.417741  0.656923  0.643741  0.615337  0.787441  0.503006  0.851133  0.624827  0.618193  0.646507 0.0  0.677770  0.598118  0.618386  0.321737  0.712456  0.607057  0.601577  0.697344  0.536570  0.590416  0.701885  0.651416  0.469550  0.607220 
46  0.343246  0.718673  0.805223  0.399218  0.598498  0.655941  0.687690  0.610122  0.493102  0.717305  0.714475  0.674317  0.544979  0.380097  0.632232  0.745954  0.904032  0.706300  0.395742  0.654483  0.806043  0.556060  0.574524  0.607113  0.809767  0.375702  0.179292  0.595652  0.736873  0.509497  0.482736  0.717256  0.496190  0.470376  0.424342  0.824469  0.330475  0.283856  0.737937  0.696905  0.768372  0.709958  0.666094  0.481880  0.265561  0.677770 0.0  0.658331  0.587042  0.647823  0.296152  0.676642  0.395916  0.228585  0.731775  0.722035  0.213741  0.473295  0.628041  0.719278 
47  0.486816  0.534234  0.657801  0.496264  0.337647  0.458472  0.626003  0.502622  0.584275  0.681213  0.602041  0.670342  0.482610  0.507780  0.520340  0.723771  0.766888  0.729716  0.562826  0.507089  0.683976  0.541726  0.298786  0.524294  0.880875  0.627623  0.530713  0.696444  0.746081  0.550434  0.595037  0.613516  0.612547  0.559506  0.470213  0.500391  0.529790  0.638568  0.647978  0.680800  0.733606  0.723424  0.502270  0.480160  0.677977  0.598118  0.658331 0.0  0.381861  0.637985  0.624046  0.641602  0.482070  0.639799  0.757327  0.537976  0.610117  0.529421  0.479245  0.614314 
48  0.643724  0.440530  0.682133  0.581211  0.483306  0.486255  0.640552  0.566890  0.528442  0.550825  0.482164  0.571078  0.510082  0.627533  0.535373  0.773807  0.863287  0.690631  0.524554  0.550841  0.733569  0.467186  0.633602  0.536023  0.915426  0.656128  0.613938  0.701016  0.584155  0.474402  0.628230  0.581398  0.601518  0.606312  0.518107  0.641084  0.627223  0.678848  0.651625  0.631780  0.622331  0.645528  0.318136  0.599169  0.647583  0.618386  0.587042  0.381861 0.0  0.469753  0.582573  0.631104  0.560794  0.650117  0.546325  0.242689  0.655567  0.537892  0.554636  0.503755 
49  0.721459  0.567751  0.519869  0.714639  0.719597  0.555528  0.613610  0.617394  0.644751  0.396823  0.671906  0.505891  0.625526  0.591022  0.638020  0.573287  0.830166  0.504277  0.722792  0.646554  0.651300  0.742998  0.596363  0.430660  0.807859  0.699904  0.741555  0.730413  0.351002  0.765344  0.651623  0.636761  0.733055  0.617378  0.696952  0.207423  0.707566  0.658145  0.794493  0.666075  0.480001  0.686706  0.582943  0.622000  0.697101  0.321737  0.647823  0.637985  0.469753 0.0  0.703854  0.593732  0.715914  0.677483  0.434953  0.605033  0.728053  0.734134  0.370568  0.514474 
50  0.343714  0.570132  0.736256  0.558083  0.473498  0.657135  0.682275  0.591789  0.302012  0.705838  0.651193  0.633650  0.586412  0.268798  0.598148  0.837954  0.899439  0.727116  0.125235  0.574541  0.750833  0.507331  0.558330  0.573584  0.813769  0.313198  0.425152  0.473210  0.645389  0.516595  0.578272  0.759006  0.406628  0.580948  0.468376  0.779824  0.432027  0.356163  0.630930  0.689346  0.728756  0.698664  0.649803  0.354034  0.267966  0.712456  0.296152  0.624046  0.582573  0.703854 0.0  0.816637  0.411454  0.213302  0.775388  0.600447  0.291725  0.351005  0.553360  0.769021 
51  0.796470  0.673267  0.480635  0.696775  0.725050  0.710438  0.688906  0.721676  0.736837  0.700116  0.710213  0.631723  0.617723  0.762713  0.815513  0.362874  0.705827  0.615725  0.717554  0.782487  0.509365  0.821437  0.855568  0.695103  0.657684  0.744358  0.789793  0.653998  0.595001  0.827544  0.734735  0.648200  0.727287  0.729834  0.803879  0.443597  0.711418  0.782290  0.775702  0.691209  0.567369  0.696125  0.742777  0.741457  0.708969  0.607057  0.676642  0.641602  0.631104  0.593732  0.816637 0.0  0.710972  0.737873  0.530554  0.614754  0.712543  0.802978  0.709883  0.609761 
52  0.320953  0.452954  0.773427  0.203639  0.535282  0.467643  0.596494  0.502365  0.092519  0.717133  0.596532  0.728918  0.568758  0.293027  0.409351  0.730539  0.839398  0.659843  0.455666  0.637177  0.673479  0.572797  0.532639  0.637943  0.836961  0.388753  0.455315  0.627509  0.642979  0.366679  0.429192  0.708857  0.378037  0.462803  0.323165  0.697174  0.516210  0.517879  0.649233  0.603556  0.710796  0.732813  0.655564  0.190166  0.586424  0.601577  0.395916  0.482070  0.560794  0.715914  0.411454  0.710972 0.0  0.430920  0.691071  0.684448  0.480993  0.443415  0.699291  0.710006 
53  0.263929  0.556161  0.774160  0.428129  0.542669  0.628868  0.799875  0.572010  0.330174  0.685615  0.649763  0.681905  0.651298  0.216961  0.492697  0.796595  0.862319  0.632093  0.130419  0.638234  0.628184  0.541319  0.589479  0.596138  0.806861  0.201594  0.418429  0.532910  0.679663  0.439773  0.507215  0.751531  0.568233  0.624653  0.476883  0.794586  0.504826  0.335393  0.694227  0.602589  0.694007  0.752555  0.569741  0.391325  0.271760  0.697344  0.228585  0.639799  0.650117  0.677483  0.213302  0.737873  0.430920 0.0  0.661548  0.554280  0.419549  0.353818  0.693162  0.760572 
54  0.737752  0.657873  0.499253  0.662713  0.631794  0.541935  0.685739  0.575546  0.779916  0.265271  0.732597  0.578868  0.655182  0.710260  0.656481  0.584544  0.704677  0.468933  0.627045  0.675081  0.592331  0.621014  0.690372  0.573768  0.651050  0.587062  0.729962  0.855589  0.270313  0.632661  0.709335  0.581786  0.681934  0.726630  0.666822  0.119455  0.687778  0.723062  0.654045  0.671558  0.484920  0.608098  0.573175  0.733310  0.757229  0.536570  0.731775  0.757327  0.546325  0.434953  0.775388  0.530554  0.691071  0.661548 0.0  0.432603  0.820722  0.667101  0.448750  0.291711 
55  0.628072  0.522306  0.664151  0.589393  0.468346  0.417346  0.525893  0.544648  0.583621  0.521276  0.605042  0.475835  0.495693  0.667553  0.596997  0.565301  0.838398  0.627036  0.571530  0.565663  0.630714  0.532300  0.484095  0.627802  0.761108  0.647588  0.564746  0.736165  0.647901  0.600175  0.629462  0.620000  0.610191  0.590888  0.491151  0.549127  0.677896  0.597416  0.594037  0.595972  0.625939  0.678100  0.000000  0.543162  0.622556  0.590416  0.722035  0.537976  0.242689  0.605033  0.600447  0.614754  0.684448  0.554280  0.432603 0.0  0.649343  0.632743  0.560091  0.486138 
56  0.346952  0.727940  0.749908  0.475096  0.536251  0.647065  0.668148  0.535544  0.360971  0.733771  0.689929  0.708817  0.624435  0.349291  0.542570  0.782961  0.755979  0.619980  0.316444  0.691117  0.767289  0.542674  0.376088  0.627495  0.888239  0.381687  0.504332  0.458854  0.721047  0.534397  0.673375  0.757543  0.437155  0.536655  0.495563  0.801370  0.394933  0.363789  0.629940  0.730084  0.833136  0.699215  0.609193  0.464756  0.353601  0.701885  0.213741  0.610117  0.655567  0.728053  0.291725  0.712543  0.480993  0.419549  0.820722  0.649343 0.0  0.497685  0.728899  0.741325 
57  0.431448  0.611138  0.670105  0.491148  0.473078  0.545637  0.772625  0.523985  0.349934  0.607192  0.477538  0.654824  0.427124  0.395783  0.493971  0.698236  0.879299  0.718033  0.446607  0.582377  0.709585  0.327187  0.548394  0.700346  0.880386  0.437810  0.499731  0.551219  0.643146  0.192202  0.655083  0.768725  0.323695  0.466176  0.314408  0.729009  0.152400  0.444408  0.579454  0.662370  0.725350  0.710106  0.619407  0.321678  0.455818  0.651416  0.473295  0.529421  0.537892  0.734134  0.351005  0.802978  0.443415  0.353818  0.667101  0.632743  0.497685 0.0  0.507310  0.861990 
58  0.591607  0.247706  0.605733  0.483623  0.525343  0.473927  0.573346  0.431004  0.543495  0.567010  0.753104  0.407897  0.711604  0.692261  0.463644  0.717160  0.833236  0.628696  0.584719  0.674557  0.646266  0.641573  0.630867  0.192163  0.753131  0.658986  0.719297  0.708932  0.555072  0.636696  0.497813  0.520853  0.696164  0.589068  0.578154  0.554429  0.647062  0.609377  0.667975  0.632401  0.592381  0.661749  0.585442  0.520922  0.614132  0.469550  0.628041  0.479245  0.554636  0.370568  0.553360  0.709883  0.699291  0.693162  0.448750  0.560091  0.728899  0.507310 0.0  0.599365 
59  0.640271  0.639858  0.660821  0.686333  0.607838  0.601080  0.633044  0.689543  0.670814  0.474848  0.722384  0.607703  0.801973  0.710017  0.701069  0.510011  0.856240  0.551608  0.644582  0.789169  0.588390  0.689976  0.694033  0.543356  0.735031  0.691752  0.847847  0.647870  0.313025  0.715789  0.725361  0.556088  0.748140  0.666186  0.640176  0.337708  0.617547  0.780825  0.660140  0.669583  0.632817  0.536062  0.629572  0.710057  0.665647  0.607220  0.719278  0.614314  0.503755  0.514474  0.769021  0.609761  0.710006  0.760572  0.291711  0.486138  0.741325  0.861990  0.599365 0.0 
