60
0 0.0  0.581093  0.868694  0.395626  0.624450  0.596713  0.704127  0.413455  0.358687  0.686233  0.626220  0.773290  0.607603  0.320542  0.502124  0.738220  0.768718  0.769566  0.256383  0.751329  0.792033  0.516217  0.520167  0.545478  0.857644  0.170509  0.481444  0.610649  0.762772  0.394953  0.506343  0.644506  0.459622  0.503526  0.476986  0.755224  0.491773  0.439414  0.663453  0.742165  0.714329  0.809806  0.631493  0.323642  0.545272  0.692269  0.528974  0.527760  0.576912  0.660972  0.360909  0.826836  0.349436  0.399859  0.736167  0.664960  0.350829  0.454936  0.560016  0.747550 
1  0.581093 0.0  0.616982  0.548576  0.609558  0.432164  0.389802  0.477672  0.579669  0.474555  0.590487  0.455732  0.640067  0.535108  0.383562  0.700759  0.810144  0.545143  0.647437  0.612106  0.639874  0.697936  0.617269  0.298182  0.809240  0.574458  0.584756  0.748170  0.684063  0.586116  0.581009  0.583367  0.643748  0.602637  0.549926  0.462189  0.606647  0.615501  0.713361  0.754861  0.659434  0.812518  0.491764  0.566645  0.696768  0.596374  0.578910  0.511998  0.550172  0.573648  0.644575  0.643243  0.623763  0.680577  0.618648  0.610072  0.636066  0.648294  0.387562  0.606018 
2  0.868694  0.616982 0.0  0.696847  0.743678  0.663942  0.640204  0.707423  0.715111  0.655519  0.718567  0.556037  0.772858  0.715783  0.694237  0.359214  0.655972  0.315256  0.688151  0.793356  0.383980  0.810626  0.680989  0.511293  0.764461  0.780459  0.847414  0.670446  0.490428  0.667299  0.589054  0.392872  0.812554  0.678996  0.643820  0.463425  0.788678  0.631151  0.801400  0.685259  0.359206  0.780063  0.652098  0.782219  0.694203  0.506280  0.794677  0.778530  0.709935  0.574116  0.740802  0.503085  0.629381  0.798441  0.509730  0.723060  0.725363  0.790501  0.608483  0.528539 
3  0.395626  0.548576  0.696847 0.0  0.461693  0.501474  0.674231  0.308299  0.390815  0.668309  0.631529  0.611039  0.640383  0.384765  0.380085  0.656898  0.894441  0.779824  0.434151  0.575597  0.727074  0.483534  0.441166  0.554150  0.892565  0.500702  0.556039  0.673233  0.732143  0.501232  0.568240  0.725649  0.559745  0.422633  0.405268  0.737549  0.614405  0.428910  0.662302  0.767598  0.744254  0.653837  0.497613  0.176238  0.428837  0.614233  0.602879  0.471250  0.607059  0.589604  0.415894  0.816123  0.191066  0.459845  0.706269  0.605737  0.460432  0.492758  0.638556  0.667893 
4  0.624450  0.609558  0.743678  0.461693 0.0  0.573359  0.695669  0.569794  0.536379  0.662365  0.388771  0.662842  0.148881  0.541356  0.632560  0.831506  0.876533  0.787371  0.578645  0.476528  0.711168  0.457460  0.455217  0.548910  0.918786  0.632968  0.636416  0.668261  0.668808  0.443347  0.716164  0.728906  0.605382  0.734958  0.461243  0.716264  0.487764  0.605038  0.547566  0.639152  0.685617  0.649104  0.561569  0.584211  0.675108  0.677331  0.701500  0.380187  0.483777  0.737246  0.656718  0.779932  0.423547  0.678357  0.601447  0.567935  0.582189  0.485107  0.527745  0.791850 
5  0.596713  0.432164  0.663942  0.501474  0.573359 0.0  0.674011  0.419263  0.546225  0.484715  0.623893  0.546830  0.458747  0.649355  0.363139  0.678412  0.821810  0.736651  0.544427  0.638275  0.685801  0.609694  0.649072  0.383832  0.845880  0.658994  0.656873  0.753040  0.575951  0.549482  0.510722  0.626369  0.598840  0.351728  0.589710  0.639889  0.620867  0.639786  0.767212  0.650402  0.754181  0.633872  0.425785  0.483306  0.597436  0.642638  0.540043  0.467019  0.478124  0.546210  0.522589  0.740470  0.484071  0.595790  0.591303  0.591449  0.575670  0.580383  0.349059  0.619647 
6  0.704127  0.389802  0.640204  0.674231  0.695669  0.674011 0.0  0.575032  0.680598  0.773622  0.708228  0.556118  0.676331  0.684272  0.637047  0.738528  0.732729  0.627508  0.648642  0.781009  0.668128  0.692984  0.652420  0.525582  0.759292  0.660338  0.677606  0.743705  0.594570  0.671597  0.636653  0.556192  0.639035  0.702857  0.694318  0.581334  0.686344  0.608959  0.771618  0.681852  0.664936  0.808594  0.682155  0.757057  0.744961  0.582038  0.781541  0.595409  0.622741  0.626467  0.620898  0.599273  0.521358  0.660034  0.666206  0.729253  0.802875  0.642944  0.628550  0.584546 
7  0.413455  0.477672  0.707423  0.308299  0.569794  0.419263  0.575032 0.0  0.583190  0.679119  0.633286  0.555906  0.555367  0.635282  0.264227  0.675472  0.872292  0.624177  0.508199  0.647500  0.754976  0.561968  0.483175  0.488749  0.837812  0.429924  0.601409  0.567533  0.642140  0.622519  0.498829  0.701712  0.565624  0.264395  0.594621  0.663825  0.597230  0.624444  0.713176  0.693594  0.663265  0.822998  0.639472  0.454434  0.678580  0.615682  0.547443  0.472450  0.414149  0.649288  0.565485  0.658942  0.353008  0.467783  0.627532  0.569665  0.551163  0.620378  0.598149  0.634467 
8  0.358687  0.579669  0.715111  0.390815  0.536379  0.546225  0.680598  0.583190 0.0  0.610246  0.465009  0.654134  0.567189  0.127615  0.441396  0.782580  0.911776  0.721794  0.318016  0.659122  0.822192  0.472339  0.523511  0.689319  0.808396  0.375628  0.568728  0.588235  0.667609  0.407544  0.579176  0.684740  0.480561  0.552575  0.391644  0.676393  0.442736  0.457988  0.675732  0.619522  0.654949  0.669484  0.685547  0.251423  0.409421  0.708439  0.369304  0.475950  0.541663  0.730468  0.396864  0.756989  0.236372  0.400328  0.749730  0.628749  0.442151  0.394251  0.564392  0.686381 
9  0.686233  0.474555  0.655519  0.668309  0.662365  0.484715  0.773622  0.679119  0.610246 0.0  0.718044  0.434419  0.558814  0.680915  0.632563  0.666589  0.795558  0.512533  0.705965  0.712900  0.733338  0.596033  0.580007  0.494511  0.855910  0.736562  0.733967  0.759577  0.584314  0.656868  0.611129  0.569989  0.803457  0.746083  0.620846  0.428462  0.750274  0.729179  0.635462  0.617540  0.583361  0.595080  0.509306  0.625954  0.608807  0.466043  0.754147  0.552291  0.585714  0.398375  0.731429  0.716660  0.742901  0.752743  0.511770  0.499422  0.817688  0.575152  0.579269  0.442410 
10  0.626220  0.590487  0.718567  0.631529  0.388771  0.623893  0.708228  0.633286  0.465009  0.718044 0.0  0.678456  0.375279  0.584282  0.612144  0.792843  0.917231  0.820995  0.521811  0.317808  0.900173  0.554696  0.502713  0.620552  0.814967  0.552899  0.592856  0.687555  0.714237  0.579679  0.617262  0.832035  0.545011  0.760355  0.466009  0.696166  0.423838  0.649941  0.444165  0.599963  0.680656  0.637128  0.501518  0.640513  0.621242  0.702941  0.665065  0.490988  0.596136  0.605400  0.635142  0.792453  0.539363  0.633550  0.723230  0.626018  0.677049  0.498851  0.627818  0.724098 
11  0.773290  0.455732  0.556037  0.611039  0.662842  0.546830  0.556118  0.555906  0.654134  0.434419  0.678456 0.0  0.648811  0.553339  0.574982  0.664181  0.753467  0.508301  0.738722  0.619270  0.590015  0.740685  0.583863  0.439152  0.754918  0.658825  0.630546  0.760424  0.464921  0.715373  0.517640  0.601660  0.712257  0.655901  0.675100  0.400939  0.723219  0.721208  0.761144  0.709208  0.571603  0.741152  0.615167  0.615251  0.700295  0.347880  0.709362  0.553141  0.576480  0.439726  0.641781  0.592500  0.649555  0.619913  0.558372  0.577978  0.736819  0.565750  0.383427  0.539907 
12  0.607603  0.640067  0.772858  0.640383  0.148881  0.458747  0.676331  0.555367  0.567189  0.558814  0.375279  0.648811 0.0  0.610933  0.539628  0.743495  0.741803  0.786061  0.521691  0.480633  0.632841  0.469380  0.374342  0.630041  0.965484  0.475380  0.656745  0.664811  0.705130  0.544245  0.554761  0.679499  0.477988  0.577406  0.571005  0.654309  0.615595  0.608886  0.474815  0.519045  0.691931  0.706558  0.545736  0.553400  0.596318  0.662024  0.636243  0.271061  0.389208  0.625456  0.546953  0.727926  0.630015  0.619256  0.779043  0.531502  0.659372  0.492562  0.495430  0.541617 
13  0.320542  0.535108  0.715783  0.384765  0.541356  0.649355  0.684272  0.635282  0.127615  0.680915  0.584282  0.553339  0.610933 0.0  0.526778  0.889162  0.905988  0.676682  0.161436  0.684713  0.803697  0.479568  0.476332  0.585956  0.884521  0.500138  0.459541  0.562493  0.732289  0.421150  0.487329  0.696947  0.429714  0.473857  0.420979  0.744547  0.449051  0.457172  0.715888  0.645111  0.659413  0.653511  0.644343  0.307251  0.461248  0.722858  0.297981  0.500653  0.650885  0.759979  0.257209  0.850768  0.472375  0.387932  0.770020  0.509916  0.374582  0.343187  0.748473  0.750493 
14  0.502124  0.383562  0.694237  0.380085  0.632560  0.363139  0.637047  0.264227  0.441396  0.632563  0.612144  0.574982  0.539628  0.526778 0.0  0.823316  0.784675  0.723500  0.576953  0.557804  0.710535  0.468261  0.474518  0.589585  0.891056  0.512217  0.607494  0.610729  0.627916  0.641483  0.575455  0.670064  0.558770  0.420731  0.468519  0.646499  0.541085  0.584878  0.703124  0.667240  0.676859  0.631720  0.545614  0.383666  0.624812  0.584715  0.573485  0.514526  0.575584  0.588216  0.565893  0.715192  0.377109  0.488789  0.681136  0.473064  0.569827  0.469360  0.609736  0.825654 
15  0.738220  0.700759  0.359214  0.656898  0.831506  0.678412  0.738528  0.675472  0.782580  0.666589  0.792843  0.664181  0.743495  0.889162  0.823316 0.0  0.733610  0.488686  0.700855  0.818525  0.395323  0.669664  0.741131  0.729068  0.651992  0.707757  0.860188  0.848992  0.633554  0.692954  0.705162  0.513272  0.770811  0.672452  0.770273  0.607352  0.848048  0.769109  0.754001  0.727491  0.682772  0.738823  0.569931  0.736867  0.725540  0.550828  0.692206  0.741307  0.708401  0.594417  0.834149  0.342942  0.700156  0.799524  0.620421  0.579152  0.738597  0.751548  0.673250  0.646165 
16  0.768718  0.810144  0.655972  0.894441  0.876533  0.821810  0.732729  0.872292  0.911776  0.795558  0.917231  0.753467  0.741803  0.905988  0.784675  0.733610 0.0  0.784033  0.862646  0.860074  0.808996  0.864738  0.809101  0.811231  0.481349  0.874976  0.761977  0.944662  0.700999  0.893250  0.848757  0.770950  0.833536  0.795534  0.882782  0.805846  0.831892  0.837320  0.941314  0.789617  0.674134  0.790492  0.879845  0.793250  0.826542  0.834656  0.828471  0.893335  0.806173  0.665395  0.840014  0.718640  0.892395  0.883062  0.705876  0.773811  0.884832  0.931152  0.805340  0.728319 
17  0.769566  0.545143  0.315256  0.779824  0.787371  0.736651  0.627508  0.624177  0.721794  0.512533  0.820995  0.508301  0.786061  0.676682  0.723500  0.488686  0.784033 0.0  0.719066  0.711868  0.591716  0.805571  0.682045  0.565611  0.748367  0.702399  0.657232  0.685644  0.393104  0.802480  0.663610  0.376138  0.816466  0.744054  0.684329  0.545186  0.715769  0.737887  0.724407  0.630860  0.442856  0.723560  0.731316  0.619658  0.721128  0.519981  0.872879  0.669639  0.667731  0.432716  0.762412  0.500785  0.669067  0.695166  0.495646  0.666243  0.876722  0.670735  0.667416  0.573408 
18  0.256383  0.647437  0.688151  0.434151  0.578645  0.544427  0.648642  0.508199  0.318016  0.705965  0.521811  0.738722  0.521691  0.161436  0.576953  0.700855  0.862646  0.719066 0.0  0.653176  0.786577  0.424370  0.583985  0.682726  0.830215  0.393136  0.403908  0.521733  0.679062  0.463626  0.538873  0.627695  0.442627  0.492680  0.434962  0.745332  0.351055  0.351307  0.600269  0.712043  0.772284  0.727903  0.654696  0.375367  0.432726  0.601658  0.313211  0.601388  0.542514  0.656352  0.113769  0.797362  0.300888  0.273765  0.759089  0.585188  0.328955  0.397426  0.577308  0.755500 
19  0.751329  0.612106  0.793356  0.575597  0.476528  0.638275  0.781009  0.647500  0.659122  0.712900  0.317808  0.619270  0.480633  0.684713  0.557804  0.818525  0.860074  0.711868  0.653176 0.0  0.862989  0.527864  0.457607  0.697866  0.892911  0.774346  0.702766  0.634229  0.691566  0.636826  0.706764  0.768246  0.712574  0.700289  0.652257  0.684530  0.618385  0.733912  0.196132  0.552323  0.772783  0.530685  0.503622  0.689837  0.696538  0.686149  0.621040  0.629837  0.626558  0.693071  0.626998  0.793330  0.685291  0.653148  0.753961  0.624381  0.674991  0.573248  0.656068  0.708381 
20  0.792033  0.639874  0.383980  0.727074  0.711168  0.685801  0.668128  0.754976  0.822192  0.733338  0.900173  0.590015  0.632841  0.803697  0.710535  0.395323  0.808996  0.591716  0.786577  0.862989 0.0  0.791269  0.652165  0.630338  0.658168  0.849434  0.715951  0.739155  0.482835  0.804034  0.577129  0.472001  0.732586  0.625864  0.683309  0.656185  0.886570  0.716430  0.737193  0.783639  0.511335  0.765720  0.697305  0.816898  0.795050  0.599983  0.826282  0.737004  0.611028  0.721161  0.929267  0.509658  0.781027  0.728500  0.626740  0.709379  0.806593  0.741395  0.694929  0.699761 
21  0.516217  0.697936  0.810626  0.483534  0.457460  0.609694  0.692984  0.561968  0.472339  0.596033  0.554696  0.740685  0.469380  0.479568  0.468261  0.669664  0.864738  0.805571  0.424370  0.527864  0.791269 0.0  0.334469  0.608996  0.856098  0.525476  0.587286  0.660827  0.614227  0.196985  0.570555  0.747544  0.321896  0.608939  0.406540  0.699699  0.216713  0.584412  0.652409  0.675481  0.813791  0.815919  0.670789  0.440381  0.558254  0.731330  0.567582  0.594822  0.548884  0.630679  0.568861  0.732000  0.489813  0.363462  0.677036  0.589393  0.458977  0.263320  0.674856  0.682104 
22  0.520167  0.617269  0.680989  0.441166  0.455217  0.649072  0.652420  0.483175  0.523511  0.580007  0.502713  0.583863  0.374342  0.476332  0.474518  0.741131  0.809101  0.682045  0.583985  0.457607  0.652165  0.334469 0.0  0.579034  0.719961  0.546539  0.576973  0.687600  0.752586  0.463329  0.612997  0.770036  0.425441  0.485495  0.351570  0.682185  0.631767  0.572140  0.553117  0.605141  0.640122  0.690125  0.510147  0.454929  0.463117  0.737194  0.548307  0.314047  0.383811  0.644663  0.746061  0.800197  0.518586  0.618020  0.653739  0.485112  0.553466  0.456212  0.609266  0.536717 
23  0.545478  0.298182  0.511293  0.554150  0.548910  0.383832  0.525582  0.488749  0.689319  0.494511  0.620552  0.439152  0.630041  0.585956  0.589585  0.729068  0.811231  0.565611  0.682726  0.697866  0.630338  0.608996  0.579034 0.0  0.788325  0.653889  0.739546  0.714630  0.596433  0.539587  0.554204  0.568835  0.731451  0.579822  0.589192  0.525328  0.625288  0.640994  0.751231  0.711315  0.522813  0.703490  0.566779  0.670104  0.696509  0.414732  0.689366  0.617895  0.567258  0.474422  0.633915  0.607716  0.626336  0.621877  0.582878  0.626836  0.585823  0.631806  0.164560  0.560594 
24  0.857644  0.809240  0.764461  0.892565  0.918786  0.845880  0.759292  0.837812  0.808396  0.855910  0.814967  0.754918  0.965484  0.884521  0.891056  0.651992  0.481349  0.748367  0.830215  0.892911  0.658168  0.856098  0.719961  0.788325 0.0  0.811666  1.000000  0.926735  0.700384  0.985307  0.783868  0.722787  0.838366  0.761576  0.778917  0.743112  0.827102  0.959032  0.915996  0.915273  0.686649  0.801065  0.830924  0.751583  0.746870  0.731993  0.885220  0.848151  0.825497  0.721983  0.915115  0.664775  0.769912  0.837281  0.685067  0.824785  0.813578  0.740850  0.893770  0.775457 
25  0.170509  0.574458  0.780459  0.500702  0.632968  0.658994  0.660338  0.429924  0.375628  0.736562  0.552899  0.658825  0.475380  0.500138  0.512217  0.707757  0.874976  0.702399  0.393136  0.774346  0.849434  0.525476  0.546539  0.653889  0.811666 0.0  0.443739  0.481836  0.670734  0.459987  0.450600  0.690565  0.511649  0.352119  0.449219  0.766763  0.567753  0.432383  0.723622  0.645160  0.705077  0.707366  0.698632  0.275818  0.447731  0.605903  0.281314  0.611632  0.528495  0.772871  0.341769  0.763926  0.406682  0.226721  0.715564  0.621841  0.373251  0.523127  0.702932  0.694852 
26  0.481444  0.584756  0.847414  0.556039  0.636416  0.656873  0.677606  0.601409  0.568728  0.733967  0.592856  0.630546  0.656745  0.459541  0.607494  0.860188  0.761977  0.657232  0.403908  0.702766  0.715951  0.587286  0.576973  0.739546  1.000000  0.443739 0.0  0.442914  0.800794  0.567287  0.657492  0.786414  0.580859  0.534084  0.610680  0.683233  0.475167  0.185091  0.782821  0.599412  0.693111  0.717940  0.616580  0.563941  0.426666  0.607956  0.421788  0.644758  0.590603  0.766595  0.417371  0.736091  0.436841  0.455094  0.790600  0.566578  0.477675  0.485653  0.697179  0.783940 
27  0.610649  0.748170  0.670446  0.673233  0.668261  0.753040  0.743705  0.567533  0.588235  0.759577  0.687555  0.760424  0.664811  0.562493  0.610729  0.848992  0.944662  0.685644  0.521733  0.634229  0.739155  0.660827  0.687600  0.714630  0.926735  0.481836  0.442914 0.0  0.767037  0.627880  0.662555  0.909044  0.650479  0.590727  0.803746  0.759541  0.551214  0.472971  0.660311  0.754512  0.657253  0.839865  0.716549  0.670816  0.442709  0.840509  0.390351  0.691252  0.637103  0.700770  0.503463  0.835160  0.561703  0.466208  0.683916  0.640682  0.574897  0.551537  0.689228  0.817844 
28  0.762772  0.684063  0.490428  0.732143  0.668808  0.575951  0.594570  0.642140  0.667609  0.584314  0.714237  0.464921  0.705130  0.732289  0.627916  0.633554  0.700999  0.393104  0.679062  0.691566  0.482835  0.614227  0.752586  0.596433  0.700384  0.670734  0.800794  0.767037 0.0  0.708898  0.715560  0.577851  0.700130  0.681375  0.716380  0.246408  0.802154  0.712157  0.801173  0.740478  0.626216  0.655292  0.616945  0.708738  0.659434  0.464306  0.698056  0.645619  0.617906  0.235135  0.739470  0.484984  0.691524  0.745733  0.151239  0.604066  0.782417  0.671253  0.585266  0.434568 
29  0.394953  0.586116  0.667299  0.501232  0.443347  0.549482  0.671597  0.622519  0.407544  0.656868  0.579679  0.715373  0.544245  0.421150  0.641483  0.692954  0.893250  0.802480  0.463626  0.636826  0.804034  0.196985  0.463329  0.539587  0.985307  0.459987  0.567287  0.627880  0.708898 0.0  0.590670  0.765676  0.344423  0.482149  0.337183  0.707544  0.347119  0.553614  0.557666  0.695231  0.795283  0.671778  0.530578  0.414269  0.380486  0.680696  0.501013  0.463270  0.574603  0.685456  0.569889  0.820036  0.492139  0.565391  0.721815  0.543401  0.476789  0.304521  0.671837  0.650430 
30  0.506343  0.581009  0.589054  0.568240  0.716164  0.510722  0.636653  0.498829  0.579176  0.611129  0.617262  0.517640  0.554761  0.487329  0.575455  0.705162  0.848757  0.663610  0.538873  0.706764  0.577129  0.570555  0.612997  0.554204  0.783868  0.450600  0.657492  0.662555  0.715560  0.590670 0.0  0.563722  0.572415  0.324813  0.574342  0.701073  0.658135  0.621467  0.837910  0.715695  0.744164  0.686783  0.668793  0.424890  0.672495  0.591732  0.644883  0.641506  0.549954  0.732253  0.543052  0.759793  0.563876  0.589900  0.693444  0.625347  0.625701  0.664934  0.402154  0.720214 
31  0.644506  0.583367  0.392872  0.725649  0.728906  0.626369  0.556192  0.701712  0.684740  0.569989  0.832035  0.601660  0.679499  0.696947  0.670064  0.513272  0.770950  0.376138  0.627695  0.768246  0.472001  0.747544  0.770036  0.568835  0.722787  0.690565  0.786414  0.909044  0.577851  0.765676  0.563722 0.0  0.811958  0.533095  0.653676  0.608984  0.741595  0.776137  0.852962  0.704068  0.346679  0.759374  0.551680  0.748451  0.723103  0.458582  0.670442  0.719621  0.633488  0.523443  0.733744  0.510621  0.682435  0.727008  0.676371  0.623942  0.823244  0.589069  0.562768  0.522691 
32  0.459622  0.643748  0.812554  0.559745  0.605382  0.598840  0.639035  0.565624  0.480561  0.803457  0.545011  0.712257  0.477988  0.429714  0.558770  0.770811  0.833536  0.816466  0.442627  0.712574  0.732586  0.321896  0.425441  0.731451  0.838366  0.511649  0.580859  0.650479  0.700130  0.344423  0.572415  0.811958 0.0  0.610629  0.506518  0.866328  0.182052  0.572710  0.621240  0.646136  0.751822  0.771101  0.661183  0.480883  0.473365  0.679836  0.406925  0.674689  0.658852  0.738881  0.424757  0.808085  0.539740  0.544635  0.683708  0.486896  0.336769  0.386503  0.733719  0.727484 
33  0.503526  0.602637  0.678996  0.422633  0.734958  0.351728  0.702857  0.264395  0.552575  0.746083  0.760355  0.655901  0.577406  0.473857  0.420731  0.672452  0.795534  0.744054  0.492680  0.700289  0.625864  0.608939  0.485495  0.579822  0.761576  0.352119  0.534084  0.590727  0.681375  0.482149  0.324813  0.533095  0.610629 0.0  0.556504  0.579183  0.584956  0.628860  0.653452  0.679412  0.590343  0.831695  0.616389  0.480054  0.547695  0.668915  0.503224  0.575367  0.587820  0.567829  0.555384  0.787005  0.426138  0.554399  0.585925  0.650594  0.669376  0.520911  0.677165  0.774560 
34  0.476986  0.549926  0.643820  0.405268  0.461243  0.589710  0.694318  0.594621  0.391644  0.620846  0.466009  0.675100  0.571005  0.420979  0.468519  0.770273  0.882782  0.684329  0.434962  0.652257  0.683309  0.406540  0.351570  0.589192  0.778917  0.449219  0.610680  0.803746  0.716380  0.337183  0.574342  0.653676  0.506518  0.556504 0.0  0.641295  0.331154  0.478554  0.636969  0.579246  0.717354  0.585876  0.557977  0.283638  0.533557  0.714380  0.511912  0.414722  0.559377  0.638587  0.434102  0.760086  0.413968  0.453198  0.626911  0.504143  0.417752  0.433704  0.610260  0.640878 
35  0.755224  0.462189  0.463425  0.737549  0.716264  0.639889  0.581334  0.663825  0.676393  0.428462  0.696166  0.400939  0.654309  0.744547  0.646499  0.607352  0.805846  0.545186  0.745332  0.684530  0.656185  0.699699  0.682185  0.525328  0.743112  0.766763  0.683233  0.759541  0.246408  0.707544  0.701073  0.608984  0.866328  0.579183  0.641295 0.0  0.740839  0.696324  0.693234  0.548100  0.596384  0.715351  0.455897  0.668252  0.733538  0.478590  0.710979  0.611078  0.612696  0.164128  0.661381  0.674748  0.675712  0.695840  0.280604  0.571170  0.859112  0.687217  0.584204  0.450690 
36  0.491773  0.606647  0.788678  0.614405  0.487764  0.620867  0.686344  0.597230  0.442736  0.750274  0.423838  0.723219  0.615595  0.449051  0.541085  0.848048  0.831892  0.715769  0.351055  0.618385  0.886570  0.216713  0.631767  0.625288  0.827102  0.567753  0.475167  0.551214  0.802154  0.347119  0.658135  0.741595  0.182052  0.584956  0.331154  0.740839 0.0  0.482924  0.693493  0.616698  0.897431  0.678505  0.563840  0.495269  0.457946  0.815196  0.540988  0.481580  0.618493  0.686298  0.473518  0.801759  0.540215  0.455194  0.708074  0.603288  0.422650  0.187419  0.665781  0.789731 
37  0.439414  0.615501  0.631151  0.428910  0.605038  0.639786  0.608959  0.624444  0.457988  0.729179  0.649941  0.721208  0.608886  0.457172  0.584878  0.769109  0.837320  0.737887  0.351307  0.733912  0.716430  0.584412  0.572140  0.640994  0.959032  0.432383  0.185091  0.472971  0.712157  0.553614  0.621467  0.776137  0.572710  0.628860  0.478554  0.696324  0.482924 0.0  0.639126  0.738813  0.710839  0.660230  0.599490  0.441811  0.309458  0.737326  0.173667  0.662538  0.650617  0.777977  0.381025  0.699195  0.488150  0.384954  0.688000  0.636595  0.377603  0.453204  0.588740  0.728513 
38  0.663453  0.713361  0.801400  0.662302  0.547566  0.767212  0.771618  0.713176  0.675732  0.635462  0.444165  0.761144  0.474815  0.715888  0.703124  0.754001  0.941314  0.724407  0.600269  0.196132  0.737193  0.652409  0.553117  0.751231  0.915996  0.723622  0.782821  0.660311  0.801173  0.557666  0.837910  0.852962  0.621240  0.653452  0.636969  0.693234  0.693493  0.639126 0.0  0.485671  0.768959  0.544430  0.636638  0.648962  0.630232  0.661538  0.743015  0.534358  0.687285  0.642531  0.686877  0.735080  0.602069  0.653500  0.727354  0.548180  0.684293  0.583077  0.668448  0.593396 
39  0.742165  0.754861  0.685259  0.767598  0.639152  0.650402  0.681852  0.693594  0.619522  0.617540  0.599963  0.709208  0.519045  0.645111  0.667240  0.727491  0.789617  0.630860  0.712043  0.552323  0.783639  0.675481  0.605141  0.711315  0.915273  0.645160  0.599412  0.754512  0.740478  0.695231  0.715695  0.704068  0.646136  0.679412  0.579246  0.548100  0.616698  0.738813  0.485671 0.0  0.732268  0.466797  0.483629  0.544937  0.759715  0.686116  0.827838  0.704057  0.506315  0.689459  0.622895  0.673159  0.754433  0.785302  0.621428  0.525799  0.747465  0.640815  0.693564  0.565718 
40  0.714329  0.659434  0.359206  0.744254  0.685617  0.754181  0.664936  0.663265  0.654949  0.583361  0.680656  0.571603  0.691931  0.659413  0.676859  0.682772  0.674134  0.442856  0.772284  0.772783  0.511335  0.813791  0.640122  0.522813  0.686649  0.705077  0.693111  0.657253  0.626216  0.795283  0.744164  0.346679  0.751822  0.590343  0.717354  0.596384  0.897431  0.710839  0.768959  0.732268 0.0  0.729459  0.711827  0.676369  0.862331  0.477718  0.838715  0.759235  0.658140  0.605765  0.791477  0.569399  0.794025  0.680750  0.663697  0.695786  0.788086  0.756251  0.502018  0.681856 
41  0.809806  0.812518  0.780063  0.653837  0.649104  0.633872  0.808594  0.822998  0.669484  0.595080  0.637128  0.741152  0.706558  0.653511  0.631720  0.738823  0.790492  0.723560  0.727903  0.530685  0.765720  0.815919  0.690125  0.703490  0.801065  0.707366  0.717940  0.839865  0.655292  0.671778  0.686783  0.759374  0.771101  0.831695  0.585876  0.715351  0.678505  0.660230  0.544430  0.466797  0.729459 0.0  0.740982  0.729673  0.734149  0.695050  0.823907  0.557459  0.801950  0.716209  0.800827  0.713740  0.765880  0.744023  0.741504  0.588243  0.749897  0.685323  0.727553  0.688380 
42  0.631493  0.491764  0.652098  0.497613  0.561569  0.425785  0.682155  0.639472  0.685547  0.509306  0.501518  0.615167  0.545736  0.644343  0.545614  0.569931  0.879845  0.731316  0.654696  0.503622  0.697305  0.670789  0.510147  0.566779  0.830924  0.698632  0.616580  0.716549  0.616945  0.530578  0.668793  0.551680  0.661183  0.616389  0.557977  0.455897  0.563840  0.599490  0.636638  0.483629  0.711827  0.740982 0.0  0.481827  0.628348  0.663137  0.734576  0.484552  0.319786  0.611888  0.636946  0.678461  0.685885  0.665231  0.534654  0.064208  0.611345  0.509112  0.558400  0.597143 
43  0.323642  0.566645  0.782219  0.176238  0.584211  0.483306  0.757057  0.454434  0.251423  0.625954  0.640513  0.615251  0.553400  0.307251  0.383666  0.736867  0.793250  0.619658  0.375367  0.689837  0.816898  0.440381  0.454929  0.670104  0.751583  0.275818  0.563941  0.670816  0.708738  0.414269  0.424890  0.748451  0.480883  0.480054  0.283638  0.668252  0.495269  0.441811  0.648962  0.544937  0.676369  0.729673  0.481827 0.0  0.504323  0.633389  0.484857  0.535183  0.448364  0.612167  0.310260  0.676960  0.131390  0.410350  0.805681  0.689665  0.459968  0.417056  0.636958  0.682610 
44  0.545272  0.696768  0.694203  0.428837  0.675108  0.597436  0.744961  0.678580  0.409421  0.608807  0.621242  0.700295  0.596318  0.461248  0.624812  0.725540  0.826542  0.721128  0.432726  0.696538  0.795050  0.558254  0.463117  0.696509  0.746870  0.447731  0.426666  0.442709  0.659434  0.380486  0.672495  0.723103  0.473365  0.547695  0.533557  0.733538  0.457946  0.309458  0.630232  0.759715  0.862331  0.734149  0.628348  0.504323 0.0  0.697596  0.401739  0.631103  0.587135  0.680804  0.282019  0.752559  0.589996  0.374664  0.810561  0.659827  0.269368  0.414257  0.627977  0.757008 
45  0.692269  0.596374  0.506280  0.614233  0.677331  0.642638  0.582038  0.615682  0.708439  0.466043  0.702941  0.347880  0.662024  0.722858  0.584715  0.550828  0.834656  0.519981  0.601658  0.686149  0.599983  0.731330  0.737194  0.414732  0.731993  0.605903  0.607956  0.840509  0.464306  0.680696  0.591732  0.458582  0.679836  0.668915  0.714380  0.478590  0.815196  0.737326  0.661538  0.686116  0.477718  0.695050  0.663137  0.633389  0.697596 0.0  0.767501  0.636748  0.641609  0.358584  0.626117  0.561242  0.690545  0.716655  0.467936  0.553910  0.761959  0.735503  0.490465  0.597436 
46  0.528974  0.578910  0.794677  0.602879  0.701500  0.540043  0.781541  0.547443  0.369304  0.754147  0.665065  0.709362  0.636243  0.297981  0.573485  0.692206  0.828471  0.872879  0.313211  0.621040  0.826282  0.567582  0.548307  0.689366  0.885220  0.281314  0.421788  0.390351  0.698056  0.501013  0.644883  0.670442  0.406925  0.503224  0.511912  0.710979  0.540988  0.173667  0.743015  0.827838  0.838715  0.823907  0.734576  0.484857  0.401739  0.767501 0.0  0.609047  0.679649  0.766513  0.315481  0.802777  0.546460  0.280692  0.766990  0.662750  0.330214  0.466101  0.649958  0.754132 
47  0.527760  0.511998  0.778530  0.471250  0.380187  0.467019  0.595409  0.472450  0.475950  0.552291  0.490988  0.553141  0.271061  0.500653  0.514526  0.741307  0.893335  0.669639  0.601388  0.629837  0.737004  0.594822  0.314047  0.617895  0.848151  0.611632  0.644758  0.691252  0.645619  0.463270  0.641506  0.719621  0.674689  0.575367  0.414722  0.611078  0.481580  0.662538  0.534358  0.704057  0.759235  0.557459  0.484552  0.535183  0.631103  0.636748  0.609047 0.0  0.370987  0.591958  0.549848  0.634887  0.554676  0.593077  0.614689  0.468369  0.563389  0.479524  0.625540  0.713450 
48  0.576912  0.550172  0.709935  0.607059  0.483777  0.478124  0.622741  0.414149  0.541663  0.585714  0.596136  0.576480  0.389208  0.650885  0.575584  0.708401  0.806173  0.667731  0.542514  0.626558  0.611028  0.548884  0.383811  0.567258  0.825497  0.528495  0.590603  0.637103  0.617906  0.574603  0.549954  0.633488  0.658852  0.587820  0.559377  0.612696  0.618493  0.650617  0.687285  0.506315  0.658140  0.801950  0.319786  0.448364  0.587135  0.641609  0.679649  0.370987 0.0  0.729741  0.565883  0.630733  0.585904  0.500592  0.586202  0.299089  0.567767  0.600750  0.615377  0.648302 
49  0.660972  0.573648  0.574116  0.589604  0.737246  0.546210  0.626467  0.649288  0.730468  0.398375  0.605400  0.439726  0.625456  0.759979  0.588216  0.594417  0.665395  0.432716  0.656352  0.693071  0.721161  0.630679  0.644663  0.474422  0.721983  0.772871  0.766595  0.700770  0.235135  0.685456  0.732253  0.523443  0.738881  0.567829  0.638587  0.164128  0.686298  0.777977  0.642531  0.689459  0.605765  0.716209  0.611888  0.612167  0.680804  0.358584  0.766513  0.591958  0.729741 0.0  0.763439  0.605921  0.727248  0.704462  0.341463  0.651015  0.723465  0.717052  0.365747  0.472491 
50  0.360909  0.644575  0.740802  0.415894  0.656718  0.522589  0.620898  0.565485  0.396864  0.731429  0.635142  0.641781  0.546953  0.257209  0.565893  0.834149  0.840014  0.762412  0.113769  0.626998  0.929267  0.568861  0.746061  0.633915  0.915115  0.341769  0.417371  0.503463  0.739470  0.569889  0.543052  0.733744  0.424757  0.555384  0.434102  0.661381  0.473518  0.381025  0.686877  0.622895  0.791477  0.800827  0.636946  0.310260  0.282019  0.626117  0.315481  0.549848  0.565883  0.763439 0.0  0.813258  0.398899  0.287105  0.771736  0.668242  0.233000  0.386812  0.636552  0.735767 
51  0.826836  0.643243  0.503085  0.816123  0.779932  0.740470  0.599273  0.658942  0.756989  0.716660  0.792453  0.592500  0.727926  0.850768  0.715192  0.342942  0.718640  0.500785  0.797362  0.793330  0.509658  0.732000  0.800197  0.607716  0.664775  0.763926  0.736091  0.835160  0.484984  0.820036  0.759793  0.510621  0.808085  0.787005  0.760086  0.674748  0.801759  0.699195  0.735080  0.673159  0.569399  0.713740  0.678461  0.676960  0.752559  0.561242  0.802777  0.634887  0.630733  0.605921  0.813258 0.0  0.665783  0.768458  0.470066  0.633989  0.809936  0.846228  0.755040  0.572976 
52  0.349436  0.623763  0.629381  0.191066  0.423547  0.484071  0.521358  0.353008  0.236372  0.742901  0.539363  0.649555  0.630015  0.472375  0.377109  0.700156  0.892395  0.669067  0.300888  0.685291  0.781027  0.489813  0.518586  0.626336  0.769912  0.406682  0.436841  0.561703  0.691524  0.492139  0.563876  0.682435  0.539740  0.426138  0.413968  0.675712  0.540215  0.488150  0.602069  0.754433  0.794025  0.765880  0.685885  0.131390  0.589996  0.690545  0.546460  0.554676  0.585904  0.727248  0.398899  0.665783 0.0  0.461945  0.756907  0.538906  0.531168  0.409434  0.554412  0.762036 
53  0.399859  0.680577  0.798441  0.459845  0.678357  0.595790  0.660034  0.467783  0.400328  0.752743  0.633550  0.619913  0.619256  0.387932  0.488789  0.799524  0.883062  0.695166  0.273765  0.653148  0.728500  0.363462  0.618020  0.621877  0.837281  0.226721  0.455094  0.466208  0.745733  0.565391  0.589900  0.727008  0.544635  0.554399  0.453198  0.695840  0.455194  0.384954  0.653500  0.785302  0.680750  0.744023  0.665231  0.410350  0.374664  0.716655  0.280692  0.593077  0.500592  0.704462  0.287105  0.768458  0.461945 0.0  0.670174  0.659173  0.320823  0.479547  0.575356  0.732243 
54  0.736167  0.618648  0.509730  0.706269  0.601447  0.591303  0.666206  0.627532  0.749730  0.511770  0.723230  0.558372  0.779043  0.770020  0.681136  0.620421  0.705876  0.495646  0.759089  0.753961  0.626740  0.677036  0.653739  0.582878  0.685067  0.715564  0.790600  0.683916  0.151239  0.721815  0.693444  0.676371  0.683708  0.585925  0.626911  0.280604  0.708074  0.688000  0.727354  0.621428  0.663697  0.741504  0.534654  0.805681  0.810561  0.467936  0.766990  0.614689  0.586202  0.341463  0.771736  0.470066  0.756907  0.670174 0.0  0.558824  0.827953  0.696973  0.609164  0.291642 
55  0.664960  0.610072  0.723060  0.605737  0.567935  0.591449  0.729253  0.569665  0.628749  0.499422  0.626018  0.577978  0.531502  0.509916  0.473064  0.579152  0.773811  0.666243  0.585188  0.624381  0.709379  0.589393  0.485112  0.626836  0.824785  0.621841  0.566578  0.640682  0.604066  0.543401  0.625347  0.623942  0.486896  0.650594  0.504143  0.571170  0.603288  0.636595  0.548180  0.525799  0.695786  0.588243  0.064208  0.689665  0.659827  0.553910  0.662750  0.468369  0.299089  0.651015  0.668242  0.633989  0.538906  0.659173  0.558824 0.0  0.678764  0.564854  0.464364  0.714232 
56  0.350829  0.636066  0.725363  0.460432  0.582189  0.575670  0.802875  0.551163  0.442151  0.817688  0.677049  0.736819  0.659372  0.374582  0.569827  0.738597  0.884832  0.876722  0.328955  0.674991  0.806593  0.458977  0.553466  0.585823  0.813578  0.373251  0.477675  0.574897  0.782417  0.476789  0.625701  0.823244  0.336769  0.669376  0.417752  0.859112  0.422650  0.377603  0.684293  0.747465  0.788086  0.749897  0.611345  0.459968  0.269368  0.761959  0.330214  0.563389  0.567767  0.723465  0.233000  0.809936  0.531168  0.320823  0.827953  0.678764 0.0  0.428140  0.689126  0.772637 
57  0.454936  0.648294  0.790501  0.492758  0.485107  0.580383  0.642944  0.620378  0.394251  0.575152  0.498851  0.565750  0.492562  0.343187  0.469360  0.751548  0.931152  0.670735  0.397426  0.573248  0.741395  0.263320  0.456212  0.631806  0.740850  0.523127  0.485653  0.551537  0.671253  0.304521  0.664934  0.589069  0.386503  0.520911  0.433704  0.687217  0.187419  0.453204  0.583077  0.640815  0.756251  0.685323  0.509112  0.417056  0.414257  0.735503  0.466101  0.479524  0.600750  0.717052  0.386812  0.846228  0.409434  0.479547  0.696973  0.564854  0.428140 0.0  0.565320  0.720819 
58  0.560016  0.387562  0.608483  0.638556  0.527745  0.349059  0.628550  0.598149  0.564392  0.579269  0.627818  0.383427  0.495430  0.748473  0.609736  0.673250  0.805340  0.667416  0.577308  0.656068  0.694929  0.674856  0.609266  0.164560  0.893770  0.702932  0.697179  0.689228  0.585266  0.671837  0.402154  0.562768  0.733719  0.677165  0.610260  0.584204  0.665781  0.588740  0.668448  0.693564  0.502018  0.727553  0.558400  0.636958  0.627977  0.490465  0.649958  0.625540  0.615377  0.365747  0.636552  0.755040  0.554412  0.575356  0.609164  0.464364  0.689126  0.565320 0.0  0.516022 
59  0.747550  0.606018  0.528539  0.667893  0.791850  0.619647  0.584546  0.634467  0.686381  0.442410  0.724098  0.539907  0.541617  0.750493  0.825654  0.646165  0.728319  0.573408  0.755500  0.708381  0.699761  0.682104  0.536717  0.560594  0.775457  0.694852  0.783940  0.817844  0.434568  0.650430  0.720214  0.522691  0.727484  0.774560  0.640878  0.450690  0.789731  0.728513  0.593396  0.565718  0.681856  0.688380  0.597143  0.682610  0.757008  0.597436  0.754132  0.713450  0.648302  0.472491  0.735767  0.572976  0.762036  0.732243  0.291642  0.714232  0.772637  0.720819  0.516022 0.0 
