60
0 0.0  0.448972  0.704266  0.382104  0.593879  0.539445  0.586267  0.405893  0.302121  0.667107  0.593964  0.572795  0.605859  0.322697  0.518072  0.736773  0.760027  0.695508  0.246521  0.570283  0.812313  0.655953  0.589448  0.704495  0.812505  0.199375  0.484714  0.616881  0.654482  0.453742  0.586502  0.689935  0.454832  0.370202  0.377261  0.770319  0.496798  0.447807  0.629628  0.730282  0.727552  0.826174  0.653900  0.317041  0.485806  0.623679  0.404682  0.646872  0.565607  0.631964  0.277739  0.957713  0.316568  0.318269  0.689973  0.585399  0.354315  0.375729  0.718519  0.768558 
1  0.448972 0.0  0.724431  0.547863  0.598892  0.434735  0.580655  0.494418  0.556115  0.474484  0.745625  0.430022  0.681957  0.606686  0.423117  0.718425  0.793168  0.606047  0.626284  0.723027  0.577359  0.641208  0.538934  0.310558  0.856104  0.669376  0.692715  0.695579  0.661826  0.591502  0.560945  0.494089  0.702674  0.576618  0.591926  0.708676  0.553841  0.619615  0.568040  0.687552  0.551433  0.763135  0.379649  0.474517  0.530086  0.483436  0.644418  0.520723  0.493875  0.523845  0.620495  0.694320  0.564382  0.745937  0.532151  0.549017  0.549291  0.640573  0.229836  0.580816 
2  0.704266  0.724431 0.0  0.685033  0.805893  0.661188  0.617956  0.769523  0.734558  0.619094  0.719025  0.571353  0.773271  0.751532  0.715763  0.384861  0.689576  0.466097  0.650639  0.812651  0.374737  0.776668  0.824590  0.618168  0.739964  0.714758  0.723676  0.724929  0.505045  0.721233  0.685725  0.357496  0.746350  0.575301  0.736576  0.430943  0.677019  0.799987  0.706726  0.770140  0.504985  0.865397  0.658875  0.704518  0.821405  0.539093  0.759943  0.704685  0.713917  0.541228  0.616560  0.503490  0.741029  0.710452  0.495063  0.662117  0.706484  0.722444  0.598922  0.574456 
3  0.382104  0.547863  0.685033 0.0  0.490786  0.431352  0.636706  0.389523  0.253852  0.657609  0.690267  0.641143  0.519320  0.296391  0.320162  0.673731  0.853069  0.705487  0.419422  0.651745  0.693506  0.472799  0.550151  0.581339  0.931839  0.490077  0.508676  0.526096  0.649606  0.431952  0.494784  0.676023  0.474356  0.357604  0.382490  0.673064  0.535736  0.484897  0.665319  0.695708  0.562676  0.791491  0.525500  0.207198  0.567818  0.707514  0.510166  0.471097  0.589944  0.626955  0.350373  0.713028  0.343709  0.399605  0.703463  0.572309  0.482622  0.352763  0.594034  0.679039 
4  0.593879  0.598892  0.805893  0.490786 0.0  0.566315  0.739584  0.609822  0.594075  0.571210  0.440340  0.673427  0.278871  0.541164  0.583733  0.677400  0.799141  0.669761  0.626900  0.489991  0.671833  0.393286  0.309343  0.521351  0.793966  0.617327  0.652944  0.739196  0.620426  0.449056  0.720934  0.709773  0.441762  0.562269  0.473542  0.714206  0.533398  0.566287  0.509112  0.544595  0.677511  0.572335  0.524706  0.507004  0.640480  0.827204  0.484737  0.418813  0.404942  0.667658  0.470002  0.694402  0.514664  0.594818  0.552428  0.432883  0.623520  0.457511  0.584901  0.602768 
5  0.539445  0.434735  0.661188  0.431352  0.566315 0.0  0.595978  0.465294  0.489200  0.514934  0.604602  0.566876  0.548353  0.522524  0.304445  0.663803  0.904408  0.697698  0.603268  0.649187  0.635524  0.504252  0.531390  0.485409  0.804457  0.483876  0.612002  0.699342  0.585653  0.508153  0.545160  0.671535  0.544922  0.470592  0.481545  0.638437  0.684976  0.604245  0.628221  0.609141  0.601854  0.660131  0.623098  0.475457  0.626781  0.513445  0.681316  0.453541  0.487549  0.479866  0.709786  0.643099  0.510524  0.614175  0.615302  0.539101  0.575177  0.650137  0.406443  0.582279 
6  0.586267  0.580655  0.617956  0.636706  0.739584  0.595978 0.0  0.702482  0.607466  0.677814  0.695810  0.602460  0.674260  0.627996  0.699798  0.741401  0.806153  0.586252  0.732800  0.829886  0.595673  0.622553  0.636994  0.469316  0.801911  0.685640  0.557662  0.795046  0.574900  0.570530  0.662130  0.529921  0.689626  0.565798  0.750845  0.643167  0.719990  0.689188  0.677922  0.692610  0.566749  0.854821  0.704351  0.622688  0.718840  0.694648  0.702673  0.733908  0.625870  0.459797  0.644964  0.691416  0.573207  0.657908  0.576170  0.573405  0.625113  0.824297  0.374880  0.745842 
7  0.405893  0.494418  0.769523  0.389523  0.609822  0.465294  0.702482 0.0  0.495755  0.637709  0.541210  0.619551  0.561680  0.542286  0.260454  0.745131  0.856874  0.564485  0.460659  0.673759  0.777310  0.653510  0.561050  0.474883  0.783631  0.544903  0.515495  0.580343  0.690785  0.617573  0.453262  0.707694  0.573478  0.442652  0.524847  0.588586  0.547667  0.657784  0.709269  0.623360  0.705220  0.710611  0.516283  0.434590  0.543236  0.648721  0.606362  0.542890  0.511130  0.624492  0.594789  0.763915  0.431957  0.663935  0.767323  0.654570  0.559930  0.487315  0.477505  0.637216 
8  0.302121  0.556115  0.734558  0.253852  0.594075  0.489200  0.607466  0.495755 0.0  0.636663  0.642032  0.511761  0.489718  0.198153  0.485235  0.683455  0.931200  0.707438  0.347854  0.706500  0.811713  0.440135  0.435209  0.636961  0.902432  0.364561  0.487263  0.546182  0.661138  0.476047  0.585918  0.689189  0.488363  0.483678  0.393502  0.716797  0.379355  0.509776  0.665410  0.788432  0.836297  0.685916  0.582604  0.284461  0.390396  0.633954  0.453964  0.557553  0.519947  0.754692  0.347999  0.845379  0.201890  0.357333  0.629239  0.537890  0.405128  0.310741  0.545077  0.728370 
9  0.667107  0.474484  0.619094  0.657609  0.571210  0.514934  0.677814  0.637709  0.636663 0.0  0.565161  0.512468  0.510201  0.664292  0.573057  0.612967  0.800148  0.607641  0.666729  0.727862  0.575683  0.740217  0.676960  0.585773  0.727647  0.689265  0.695926  0.820140  0.476956  0.662337  0.690721  0.521823  0.668011  0.657737  0.684567  0.350117  0.648633  0.606431  0.709232  0.522457  0.610864  0.690918  0.453779  0.661070  0.687218  0.510971  0.679473  0.627155  0.484416  0.523316  0.626324  0.592414  0.616029  0.704397  0.447202  0.425260  0.667335  0.576617  0.423118  0.448874 
10  0.593964  0.745625  0.719025  0.690267  0.440340  0.604602  0.695810  0.541210  0.642032  0.565161 0.0  0.752068  0.365729  0.642349  0.550005  0.746991  0.817423  0.707826  0.565518  0.393843  0.802577  0.552761  0.484822  0.678912  0.812215  0.648469  0.629397  0.664085  0.638598  0.459538  0.646326  0.782686  0.493902  0.612303  0.467594  0.639954  0.463570  0.653549  0.361970  0.592987  0.821829  0.645180  0.575852  0.555721  0.553829  0.712866  0.690061  0.531604  0.542243  0.635990  0.568283  0.738309  0.578964  0.614878  0.619237  0.581935  0.588894  0.570949  0.605511  0.706422 
11  0.572795  0.430022  0.571353  0.641143  0.673427  0.566876  0.602460  0.619551  0.511761  0.512468  0.752068 0.0  0.568489  0.615509  0.624698  0.692830  0.693188  0.435295  0.601724  0.730453  0.627752  0.707124  0.660839  0.290215  0.709707  0.686269  0.649350  0.750311  0.472472  0.707948  0.656677  0.612232  0.786162  0.624840  0.687803  0.490970  0.682476  0.621075  0.755334  0.555137  0.515508  0.766073  0.521669  0.622312  0.596484  0.369825  0.661797  0.733982  0.682887  0.423227  0.657044  0.625466  0.561794  0.682907  0.500318  0.598903  0.647799  0.688953  0.455555  0.505841 
12  0.605859  0.681957  0.773271  0.519320  0.278871  0.548353  0.674260  0.561680  0.489718  0.510201  0.365729  0.568489 0.0  0.565340  0.594946  0.821039  0.867740  0.683338  0.668925  0.487064  0.767633  0.505322  0.391154  0.651775  0.834677  0.554663  0.580976  0.676363  0.639591  0.506453  0.676708  0.714894  0.679901  0.617803  0.475504  0.648432  0.536942  0.634130  0.477794  0.576133  0.736651  0.686182  0.518653  0.580761  0.674510  0.758202  0.699067  0.433650  0.437907  0.680240  0.598015  0.716398  0.611133  0.694275  0.606602  0.573846  0.584553  0.398684  0.611175  0.583324 
13  0.322697  0.606686  0.751532  0.296391  0.541164  0.522524  0.627996  0.542286  0.198153  0.664292  0.642349  0.615509  0.565340 0.0  0.607167  0.855349  0.838057  0.650166  0.102031  0.672490  0.743692  0.511326  0.474827  0.596496  0.783238  0.457206  0.436653  0.664558  0.708248  0.432457  0.678033  0.727685  0.499118  0.522906  0.482892  0.754412  0.304113  0.591520  0.649627  0.727112  0.694813  0.768454  0.647059  0.412358  0.314303  0.711653  0.389739  0.604802  0.590317  0.692423  0.295368  0.749765  0.379251  0.342431  0.776679  0.697262  0.428264  0.393127  0.545695  0.780452 
14  0.518072  0.423117  0.715763  0.320162  0.583733  0.304445  0.699798  0.260454  0.485235  0.573057  0.550005  0.624698  0.594946  0.607167 0.0  0.646248  0.905240  0.686650  0.466416  0.665792  0.780600  0.642529  0.522426  0.600025  0.825078  0.445625  0.596449  0.621401  0.547240  0.496377  0.605101  0.689646  0.662253  0.382632  0.346596  0.678840  0.521321  0.528217  0.605572  0.661438  0.617208  0.709662  0.622274  0.436564  0.617597  0.490286  0.465208  0.387569  0.442947  0.649529  0.644527  0.745311  0.307181  0.546102  0.606015  0.486443  0.588766  0.462628  0.402098  0.644282 
15  0.736773  0.718425  0.384861  0.673731  0.677400  0.663803  0.741401  0.745131  0.683455  0.612967  0.746991  0.692830  0.821039  0.855349  0.646248 0.0  0.745882  0.453332  0.670918  0.714117  0.504620  0.851038  0.699066  0.705349  0.694419  0.737394  0.770894  0.893695  0.455132  0.741076  0.714159  0.536101  0.681193  0.782941  0.721945  0.545137  0.743874  0.864973  0.834333  0.731262  0.495803  0.802377  0.634129  0.660811  0.840543  0.603704  0.812314  0.763263  0.815814  0.528357  0.673991  0.340306  0.736897  0.842958  0.484460  0.701482  0.819133  0.688211  0.611659  0.581184 
16  0.760027  0.793168  0.689576  0.853069  0.799141  0.904408  0.806153  0.856874  0.931200  0.800148  0.817423  0.693188  0.867740  0.838057  0.905240  0.745882 0.0  0.741596  0.845537  0.841109  0.845955  0.828291  0.777121  0.807133  0.411050  1.000000  0.843250  0.923791  0.808381  0.930129  0.809898  0.711896  0.800304  0.824640  0.832316  0.806783  0.845515  0.973152  0.879021  0.874535  0.783799  0.827540  0.768602  0.933955  0.706202  0.693622  0.925794  0.718725  0.778075  0.625562  0.879118  0.664255  0.706287  0.756121  0.795534  0.804404  0.841104  0.869585  0.708420  0.830981 
17  0.695508  0.606047  0.466097  0.705487  0.669761  0.697698  0.586252  0.564485  0.707438  0.607641  0.707826  0.435295  0.683338  0.650166  0.686650  0.453332  0.741596 0.0  0.635797  0.728970  0.530431  0.811799  0.727355  0.544757  0.656481  0.669172  0.658168  0.761887  0.439122  0.715011  0.595584  0.481319  0.803597  0.696683  0.741933  0.416170  0.686906  0.727118  0.695849  0.709390  0.459569  0.747167  0.618087  0.684269  0.704844  0.407634  0.722364  0.558598  0.623605  0.551307  0.919219  0.443472  0.664027  0.780368  0.436975  0.688873  0.655858  0.663629  0.658488  0.522042 
18  0.246521  0.626284  0.650639  0.419422  0.626900  0.603268  0.732800  0.460659  0.347854  0.666729  0.565518  0.601724  0.668925  0.102031  0.466416  0.670918  0.845537  0.635797 0.0  0.640575  0.817851  0.479466  0.414259  0.712416  0.798298  0.201169  0.567109  0.552305  0.763943  0.549812  0.554027  0.747588  0.542303  0.544328  0.533737  0.716453  0.505121  0.381617  0.622256  0.627663  0.740030  0.808791  0.632251  0.322966  0.311684  0.733826  0.366684  0.461359  0.643737  0.722814  0.069565  0.751246  0.381555  0.277516  0.646028  0.632244  0.316239  0.373278  0.670589  0.824361 
19  0.570283  0.723027  0.812651  0.651745  0.489991  0.649187  0.829886  0.673759  0.706500  0.727862  0.393843  0.730453  0.487064  0.672490  0.665792  0.714117  0.841109  0.728970  0.640575 0.0  0.766965  0.426003  0.509289  0.678813  0.948602  0.663254  0.707152  0.623415  0.690688  0.546147  0.844164  0.681679  0.556984  0.592938  0.583632  0.646491  0.606549  0.622346  0.134443  0.536115  0.699059  0.605953  0.604328  0.584038  0.644663  0.674532  0.670874  0.547451  0.579541  0.772727  0.715098  0.738812  0.586063  0.669189  0.712644  0.570202  0.630434  0.683258  0.703157  0.825368 
20  0.812313  0.577359  0.374737  0.693506  0.671833  0.635524  0.595673  0.777310  0.811713  0.575683  0.802577  0.627752  0.767633  0.743692  0.780600  0.504620  0.845955  0.530431  0.817851  0.766965 0.0  0.782184  0.766492  0.700079  0.616858  0.774243  0.856627  0.902732  0.629556  0.741406  0.770861  0.541943  0.790021  0.797082  0.763299  0.570688  0.749450  0.785810  0.810301  0.799364  0.459230  0.804339  0.694876  0.758632  0.826637  0.597214  0.719849  0.603069  0.660176  0.556606  0.820409  0.645076  0.702615  0.825421  0.710527  0.666965  0.821150  0.876320  0.641646  0.566323 
21  0.655953  0.641208  0.776668  0.472799  0.393286  0.504252  0.622553  0.653510  0.440135  0.740217  0.552761  0.707124  0.505322  0.511326  0.642529  0.851038  0.828291  0.811799  0.479466  0.426003  0.782184 0.0  0.454679  0.648912  0.816254  0.540293  0.564745  0.564063  0.683938  0.176728  0.661226  0.739285  0.407098  0.611610  0.517802  0.780570  0.268091  0.584774  0.700319  0.610603  0.748202  0.723172  0.581809  0.538999  0.493844  0.714742  0.496372  0.525319  0.466562  0.679520  0.504544  0.637586  0.498574  0.524906  0.636765  0.613601  0.468880  0.335580  0.586355  0.706174 
22  0.589448  0.538934  0.824590  0.550151  0.309343  0.531390  0.636994  0.561050  0.435209  0.676960  0.484822  0.660839  0.391154  0.474827  0.522426  0.699066  0.777121  0.727355  0.414259  0.509289  0.766492  0.454679 0.0  0.575179  0.889861  0.484739  0.557603  0.651082  0.729026  0.370794  0.646936  0.554317  0.567791  0.610342  0.385222  0.741438  0.436510  0.667412  0.394271  0.675058  0.731885  0.817424  0.616805  0.519709  0.619330  0.774819  0.599525  0.257239  0.528617  0.574290  0.536194  0.703513  0.477066  0.581825  0.679197  0.501954  0.549889  0.457058  0.601675  0.548650 
23  0.704495  0.310558  0.618168  0.581339  0.521351  0.485409  0.469316  0.474883  0.636961  0.585773  0.678912  0.290215  0.651775  0.596496  0.600025  0.705349  0.807133  0.544757  0.712416  0.678813  0.700079  0.648912  0.575179 0.0  0.818197  0.653243  0.703203  0.698179  0.497857  0.648486  0.590804  0.512242  0.649885  0.554922  0.660645  0.575460  0.646625  0.668374  0.602097  0.712261  0.546777  0.795544  0.546833  0.646617  0.679099  0.509260  0.656679  0.539176  0.532902  0.463769  0.651575  0.646422  0.703957  0.682924  0.461703  0.578990  0.748325  0.659145  0.253313  0.497040 
24  0.812505  0.856104  0.739964  0.931839  0.793966  0.804457  0.801911  0.783631  0.902432  0.727647  0.812215  0.709707  0.834677  0.783238  0.825078  0.694419  0.411050  0.656481  0.798298  0.948602  0.616858  0.816254  0.889861  0.818197 0.0  0.793377  0.811726  0.877463  0.828449  0.801048  0.862477  0.626702  0.955205  0.858630  0.812223  0.719433  0.796373  0.878591  0.842293  0.780879  0.663255  0.826559  0.795374  0.851123  0.841427  0.827515  0.824916  0.777430  0.792622  0.777524  0.839504  0.695095  0.896874  0.877454  0.726969  0.779154  0.870655  0.826203  0.763592  0.703901 
25  0.199375  0.669376  0.714758  0.490077  0.617327  0.483876  0.685640  0.544903  0.364561  0.689265  0.648469  0.686269  0.554663  0.457206  0.445625  0.737394  1.000000  0.669172  0.201169  0.663254  0.774243  0.540293  0.484739  0.653243  0.793377 0.0  0.323983  0.434884  0.659911  0.489547  0.508216  0.749017  0.584580  0.465711  0.413609  0.724613  0.527316  0.412580  0.675709  0.668892  0.646216  0.717144  0.610912  0.435750  0.417952  0.681777  0.434592  0.571371  0.640055  0.706756  0.303636  0.724775  0.397213  0.236306  0.710662  0.569421  0.391449  0.422897  0.592404  0.632863 
26  0.484714  0.692715  0.723676  0.508676  0.652944  0.612002  0.557662  0.515495  0.487263  0.695926  0.629397  0.649350  0.580976  0.436653  0.596449  0.770894  0.843250  0.658168  0.567109  0.707152  0.856627  0.564745  0.557603  0.703203  0.811726  0.323983 0.0  0.437842  0.832818  0.463865  0.601866  0.744574  0.497644  0.439222  0.650552  0.701072  0.642531  0.230499  0.722596  0.800491  0.703269  0.804604  0.690846  0.590434  0.327596  0.690342  0.323587  0.600692  0.722337  0.647972  0.490953  0.709896  0.443476  0.364471  0.672757  0.736917  0.455504  0.552975  0.666252  0.643493 
27  0.616881  0.695579  0.724929  0.526096  0.739196  0.699342  0.795046  0.580343  0.546182  0.820140  0.664085  0.750311  0.676363  0.664558  0.621401  0.893695  0.923791  0.761887  0.552305  0.623415  0.902732  0.564063  0.651082  0.698179  0.877463  0.434884  0.437842 0.0  0.756430  0.613527  0.573956  0.799851  0.591983  0.510772  0.670078  0.752132  0.650679  0.495881  0.789954  0.765180  0.793599  0.738329  0.753031  0.607909  0.583275  0.804270  0.590098  0.724089  0.734580  0.769124  0.487566  0.886219  0.589613  0.491782  0.730373  0.697107  0.448275  0.633353  0.714470  0.836223 
28  0.654482  0.661826  0.505045  0.649606  0.620426  0.585653  0.574900  0.690785  0.661138  0.476956  0.638598  0.472472  0.639591  0.708248  0.547240  0.455132  0.808381  0.439122  0.763943  0.690688  0.629556  0.683938  0.729026  0.497857  0.828449  0.659911  0.832818  0.756430 0.0  0.616887  0.718088  0.588099  0.702235  0.683445  0.616403  0.401399  0.782553  0.677816  0.679030  0.584127  0.589310  0.664828  0.603476  0.633124  0.755456  0.510513  0.746724  0.681708  0.686700  0.243076  0.712558  0.421792  0.706158  0.697415  0.235915  0.584903  0.675114  0.705112  0.447554  0.377744 
29  0.453742  0.591502  0.721233  0.431952  0.449056  0.508153  0.570530  0.617573  0.476047  0.662337  0.459538  0.707948  0.506453  0.432457  0.496377  0.741076  0.930129  0.715011  0.549812  0.546147  0.741406  0.176728  0.370794  0.648486  0.801048  0.489547  0.463865  0.613527  0.616887 0.0  0.664888  0.714768  0.421156  0.578611  0.278658  0.663364  0.357300  0.566169  0.580783  0.629816  0.823925  0.749762  0.518134  0.369628  0.486891  0.727895  0.532360  0.499844  0.474708  0.622381  0.479238  0.672281  0.536135  0.481476  0.591690  0.593942  0.354802  0.227497  0.679824  0.637803 
30  0.586502  0.560945  0.685725  0.494784  0.720934  0.545160  0.662130  0.453262  0.585918  0.690721  0.646326  0.656677  0.676708  0.678033  0.605101  0.714159  0.809898  0.595584  0.554027  0.844164  0.770861  0.661226  0.646936  0.590804  0.862477  0.508216  0.601866  0.573956  0.718088  0.664888 0.0  0.754346  0.591104  0.375486  0.520132  0.583162  0.663566  0.562762  0.710849  0.719088  0.588747  0.692961  0.680290  0.534141  0.638725  0.580676  0.661298  0.547723  0.645068  0.634252  0.565913  0.660782  0.581231  0.633313  0.671198  0.616094  0.610688  0.596829  0.575245  0.722133 
31  0.689935  0.494089  0.357496  0.676023  0.709773  0.671535  0.529921  0.707694  0.689189  0.521823  0.782686  0.612232  0.714894  0.727685  0.689646  0.536101  0.711896  0.481319  0.747588  0.681679  0.541943  0.739285  0.554317  0.512242  0.626702  0.749017  0.744574  0.799851  0.588099  0.714768  0.754346 0.0  0.672534  0.688525  0.763527  0.617759  0.833359  0.823707  0.695767  0.647578  0.357430  0.885968  0.729125  0.676902  0.813059  0.439066  0.724000  0.635471  0.779452  0.597083  0.735526  0.622183  0.580434  0.705539  0.573973  0.736497  0.676954  0.681080  0.556535  0.656678 
32  0.454832  0.702674  0.746350  0.474356  0.441762  0.544922  0.689626  0.573478  0.488363  0.668011  0.493902  0.786162  0.679901  0.499118  0.662253  0.681193  0.800304  0.803597  0.542303  0.556984  0.790021  0.407098  0.567791  0.649885  0.955205  0.584580  0.497644  0.591983  0.702235  0.421156  0.591104  0.672534 0.0  0.636451  0.431078  0.716342  0.249150  0.507585  0.560470  0.647778  0.766760  0.813917  0.662182  0.529978  0.452049  0.680536  0.523320  0.601475  0.695581  0.686028  0.353850  0.694827  0.452874  0.607178  0.726930  0.647457  0.405795  0.285873  0.716782  0.627437 
33  0.370202  0.576618  0.575301  0.357604  0.562269  0.470592  0.565798  0.442652  0.483678  0.657737  0.612303  0.624840  0.617803  0.522906  0.382632  0.782941  0.824640  0.696683  0.544328  0.592938  0.797082  0.611610  0.610342  0.554922  0.858630  0.465711  0.439222  0.510772  0.683445  0.578611  0.375486  0.688525  0.636451 0.0  0.477383  0.566808  0.450312  0.598099  0.620833  0.606537  0.658334  0.720811  0.662090  0.518046  0.595035  0.627613  0.475875  0.480396  0.549033  0.648826  0.602265  0.790433  0.498436  0.581786  0.620446  0.695371  0.669922  0.654176  0.554738  0.770688 
34  0.377261  0.591926  0.736576  0.382490  0.473542  0.481545  0.750845  0.524847  0.393502  0.684567  0.467594  0.687803  0.475504  0.482892  0.346596  0.721945  0.832316  0.741933  0.533737  0.583632  0.763299  0.517802  0.385222  0.660645  0.812223  0.413609  0.650552  0.670078  0.616403  0.278658  0.520132  0.763527  0.431078  0.477383 0.0  0.650547  0.475229  0.587704  0.619381  0.629820  0.806422  0.731710  0.546427  0.350320  0.538494  0.723576  0.477927  0.420476  0.514963  0.563295  0.375337  0.734134  0.308467  0.605328  0.680133  0.604757  0.484209  0.398498  0.539726  0.788720 
35  0.770319  0.708676  0.430943  0.673064  0.714206  0.638437  0.643167  0.588586  0.716797  0.350117  0.639954  0.490970  0.648432  0.754412  0.678840  0.545137  0.806783  0.416170  0.716453  0.646491  0.570688  0.780570  0.741438  0.575460  0.719433  0.724613  0.701072  0.752132  0.401399  0.663364  0.583162  0.617759  0.716342  0.566808  0.650547 0.0  0.711412  0.668060  0.577462  0.595419  0.604828  0.656147  0.593931  0.657233  0.692646  0.464163  0.719403  0.648818  0.671557  0.290898  0.704171  0.566349  0.706229  0.703829  0.253773  0.648781  0.774647  0.622794  0.538388  0.330168 
36  0.496798  0.553841  0.677019  0.535736  0.533398  0.684976  0.719990  0.547667  0.379355  0.648633  0.463570  0.682476  0.536942  0.304113  0.521321  0.743874  0.845515  0.686906  0.505121  0.606549  0.749450  0.268091  0.436510  0.646625  0.796373  0.527316  0.642531  0.650679  0.782553  0.357300  0.663566  0.833359  0.249150  0.450312  0.475229  0.711412 0.0  0.431802  0.647362  0.782321  0.766512  0.738084  0.631785  0.466722  0.512723  0.702160  0.584209  0.588448  0.565914  0.700052  0.466052  0.823421  0.619823  0.483853  0.637417  0.651241  0.450072  0.211430  0.658020  0.660531 
37  0.447807  0.619615  0.799987  0.484897  0.566287  0.604245  0.689188  0.657784  0.509776  0.606431  0.653549  0.621075  0.634130  0.591520  0.528217  0.864973  0.973152  0.727118  0.381617  0.622346  0.785810  0.584774  0.667412  0.668374  0.878591  0.412580  0.230499  0.495881  0.677816  0.566169  0.562762  0.823707  0.507585  0.598099  0.587704  0.668060  0.431802 0.0  0.673230  0.615702  0.743380  0.786024  0.853196  0.550183  0.256854  0.691966  0.240571  0.635610  0.596835  0.774625  0.336690  0.683250  0.502330  0.275316  0.775864  0.698053  0.352321  0.594263  0.585828  0.777937 
38  0.629628  0.568040  0.706726  0.665319  0.509112  0.628221  0.677922  0.709269  0.665410  0.709232  0.361970  0.755334  0.477794  0.649627  0.605572  0.834333  0.879021  0.695849  0.622256  0.134443  0.810301  0.700319  0.394271  0.602097  0.842293  0.675709  0.722596  0.789954  0.679030  0.580783  0.710849  0.695767  0.560470  0.620833  0.619381  0.577462  0.647362  0.673230 0.0  0.715564  0.700160  0.590966  0.621729  0.666503  0.698269  0.786641  0.589405  0.651524  0.544053  0.646887  0.663865  0.791219  0.675078  0.581171  0.748015  0.506784  0.621207  0.563451  0.700743  0.720335 
39  0.730282  0.687552  0.770140  0.695708  0.544595  0.609141  0.692610  0.623360  0.788432  0.522457  0.592987  0.555137  0.576133  0.727112  0.661438  0.731262  0.874535  0.709390  0.627663  0.536115  0.799364  0.610603  0.675058  0.712261  0.780879  0.668892  0.800491  0.765180  0.584127  0.629816  0.719088  0.647578  0.647778  0.606537  0.629820  0.595419  0.782321  0.615702  0.715564 0.0  0.607770  0.528421  0.474951  0.677744  0.745366  0.564908  0.703234  0.485405  0.735330  0.595541  0.653820  0.792304  0.709599  0.791736  0.678396  0.588383  0.710337  0.666894  0.579073  0.511775 
40  0.727552  0.551433  0.504985  0.562676  0.677511  0.601854  0.566749  0.705220  0.836297  0.610864  0.821829  0.515508  0.736651  0.694813  0.617208  0.495803  0.783799  0.459569  0.740030  0.699059  0.459230  0.748202  0.731885  0.546777  0.663255  0.646216  0.703269  0.793599  0.589310  0.823925  0.588747  0.357430  0.766760  0.658334  0.806422  0.604828  0.766512  0.743380  0.700160  0.607770 0.0  0.790889  0.727407  0.696339  0.782476  0.564186  0.768320  0.814269  0.784476  0.499143  0.688945  0.672071  0.676062  0.742297  0.582796  0.678839  0.784305  0.785824  0.679978  0.639472 
41  0.826174  0.763135  0.865397  0.791491  0.572335  0.660131  0.854821  0.710611  0.685916  0.690918  0.645180  0.766073  0.686182  0.768454  0.709662  0.802377  0.827540  0.747167  0.808791  0.605953  0.804339  0.723172  0.817424  0.795544  0.826559  0.717144  0.804604  0.738329  0.664828  0.749762  0.692961  0.885968  0.813917  0.720811  0.731710  0.656147  0.738084  0.786024  0.590966  0.528421  0.790889 0.0  0.615242  0.824387  0.756836  0.747864  0.762768  0.751971  0.788005  0.790072  0.754805  0.725530  0.796902  0.798828  0.708916  0.672465  0.788764  0.644059  0.631170  0.665846 
42  0.653900  0.379649  0.658875  0.525500  0.524706  0.623098  0.704351  0.516283  0.582604  0.453779  0.575852  0.521669  0.518653  0.647059  0.622274  0.634129  0.768602  0.618087  0.632251  0.604328  0.694876  0.581809  0.616805  0.546833  0.795374  0.610912  0.690846  0.753031  0.603476  0.518134  0.680290  0.729125  0.662182  0.662090  0.546427  0.593931  0.631785  0.853196  0.621729  0.474951  0.727407  0.615242 0.0  0.614366  0.548597  0.493815  0.645943  0.460780  0.284316  0.600884  0.698045  0.685633  0.628087  0.593130  0.600720  0.027120  0.586360  0.711440  0.526463  0.586123 
43  0.317041  0.474517  0.704518  0.207198  0.507004  0.475457  0.622688  0.434590  0.284461  0.661070  0.555721  0.622312  0.580761  0.412358  0.436564  0.660811  0.933955  0.684269  0.322966  0.584038  0.758632  0.538999  0.519709  0.646617  0.851123  0.435750  0.590434  0.607909  0.633124  0.369628  0.534141  0.676902  0.529978  0.518046  0.350320  0.657233  0.466722  0.550183  0.666503  0.677744  0.696339  0.824387  0.614366 0.0  0.612981  0.591248  0.518970  0.498421  0.481017  0.668583  0.418992  0.734617  0.119214  0.504679  0.630320  0.619877  0.411891  0.438534  0.553256  0.666943 
44  0.485806  0.530086  0.821405  0.567818  0.640480  0.626781  0.718840  0.543236  0.390396  0.687218  0.553829  0.596484  0.674510  0.314303  0.617597  0.840543  0.706202  0.704844  0.311684  0.644663  0.826637  0.493844  0.619330  0.679099  0.841427  0.417952  0.327596  0.583275  0.755456  0.486891  0.638725  0.813059  0.452049  0.595035  0.538494  0.692646  0.512723  0.256854  0.698269  0.745366  0.782476  0.756836  0.548597  0.612981 0.0  0.605894  0.175105  0.515048  0.747619  0.669116  0.210249  0.782587  0.437200  0.277165  0.759276  0.680454  0.384562  0.431610  0.632154  0.692151 
45  0.623679  0.483436  0.539093  0.707514  0.827204  0.513445  0.694648  0.648721  0.633954  0.510971  0.712866  0.369825  0.758202  0.711653  0.490286  0.603704  0.693622  0.407634  0.733826  0.674532  0.597214  0.714742  0.774819  0.509260  0.827515  0.681777  0.690342  0.804270  0.510513  0.727895  0.580676  0.439066  0.680536  0.627613  0.723576  0.464163  0.702160  0.691966  0.786641  0.564908  0.564186  0.747864  0.493815  0.591248  0.605894 0.0  0.756794  0.709542  0.602260  0.325830  0.608628  0.565893  0.622844  0.725627  0.512013  0.671272  0.780230  0.707808  0.524599  0.494402 
46  0.404682  0.644418  0.759943  0.510166  0.484737  0.681316  0.702673  0.606362  0.453964  0.679473  0.690061  0.661797  0.699067  0.389739  0.465208  0.812314  0.925794  0.722364  0.366684  0.670874  0.719849  0.496372  0.599525  0.656679  0.824916  0.434592  0.323587  0.590098  0.746724  0.532360  0.661298  0.724000  0.523320  0.475875  0.477927  0.719403  0.584209  0.240571  0.589405  0.703234  0.768320  0.762768  0.645943  0.518970  0.175105  0.756794 0.0  0.466921  0.604339  0.703328  0.355720  0.797809  0.429547  0.224789  0.756215  0.696990  0.445079  0.459117  0.652699  0.785313 
47  0.646872  0.520723  0.704685  0.471097  0.418813  0.453541  0.733908  0.542890  0.557553  0.627155  0.531604  0.733982  0.433650  0.604802  0.387569  0.763263  0.718725  0.558598  0.461359  0.547451  0.603069  0.525319  0.257239  0.539176  0.777430  0.571371  0.600692  0.724089  0.681708  0.499844  0.547723  0.635471  0.601475  0.480396  0.420476  0.648818  0.588448  0.635610  0.651524  0.485405  0.814269  0.751971  0.460780  0.498421  0.515048  0.709542  0.466921 0.0  0.346351  0.625837  0.500264  0.765655  0.556874  0.496782  0.792538  0.379222  0.521718  0.499347  0.540735  0.543532 
48  0.565607  0.493875  0.713917  0.589944  0.404942  0.487549  0.625870  0.511130  0.519947  0.484416  0.542243  0.682887  0.437907  0.590317  0.442947  0.815814  0.778075  0.623605  0.643737  0.579541  0.660176  0.466562  0.528617  0.532902  0.792622  0.640055  0.722337  0.734580  0.686700  0.474708  0.645068  0.779452  0.695581  0.549033  0.514963  0.671557  0.565914  0.596835  0.544053  0.735330  0.784476  0.788005  0.284316  0.481017  0.747619  0.602260  0.604339  0.346351 0.0  0.511948  0.592429  0.619700  0.539531  0.627198  0.601831  0.210976  0.612069  0.514810  0.506356  0.596201 
49  0.631964  0.523845  0.541228  0.626955  0.667658  0.479866  0.459797  0.624492  0.754692  0.523316  0.635990  0.423227  0.680240  0.692423  0.649529  0.528357  0.625562  0.551307  0.722814  0.772727  0.556606  0.679520  0.574290  0.463769  0.777524  0.706756  0.647972  0.769124  0.243076  0.622381  0.634252  0.597083  0.686028  0.648826  0.563295  0.290898  0.700052  0.774625  0.646887  0.595541  0.499143  0.790072  0.600884  0.668583  0.669116  0.325830  0.703328  0.625837  0.511948 0.0  0.773040  0.533472  0.633029  0.755750  0.312558  0.548050  0.727013  0.630624  0.555725  0.443513 
50  0.277739  0.620495  0.616560  0.350373  0.470002  0.709786  0.644964  0.594789  0.347999  0.626324  0.568283  0.657044  0.598015  0.295368  0.644527  0.673991  0.879118  0.919219  0.069565  0.715098  0.820409  0.504544  0.536194  0.651575  0.839504  0.303636  0.490953  0.487566  0.712558  0.479238  0.565913  0.735526  0.353850  0.602265  0.375337  0.704171  0.466052  0.336690  0.663865  0.653820  0.688945  0.754805  0.698045  0.418992  0.210249  0.608628  0.355720  0.500264  0.592429  0.773040 0.0  0.896681  0.418041  0.300070  0.680473  0.527277  0.262877  0.542595  0.636612  0.675836 
51  0.957713  0.694320  0.503490  0.713028  0.694402  0.643099  0.691416  0.763915  0.845379  0.592414  0.738309  0.625466  0.716398  0.749765  0.745311  0.340306  0.664255  0.443472  0.751246  0.738812  0.645076  0.637586  0.703513  0.646422  0.695095  0.724775  0.709896  0.886219  0.421792  0.672281  0.660782  0.622183  0.694827  0.790433  0.734134  0.566349  0.823421  0.683250  0.791219  0.792304  0.672071  0.725530  0.685633  0.734617  0.782587  0.565893  0.797809  0.765655  0.619700  0.533472  0.896681 0.0  0.701577  0.755093  0.615172  0.698764  0.811613  0.717355  0.686949  0.587795 
52  0.316568  0.564382  0.741029  0.343709  0.514664  0.510524  0.573207  0.431957  0.201890  0.616029  0.578964  0.561794  0.611133  0.379251  0.307181  0.736897  0.706287  0.664027  0.381555  0.586063  0.702615  0.498574  0.477066  0.703957  0.896874  0.397213  0.443476  0.589613  0.706158  0.536135  0.581231  0.580434  0.452874  0.498436  0.308467  0.706229  0.619823  0.502330  0.675078  0.709599  0.676062  0.796902  0.628087  0.119214  0.437200  0.622844  0.429547  0.556874  0.539531  0.633029  0.418041  0.701577 0.0  0.356631  0.740133  0.734278  0.461491  0.402055  0.548410  0.685994 
53  0.318269  0.745937  0.710452  0.399605  0.594818  0.614175  0.657908  0.663935  0.357333  0.704397  0.614878  0.682907  0.694275  0.342431  0.546102  0.842958  0.756121  0.780368  0.277516  0.669189  0.825421  0.524906  0.581825  0.682924  0.877454  0.236306  0.364471  0.491782  0.697415  0.481476  0.633313  0.705539  0.607178  0.581786  0.605328  0.703829  0.483853  0.275316  0.581171  0.791736  0.742297  0.798828  0.593130  0.504679  0.277165  0.725627  0.224789  0.496782  0.627198  0.755750  0.300070  0.755093  0.356631 0.0  0.662547  0.742878  0.488121  0.560863  0.614230  0.669889 
54  0.689973  0.532151  0.495063  0.703463  0.552428  0.615302  0.576170  0.767323  0.629239  0.447202  0.619237  0.500318  0.606602  0.776679  0.606015  0.484460  0.795534  0.436975  0.646028  0.712644  0.710527  0.636765  0.679197  0.461703  0.726969  0.710662  0.672757  0.730373  0.235915  0.591690  0.671198  0.573973  0.726930  0.620446  0.680133  0.253773  0.637417  0.775864  0.748015  0.678396  0.582796  0.708916  0.600720  0.630320  0.759276  0.512013  0.756215  0.792538  0.601831  0.312558  0.680473  0.615172  0.740133  0.662547 0.0  0.529027  0.733951  0.653368  0.517527  0.333955 
55  0.585399  0.549017  0.662117  0.572309  0.432883  0.539101  0.573405  0.654570  0.537890  0.425260  0.581935  0.598903  0.573846  0.697262  0.486443  0.701482  0.804404  0.688873  0.632244  0.570202  0.666965  0.613601  0.501954  0.578990  0.779154  0.569421  0.736917  0.697107  0.584903  0.593942  0.616094  0.736497  0.647457  0.695371  0.604757  0.648781  0.651241  0.698053  0.506784  0.588383  0.678839  0.672465  0.027120  0.619877  0.680454  0.671272  0.696990  0.379222  0.210976  0.548050  0.527277  0.698764  0.734278  0.742878  0.529027 0.0  0.662842  0.689024  0.685522  0.611611 
56  0.354315  0.549291  0.706484  0.482622  0.623520  0.575177  0.625113  0.559930  0.405128  0.667335  0.588894  0.647799  0.584553  0.428264  0.588766  0.819133  0.841104  0.655858  0.316239  0.630434  0.821150  0.468880  0.549889  0.748325  0.870655  0.391449  0.455504  0.448275  0.675114  0.354802  0.610688  0.676954  0.405795  0.669922  0.484209  0.774647  0.450072  0.352321  0.621207  0.710337  0.784305  0.788764  0.586360  0.411891  0.384562  0.780230  0.445079  0.521718  0.612069  0.727013  0.262877  0.811613  0.461491  0.488121  0.733951  0.662842 0.0  0.495633  0.620958  0.723757 
57  0.375729  0.640573  0.722444  0.352763  0.457511  0.650137  0.824297  0.487315  0.310741  0.576617  0.570949  0.688953  0.398684  0.393127  0.462628  0.688211  0.869585  0.663629  0.373278  0.683258  0.876320  0.335580  0.457058  0.659145  0.826203  0.422897  0.552975  0.633353  0.705112  0.227497  0.596829  0.681080  0.285873  0.654176  0.398498  0.622794  0.211430  0.594263  0.563451  0.666894  0.785824  0.644059  0.711440  0.438534  0.431610  0.707808  0.459117  0.499347  0.514810  0.630624  0.542595  0.717355  0.402055  0.560863  0.653368  0.689024  0.495633 0.0  0.711061  0.659319 
58  0.718519  0.229836  0.598922  0.594034  0.584901  0.406443  0.374880  0.477505  0.545077  0.423118  0.605511  0.455555  0.611175  0.545695  0.402098  0.611659  0.708420  0.658488  0.670589  0.703157  0.641646  0.586355  0.601675  0.253313  0.763592  0.592404  0.666252  0.714470  0.447554  0.679824  0.575245  0.556535  0.716782  0.554738  0.539726  0.538388  0.658020  0.585828  0.700743  0.579073  0.679978  0.631170  0.526463  0.553256  0.632154  0.524599  0.652699  0.540735  0.506356  0.555725  0.636612  0.686949  0.548410  0.614230  0.517527  0.685522  0.620958  0.711061 0.0  0.617573 
59  0.768558  0.580816  0.574456  0.679039  0.602768  0.582279  0.745842  0.637216  0.728370  0.448874  0.706422  0.505841  0.583324  0.780452  0.644282  0.581184  0.830981  0.522042  0.824361  0.825368  0.566323  0.706174  0.548650  0.497040  0.703901  0.632863  0.643493  0.836223  0.377744  0.637803  0.722133  0.656678  0.627437  0.770688  0.788720  0.330168  0.660531  0.777937  0.720335  0.511775  0.639472  0.665846  0.586123  0.666943  0.692151  0.494402  0.785313  0.543532  0.596201  0.443513  0.675836  0.587795  0.685994  0.669889  0.333955  0.611611  0.723757  0.659319  0.617573 0.0 
