60
0 0.0  0.562731  0.803947  0.427119  0.636102  0.620633  0.628712  0.627945  0.308699  0.603183  0.631141  0.574905  0.574097  0.311512  0.402681  0.664071  0.856009  0.725454  0.328233  0.630662  0.818105  0.691873  0.611114  0.666744  0.822387  0.235179  0.623550  0.590968  0.713426  0.417189  0.616362  0.632083  0.483740  0.486337  0.410141  0.597642  0.543499  0.418700  0.601930  0.744741  0.641414  0.698958  0.748296  0.387722  0.472711  0.656845  0.380890  0.619397  0.552144  0.709740  0.341062  0.740542  0.290194  0.316204  0.587587  0.641086  0.421299  0.369176  0.636736  0.758763 
1  0.562731 0.0  0.625382  0.445652  0.666449  0.462252  0.564459  0.493320  0.613422  0.552823  0.688803  0.517924  0.779818  0.596185  0.515022  0.689459  0.679519  0.622727  0.715284  0.675878  0.605461  0.608669  0.641145  0.392655  0.908606  0.747409  0.620572  0.766491  0.544486  0.655153  0.559699  0.631767  0.693881  0.474629  0.721226  0.654203  0.822280  0.686610  0.691671  0.696920  0.664391  0.867232  0.489359  0.537723  0.704380  0.455929  0.601701  0.567370  0.538407  0.539742  0.669456  0.686653  0.587174  0.677891  0.556912  0.543459  0.632000  0.677514  0.266840  0.587929 
2  0.803947  0.625382 0.0  0.726844  0.789447  0.635950  0.587081  0.700112  0.740953  0.642555  0.759742  0.586099  0.778354  0.785827  0.732333  0.514480  0.768081  0.457318  0.739000  0.840485  0.408172  0.827236  0.734507  0.606256  0.918816  0.739964  0.788251  0.707160  0.492370  0.749781  0.773103  0.408184  0.708579  0.690526  0.739990  0.576909  0.754823  0.825239  0.818848  0.703978  0.538384  0.711900  0.627920  0.702332  0.820762  0.630599  0.807958  0.708208  0.720720  0.451869  0.852301  0.456504  0.776677  0.871807  0.596313  0.728387  0.717682  0.730821  0.621117  0.590546 
3  0.427119  0.445652  0.726844 0.0  0.539602  0.469443  0.656769  0.360917  0.401729  0.680599  0.600645  0.634369  0.557640  0.504319  0.452040  0.673781  0.796912  0.754036  0.444406  0.637830  0.791244  0.524983  0.555732  0.655715  0.787423  0.447595  0.544834  0.649077  0.678854  0.567505  0.461460  0.764143  0.486311  0.304924  0.374445  0.562037  0.450085  0.573645  0.650251  0.756022  0.678959  0.737356  0.650789  0.203289  0.540167  0.611834  0.535751  0.468283  0.549976  0.706285  0.584685  0.649605  0.241571  0.423305  0.650915  0.621050  0.460121  0.463405  0.473578  0.775050 
4  0.636102  0.666449  0.789447  0.539602 0.0  0.479791  0.843114  0.615493  0.408584  0.677011  0.313488  0.579413  0.246771  0.606547  0.566671  0.770021  0.898984  0.680164  0.596479  0.436959  0.884889  0.423538  0.346487  0.578635  0.853804  0.577084  0.656252  0.604690  0.755568  0.372074  0.773699  0.754307  0.484201  0.593169  0.531871  0.695309  0.541187  0.648421  0.586145  0.651592  0.725476  0.685830  0.629580  0.429015  0.517364  0.772104  0.552378  0.469822  0.529545  0.658829  0.594396  0.770443  0.568664  0.579238  0.744315  0.520416  0.581052  0.532734  0.566436  0.843102 
5  0.620633  0.462252  0.635950  0.469443  0.479791 0.0  0.625611  0.456516  0.587880  0.598737  0.588180  0.492340  0.525650  0.686511  0.489293  0.686246  0.785591  0.682525  0.601579  0.627812  0.662973  0.598874  0.543490  0.386723  0.840066  0.546913  0.750766  0.761420  0.634321  0.474505  0.570802  0.612821  0.483933  0.416052  0.600454  0.585219  0.632063  0.715872  0.739021  0.580311  0.618467  0.754281  0.495417  0.504785  0.582251  0.643250  0.506443  0.432677  0.452864  0.659134  0.573118  0.840806  0.519307  0.557915  0.608809  0.426103  0.587507  0.512398  0.434411  0.679502 
6  0.628712  0.564459  0.587081  0.656769  0.843114  0.625611 0.0  0.650214  0.656265  0.572669  0.808262  0.492184  0.734085  0.617032  0.496369  0.749140  0.856634  0.588808  0.732856  0.690186  0.594622  0.661733  0.791520  0.491925  0.829396  0.661899  0.669680  0.640924  0.614315  0.741470  0.489001  0.542530  0.709477  0.643144  0.707217  0.644543  0.673814  0.734795  0.696355  0.773202  0.463236  0.801683  0.589835  0.700864  0.728222  0.665906  0.720446  0.618272  0.786560  0.551382  0.834104  0.607720  0.680317  0.757840  0.533473  0.613113  0.592542  0.733714  0.544330  0.769371 
7  0.627945  0.493320  0.700112  0.360917  0.615493  0.456516  0.650214 0.0  0.360338  0.709900  0.566142  0.675128  0.681886  0.507471  0.362604  0.723213  0.772202  0.673505  0.523769  0.672534  0.761446  0.584308  0.529409  0.559340  0.877317  0.398185  0.532473  0.705995  0.683186  0.603949  0.504308  0.676428  0.545264  0.303089  0.545202  0.528219  0.492600  0.643825  0.635033  0.752840  0.746519  0.676438  0.496709  0.435976  0.628485  0.590096  0.664083  0.426816  0.547348  0.632366  0.591283  0.868124  0.470369  0.523278  0.700753  0.514073  0.734003  0.519685  0.536475  0.715208 
8  0.308699  0.613422  0.740953  0.401729  0.408584  0.587880  0.656265  0.360338 0.0  0.685290  0.743058  0.723353  0.616704  0.203054  0.477837  0.825226  0.856018  0.673719  0.436823  0.702042  0.794016  0.397648  0.529511  0.700865  0.858586  0.451948  0.465150  0.596731  0.667609  0.376905  0.591259  0.744824  0.474877  0.533227  0.333316  0.713625  0.445102  0.570787  0.660116  0.750892  0.722583  0.769433  0.634427  0.367596  0.476290  0.648944  0.423434  0.540125  0.608524  0.684934  0.371256  0.788642  0.196423  0.492534  0.678110  0.695953  0.339757  0.338457  0.675425  0.756338 
9  0.603183  0.552823  0.642555  0.680599  0.677011  0.598737  0.572669  0.709900  0.685290 0.0  0.771666  0.541229  0.573242  0.574300  0.637602  0.590706  0.867935  0.516958  0.705002  0.705936  0.719167  0.676670  0.733970  0.513327  0.731637  0.813351  0.633292  0.743885  0.556619  0.704585  0.630097  0.567207  0.829643  0.568551  0.623721  0.466693  0.746397  0.653883  0.640580  0.681534  0.632811  0.740562  0.461009  0.597783  0.742652  0.522731  0.677017  0.583905  0.472776  0.446376  0.679968  0.617726  0.653063  0.661747  0.513755  0.571376  0.762571  0.587788  0.512431  0.412503 
10  0.631141  0.688803  0.759742  0.600645  0.313488  0.588180  0.808262  0.566142  0.743058  0.771666 0.0  0.757980  0.286557  0.544502  0.679122  0.702272  0.932855  0.784801  0.647464  0.401584  0.834286  0.525600  0.602730  0.667297  0.908780  0.639861  0.696675  0.791690  0.764242  0.444941  0.788338  0.805108  0.538022  0.623802  0.645392  0.654233  0.624362  0.641172  0.358914  0.635281  0.817377  0.678662  0.604722  0.598933  0.704412  0.813607  0.651453  0.407336  0.443852  0.678235  0.685863  0.880221  0.603059  0.648937  0.741324  0.511508  0.737023  0.636447  0.673995  0.659284 
11  0.574905  0.517924  0.586099  0.634369  0.579413  0.492340  0.492184  0.675128  0.723353  0.541229  0.757980 0.0  0.659761  0.684771  0.521918  0.621798  0.808408  0.351235  0.628222  0.730447  0.656413  0.784408  0.662252  0.375117  0.779787  0.711074  0.740185  0.843234  0.512211  0.639391  0.538246  0.464641  0.790704  0.623332  0.674620  0.424581  0.752640  0.713572  0.704201  0.781492  0.489747  0.643845  0.580857  0.647531  0.759829  0.213414  0.718458  0.612152  0.591146  0.418277  0.731452  0.598481  0.681258  0.687409  0.550331  0.478902  0.694963  0.848731  0.398614  0.596581 
12  0.574097  0.779818  0.778354  0.557640  0.246771  0.525650  0.734085  0.681886  0.616704  0.573242  0.286557  0.659761 0.0  0.562827  0.513212  0.742076  0.970110  0.768587  0.608592  0.472765  0.801123  0.523339  0.431254  0.593191  0.832425  0.627956  0.664446  0.697112  0.638299  0.458619  0.632504  0.740794  0.629688  0.656595  0.580591  0.623810  0.562029  0.748480  0.492475  0.561014  0.767958  0.741844  0.607265  0.481602  0.761150  0.591437  0.630028  0.402758  0.445241  0.709270  0.590874  0.801208  0.567059  0.763195  0.632404  0.452728  0.525441  0.447632  0.538936  0.635899 
13  0.311512  0.596185  0.785827  0.504319  0.606547  0.686511  0.617032  0.507471  0.203054  0.574300  0.544502  0.684771  0.562827 0.0  0.538305  0.801928  0.894847  0.770348  0.170703  0.661580  0.792539  0.527921  0.502707  0.527048  0.841202  0.365994  0.621366  0.529636  0.716306  0.570122  0.733382  0.695606  0.457164  0.491819  0.379996  0.781939  0.514961  0.443507  0.646496  0.739611  0.688283  0.759698  0.771448  0.373887  0.412629  0.684390  0.486647  0.483514  0.614685  0.788978  0.299203  0.860115  0.291607  0.309668  0.672824  0.620616  0.384456  0.304950  0.646188  0.678932 
14  0.402681  0.515022  0.732333  0.452040  0.566671  0.489293  0.496369  0.362604  0.477837  0.637602  0.679122  0.521918  0.513212  0.538305 0.0  0.780183  0.820493  0.720393  0.647178  0.616551  0.680480  0.597883  0.523014  0.548025  0.873055  0.496784  0.550567  0.604645  0.627220  0.506108  0.491769  0.737176  0.553377  0.389238  0.405983  0.584097  0.565791  0.597249  0.711928  0.706335  0.697285  0.710033  0.640654  0.381620  0.629424  0.672165  0.556040  0.422941  0.436707  0.609520  0.507371  0.673927  0.568517  0.446705  0.657882  0.599393  0.603882  0.472161  0.448677  0.737747 
15  0.664071  0.689459  0.514480  0.673781  0.770021  0.686246  0.749140  0.723213  0.825226  0.590706  0.702272  0.621798  0.742076  0.801928  0.780183 0.0  0.637484  0.475584  0.795504  0.673529  0.517011  0.780872  0.707356  0.560217  0.702870  0.782848  0.831871  0.803046  0.498940  0.804173  0.733719  0.578227  0.799959  0.713431  0.818554  0.602067  0.813047  0.797844  0.712130  0.736401  0.498597  0.814386  0.638047  0.756357  0.774858  0.559348  0.815674  0.751755  0.677614  0.467424  0.769449  0.253252  0.784203  0.787061  0.462616  0.658641  0.809793  0.834238  0.583716  0.586740 
16  0.856009  0.679519  0.768081  0.796912  0.898984  0.785591  0.856634  0.772202  0.856018  0.867935  0.932855  0.808408  0.970110  0.894847  0.820493  0.637484 0.0  0.856606  0.994730  0.775231  0.701547  0.910083  0.911930  0.869977  0.377151  0.845308  0.922828  0.777481  0.865938  0.810396  0.860968  0.681775  0.932296  0.857015  0.926367  0.860188  0.904576  0.849522  0.879312  0.771349  0.777639  0.778969  0.906082  0.960917  0.887369  0.715170  0.834977  0.874014  0.812387  0.776727  0.840138  0.725062  0.869667  0.959470  0.902340  0.774184  0.840127  0.875413  0.758642  0.780099 
17  0.725454  0.622727  0.457318  0.754036  0.680164  0.682525  0.588808  0.673505  0.673719  0.516958  0.784801  0.351235  0.768587  0.770348  0.720393  0.475584  0.856606 0.0  0.823910  0.664964  0.693131  0.760347  0.823824  0.604513  0.654272  0.784279  0.792000  0.718601  0.410297  0.689148  0.628404  0.515144  0.702947  0.698792  0.689008  0.464927  0.776981  0.813859  0.801457  0.761587  0.419412  0.687973  0.747764  0.670001  0.758932  0.426854  0.781015  0.733959  0.714491  0.514461  0.671756  0.466805  0.693083  0.708147  0.545299  0.649131  0.758761  0.788143  0.663292  0.620571 
18  0.328233  0.715284  0.739000  0.444406  0.596479  0.601579  0.732856  0.523769  0.436823  0.705002  0.647464  0.628222  0.608592  0.170703  0.647178  0.795504  0.994730  0.823910 0.0  0.751098  0.806487  0.518126  0.614983  0.685056  0.873489  0.303685  0.428810  0.500398  0.765568  0.453221  0.599206  0.705250  0.468691  0.418421  0.468094  0.736872  0.458092  0.320521  0.607046  0.766262  0.700801  0.725280  0.631533  0.422610  0.373211  0.658575  0.407227  0.553501  0.635994  0.708407  0.243301  0.879034  0.363950  0.198558  0.830108  0.781461  0.197791  0.383389  0.633862  0.692076 
19  0.630662  0.675878  0.840485  0.637830  0.436959  0.627812  0.690186  0.672534  0.702042  0.705936  0.401584  0.730447  0.472765  0.661580  0.616551  0.673529  0.775231  0.664964  0.751098 0.0  0.729249  0.615566  0.404457  0.770647  0.820243  0.710900  0.741764  0.641670  0.728089  0.514547  0.700075  0.730727  0.612607  0.712583  0.558224  0.655412  0.702901  0.695423  0.211817  0.570210  0.874341  0.585607  0.460984  0.620231  0.635524  0.652772  0.761515  0.680028  0.637264  0.573072  0.664019  0.817627  0.741878  0.778912  0.648933  0.512945  0.751532  0.657284  0.581392  0.626528 
20  0.818105  0.605461  0.408172  0.791244  0.884889  0.662973  0.594622  0.761446  0.794016  0.719167  0.834286  0.656413  0.801123  0.792539  0.680480  0.517011  0.701547  0.693131  0.806487  0.729249 0.0  0.926948  0.875196  0.803911  0.728784  0.952919  0.886575  0.747903  0.571039  0.772783  0.696554  0.462738  0.800776  0.818129  0.778674  0.596068  0.742332  0.702834  0.736777  0.697877  0.397668  0.730813  0.731888  0.748414  0.722353  0.653747  0.721300  0.770065  0.670861  0.533106  0.793981  0.469545  0.750661  0.818630  0.629388  0.729924  0.726784  0.719526  0.672134  0.660719 
21  0.691873  0.608669  0.827236  0.524983  0.423538  0.598874  0.661733  0.584308  0.397648  0.676670  0.525600  0.784408  0.523339  0.527921  0.597883  0.780872  0.910083  0.760347  0.518126  0.615566  0.926948 0.0  0.398156  0.628343  0.788402  0.596933  0.593191  0.678050  0.826425  0.266374  0.583999  0.674822  0.375360  0.674192  0.322179  0.756227  0.140099  0.543120  0.556016  0.746291  0.708639  0.681669  0.663942  0.433001  0.549209  0.728364  0.547355  0.451906  0.640830  0.661637  0.441001  0.765704  0.511761  0.498656  0.623203  0.700098  0.518230  0.266957  0.666832  0.743245 
22  0.611114  0.641145  0.734507  0.555732  0.346487  0.543490  0.791520  0.529409  0.529511  0.733970  0.602730  0.662252  0.431254  0.502707  0.523014  0.707356  0.911930  0.823824  0.614983  0.404457  0.875196  0.398156 0.0  0.525151  0.766074  0.631084  0.678363  0.606641  0.686216  0.441934  0.607650  0.797046  0.374084  0.594223  0.384777  0.667572  0.458651  0.563818  0.615490  0.641353  0.760352  0.780848  0.589218  0.471739  0.606830  0.795152  0.716579  0.429049  0.482647  0.677520  0.571345  0.658008  0.536722  0.522689  0.679138  0.495190  0.613247  0.435032  0.657055  0.689350 
23  0.666744  0.392655  0.606256  0.655715  0.578635  0.386723  0.491925  0.559340  0.700865  0.513327  0.667297  0.375117  0.593191  0.527048  0.548025  0.560217  0.869977  0.604513  0.685056  0.770647  0.803911  0.628343  0.525151 0.0  0.830258  0.689557  0.649081  0.714004  0.588995  0.679316  0.483667  0.529935  0.753501  0.589195  0.535776  0.517443  0.535456  0.767114  0.626288  0.668961  0.665881  0.785139  0.410554  0.571161  0.677752  0.353808  0.692894  0.550165  0.620782  0.535094  0.809501  0.643260  0.649641  0.727878  0.496419  0.539226  0.626926  0.638815  0.150773  0.546796 
24  0.822387  0.908606  0.918816  0.787423  0.853804  0.840066  0.829396  0.877317  0.858586  0.731637  0.908780  0.779787  0.832425  0.841202  0.873055  0.702870  0.377151  0.654272  0.873489  0.820243  0.728784  0.788402  0.766074  0.830258 0.0  1.000000  0.881716  0.892028  0.749116  0.957869  0.777296  0.807660  0.929132  0.815763  0.897455  0.765112  0.878617  0.867940  0.883731  0.880786  0.761899  0.792245  0.940590  0.815206  0.864510  0.876545  0.883561  0.816065  0.813213  0.797529  0.853550  0.718688  0.773674  0.908609  0.882800  0.850666  0.804437  0.908929  0.850335  0.685558 
25  0.235179  0.747409  0.739964  0.447595  0.577084  0.546913  0.661899  0.398185  0.451948  0.813351  0.639861  0.711074  0.627956  0.365994  0.496784  0.782848  0.845308  0.784279  0.303685  0.710900  0.952919  0.596933  0.631084  0.689557  1.000000 0.0  0.353332  0.629374  0.647784  0.551498  0.513859  0.687748  0.393885  0.461586  0.603792  0.735749  0.505478  0.431615  0.748295  0.738450  0.767425  0.782582  0.637647  0.344928  0.449933  0.653921  0.399376  0.620854  0.617838  0.632426  0.385018  0.765589  0.567441  0.125634  0.692070  0.580547  0.313104  0.479475  0.533815  0.834309 
26  0.623550  0.620572  0.788251  0.544834  0.656252  0.750766  0.669680  0.532473  0.465150  0.633292  0.696675  0.740185  0.664446  0.621366  0.550567  0.831871  0.922828  0.792000  0.428810  0.741764  0.886575  0.593191  0.678363  0.649081  0.881716  0.353332 0.0  0.418036  0.906838  0.660048  0.650502  0.848942  0.521530  0.570205  0.632454  0.700723  0.403235  0.355471  0.698575  0.832684  0.721229  0.872292  0.759072  0.583498  0.371289  0.776085  0.363937  0.559246  0.668047  0.695254  0.316410  0.752090  0.667647  0.458460  0.628694  0.681794  0.416120  0.520508  0.715497  0.769052 
27  0.590968  0.766491  0.707160  0.649077  0.604690  0.761420  0.640924  0.705995  0.596731  0.743885  0.791690  0.843234  0.697112  0.529636  0.604645  0.803046  0.777481  0.718601  0.500398  0.641670  0.747903  0.678050  0.606641  0.714004  0.892028  0.629374  0.418036 0.0  0.836866  0.565304  0.770399  0.852773  0.573384  0.627084  0.622116  0.812544  0.642029  0.467996  0.742139  0.729543  0.720698  0.744407  0.700979  0.704172  0.570348  0.697333  0.540300  0.706491  0.710615  0.714823  0.473303  0.833617  0.590315  0.470808  0.746071  0.811260  0.386022  0.511828  0.773185  0.838789 
28  0.713426  0.544486  0.492370  0.678854  0.755568  0.634321  0.614315  0.683186  0.667609  0.556619  0.764242  0.512211  0.638299  0.716306  0.627220  0.498940  0.865938  0.410297  0.765568  0.728089  0.571039  0.826425  0.686216  0.588995  0.749116  0.647784  0.906838  0.836866 0.0  0.717082  0.716675  0.663212  0.796963  0.715022  0.686705  0.257088  0.765427  0.747782  0.703506  0.652644  0.593200  0.678070  0.560544  0.786659  0.784613  0.483601  0.832594  0.627071  0.610171  0.370279  0.776844  0.629630  0.616221  0.827291  0.261320  0.507260  0.660312  0.773762  0.615361  0.430722 
29  0.417189  0.655153  0.749781  0.567505  0.372074  0.474505  0.741470  0.603949  0.376905  0.704585  0.444941  0.639391  0.458619  0.570122  0.506108  0.804173  0.810396  0.689148  0.453221  0.514547  0.772783  0.266374  0.441934  0.679316  0.957869  0.551498  0.660048  0.565304  0.717082 0.0  0.644351  0.812063  0.408176  0.595885  0.319554  0.696526  0.375528  0.549972  0.567499  0.573978  0.728307  0.701879  0.577485  0.477380  0.503859  0.778994  0.605843  0.444286  0.596304  0.664906  0.503309  0.879307  0.493385  0.446086  0.808243  0.560163  0.497730  0.215102  0.688646  0.762658 
30  0.616362  0.559699  0.773103  0.461460  0.773699  0.570802  0.489001  0.504308  0.591259  0.630097  0.788338  0.538246  0.632504  0.733382  0.491769  0.733719  0.860968  0.628404  0.599206  0.700075  0.696554  0.583999  0.607650  0.483667  0.777296  0.513859  0.650502  0.770399  0.716675  0.644351 0.0  0.632133  0.567877  0.445678  0.671778  0.693966  0.710138  0.615069  0.700919  0.728274  0.679680  0.811020  0.716283  0.649047  0.535351  0.545963  0.676555  0.702731  0.702574  0.690414  0.662329  0.715221  0.493708  0.567055  0.664595  0.549583  0.625756  0.553228  0.648809  0.620591 
31  0.632083  0.631767  0.408184  0.764143  0.754307  0.612821  0.542530  0.676428  0.744824  0.567207  0.805108  0.464641  0.740794  0.695606  0.737176  0.578227  0.681775  0.515144  0.705250  0.730727  0.462738  0.674822  0.797046  0.529935  0.807660  0.687748  0.848942  0.852773  0.663212  0.812063  0.632133 0.0  0.726751  0.814154  0.680593  0.510595  0.733119  0.821692  0.692572  0.740741  0.220297  0.880700  0.678459  0.781068  0.811420  0.391037  0.772204  0.678467  0.637608  0.469455  0.689908  0.510811  0.761164  0.851855  0.638893  0.676554  0.776626  0.755174  0.590026  0.603534 
32  0.483740  0.693881  0.708579  0.486311  0.484201  0.483933  0.709477  0.545264  0.474877  0.829643  0.538022  0.790704  0.629688  0.457164  0.553377  0.799959  0.932296  0.702947  0.468691  0.612607  0.800776  0.375360  0.374084  0.753501  0.929132  0.393885  0.521530  0.573384  0.796963  0.408176  0.567877  0.726751 0.0  0.521955  0.488115  0.751943  0.214994  0.464081  0.671967  0.750772  0.916384  0.697692  0.674843  0.476423  0.514109  0.708187  0.511011  0.546562  0.759627  0.739176  0.357244  0.641464  0.528092  0.487615  0.789241  0.592954  0.396032  0.357467  0.630514  0.774038 
33  0.486337  0.474629  0.690526  0.304924  0.593169  0.416052  0.643144  0.303089  0.533227  0.568551  0.623802  0.623332  0.656595  0.491819  0.389238  0.713431  0.857015  0.698792  0.418421  0.712583  0.818129  0.674192  0.594223  0.589195  0.815763  0.461586  0.570205  0.627084  0.715022  0.595885  0.445678  0.814154  0.521955 0.0  0.638326  0.655960  0.611276  0.527757  0.668911  0.748645  0.710871  0.755398  0.663392  0.492174  0.634670  0.672194  0.440999  0.570022  0.548311  0.619799  0.533817  0.771364  0.453366  0.492942  0.725042  0.708565  0.527667  0.638437  0.598679  0.666226 
34  0.410141  0.721226  0.739990  0.374445  0.531871  0.600454  0.707217  0.545202  0.333316  0.623721  0.645392  0.674620  0.580591  0.379996  0.405983  0.818554  0.926367  0.689008  0.468094  0.558224  0.778674  0.322179  0.384777  0.535776  0.897455  0.603792  0.632454  0.622116  0.686705  0.319554  0.671778  0.680593  0.488115  0.638326 0.0  0.587525  0.441357  0.704989  0.575324  0.616085  0.727557  0.874835  0.550825  0.336393  0.577923  0.668244  0.484723  0.289521  0.463561  0.758505  0.385396  0.772978  0.541266  0.535823  0.647013  0.639687  0.486596  0.384657  0.579672  0.707747 
35  0.597642  0.654203  0.576909  0.562037  0.695309  0.585219  0.644543  0.528219  0.713625  0.466693  0.654233  0.424581  0.623810  0.781939  0.584097  0.602067  0.860188  0.464927  0.736872  0.655412  0.596068  0.756227  0.667572  0.517443  0.765112  0.735749  0.700723  0.812544  0.257088  0.696526  0.693966  0.510595  0.751943  0.655960  0.587525 0.0  0.796455  0.793264  0.801198  0.650615  0.471220  0.662990  0.543341  0.631964  0.716818  0.399413  0.699245  0.662587  0.595100  0.337609  0.595315  0.558508  0.718589  0.729777  0.301848  0.611279  0.637728  0.713760  0.466333  0.467680 
36  0.543499  0.822280  0.754823  0.450085  0.541187  0.632063  0.673814  0.492600  0.445102  0.746397  0.624362  0.752640  0.562029  0.514961  0.565791  0.813047  0.904576  0.776981  0.458092  0.702901  0.742332  0.140099  0.458651  0.535456  0.878617  0.505478  0.403235  0.642029  0.765427  0.375528  0.710138  0.733119  0.214994  0.611276  0.441357  0.796455 0.0  0.482272  0.564750  0.695483  0.710585  0.810898  0.632491  0.492563  0.449572  0.681824  0.572757  0.522576  0.606279  0.722238  0.491762  0.765216  0.479468  0.531577  0.633254  0.699672  0.503501  0.172238  0.590781  0.796847 
37  0.418700  0.686610  0.825239  0.573645  0.648421  0.715872  0.734795  0.643825  0.570787  0.653883  0.641172  0.713572  0.748480  0.443507  0.597249  0.797844  0.849522  0.813859  0.320521  0.695423  0.702834  0.543120  0.563818  0.767114  0.867940  0.431615  0.355471  0.467996  0.747782  0.549972  0.615069  0.821692  0.464081  0.527757  0.704989  0.793264  0.482272 0.0  0.659337  0.806407  0.724475  0.826497  0.761693  0.563466  0.239582  0.805278  0.205282  0.660206  0.699955  0.780118  0.324570  0.717018  0.499679  0.325659  0.746020  0.769161  0.464154  0.557443  0.642934  0.733695 
38  0.601930  0.691671  0.818848  0.650251  0.586145  0.739021  0.696355  0.635033  0.660116  0.640580  0.358914  0.704201  0.492475  0.646496  0.711928  0.712130  0.879312  0.801457  0.607046  0.211817  0.736777  0.556016  0.615490  0.626288  0.883731  0.748295  0.698575  0.742139  0.703506  0.567499  0.700919  0.692572  0.671967  0.668911  0.575324  0.801198  0.564750  0.659337 0.0  0.505757  0.881661  0.636297  0.588189  0.643757  0.653628  0.739413  0.696761  0.577793  0.639753  0.710043  0.642229  0.665917  0.662538  0.688057  0.672674  0.638566  0.688764  0.669052  0.780508  0.717725 
39  0.744741  0.696920  0.703978  0.756022  0.651592  0.580311  0.773202  0.752840  0.750892  0.681534  0.635281  0.781492  0.561014  0.739611  0.706335  0.736401  0.771349  0.761587  0.766262  0.570210  0.697877  0.746291  0.641353  0.668961  0.880786  0.738450  0.832684  0.729543  0.652644  0.573978  0.728274  0.740741  0.750772  0.748645  0.616085  0.650615  0.695483  0.806407  0.505757 0.0  0.842580  0.554583  0.563783  0.716387  0.799165  0.745401  0.779057  0.623745  0.624253  0.693146  0.739009  0.746779  0.764784  0.755725  0.664466  0.577086  0.621451  0.708535  0.702222  0.529673 
40  0.641414  0.664391  0.538384  0.678959  0.725476  0.618467  0.463236  0.746519  0.722583  0.632811  0.817377  0.489747  0.767958  0.688283  0.697285  0.498597  0.777639  0.419412  0.700801  0.874341  0.397668  0.708639  0.760352  0.665881  0.761899  0.767425  0.721229  0.720698  0.593200  0.728307  0.679680  0.220297  0.916384  0.710871  0.727557  0.471220  0.710585  0.724475  0.881661  0.842580 0.0  0.805800  0.611042  0.846828  0.753153  0.549342  0.769216  0.722460  0.745637  0.495333  0.761941  0.491217  0.607458  0.734289  0.540208  0.632791  0.721832  0.812628  0.622284  0.570835 
41  0.698958  0.867232  0.711900  0.737356  0.685830  0.754281  0.801683  0.676438  0.769433  0.740562  0.678662  0.643845  0.741844  0.759698  0.710033  0.814386  0.778969  0.687973  0.725280  0.585607  0.730813  0.681669  0.780848  0.785139  0.792245  0.782582  0.872292  0.744407  0.678070  0.701879  0.811020  0.880700  0.697692  0.755398  0.874835  0.662990  0.810898  0.826497  0.636297  0.554583  0.805800 0.0  0.585245  0.824904  0.738040  0.648992  0.912347  0.623799  0.615803  0.761060  0.737935  0.783592  0.754125  0.786205  0.675233  0.640873  0.722671  0.594611  0.764969  0.668229 
42  0.748296  0.489359  0.627920  0.650789  0.629580  0.495417  0.589835  0.496709  0.634427  0.461009  0.604722  0.580857  0.607265  0.771448  0.640654  0.638047  0.906082  0.747764  0.631533  0.460984  0.731888  0.663942  0.589218  0.410554  0.940590  0.637647  0.759072  0.700979  0.560544  0.577485  0.716283  0.678459  0.674843  0.663392  0.550825  0.543341  0.632491  0.761693  0.588189  0.563783  0.611042  0.585245 0.0  0.547550  0.623731  0.629062  0.609875  0.324696  0.271618  0.621581  0.691377  0.662813  0.567786  0.657319  0.653126  0.103909  0.565738  0.547281  0.455899  0.559579 
43  0.387722  0.537723  0.702332  0.203289  0.429015  0.504785  0.700864  0.435976  0.367596  0.597783  0.598933  0.647531  0.481602  0.373887  0.381620  0.756357  0.960917  0.670001  0.422610  0.620231  0.748414  0.433001  0.471739  0.571161  0.815206  0.344928  0.583498  0.704172  0.786659  0.477380  0.649047  0.781068  0.476423  0.492174  0.336393  0.631964  0.492563  0.563466  0.643757  0.716387  0.846828  0.824904  0.547550 0.0  0.449105  0.742101  0.478198  0.594102  0.500785  0.656905  0.464926  0.925736  0.238080  0.460632  0.742605  0.464679  0.433277  0.351844  0.596782  0.686787 
44  0.472711  0.704380  0.820762  0.540167  0.517364  0.582251  0.728222  0.628485  0.476290  0.742652  0.704412  0.759829  0.761150  0.412629  0.629424  0.774858  0.887369  0.758932  0.373211  0.635524  0.722353  0.549209  0.606830  0.677752  0.864510  0.449933  0.371289  0.570348  0.784613  0.503859  0.535351  0.811420  0.514109  0.634670  0.577923  0.716818  0.449572  0.239582  0.653628  0.799165  0.753153  0.738040  0.623731  0.449105 0.0  0.719843  0.284539  0.666079  0.684540  0.788774  0.313227  0.752628  0.527763  0.218671  0.817997  0.674701  0.286214  0.454757  0.743916  0.867745 
45  0.656845  0.455929  0.630599  0.611834  0.772104  0.643250  0.665906  0.590096  0.648944  0.522731  0.813607  0.213414  0.591437  0.684390  0.672165  0.559348  0.715170  0.426854  0.658575  0.652772  0.653747  0.728364  0.795152  0.353808  0.876545  0.653921  0.776085  0.697333  0.483601  0.778994  0.545963  0.391037  0.708187  0.672194  0.668244  0.399413  0.681824  0.805278  0.739413  0.745401  0.549342  0.648992  0.629062  0.742101  0.719843 0.0  0.789000  0.626153  0.590373  0.314136  0.698535  0.594548  0.735823  0.726965  0.545147  0.566448  0.844797  0.690706  0.469014  0.507133 
46  0.380890  0.601701  0.807958  0.535751  0.552378  0.506443  0.720446  0.664083  0.423434  0.677017  0.651453  0.718458  0.630028  0.486647  0.556040  0.815674  0.834977  0.781015  0.407227  0.761515  0.721300  0.547355  0.716579  0.692894  0.883561  0.399376  0.363937  0.540300  0.832594  0.605843  0.676555  0.772204  0.511011  0.440999  0.484723  0.699245  0.572757  0.205282  0.696761  0.779057  0.769216  0.912347  0.609875  0.478198  0.284539  0.789000 0.0  0.691043  0.615421  0.685733  0.296954  0.744187  0.542860  0.330972  0.740626  0.671897  0.327579  0.341560  0.654733  0.787036 
47  0.619397  0.567370  0.708208  0.468283  0.469822  0.432677  0.618272  0.426816  0.540125  0.583905  0.407336  0.612152  0.402758  0.483514  0.422941  0.751755  0.874014  0.733959  0.553501  0.680028  0.770065  0.451906  0.429049  0.550165  0.816065  0.620854  0.559246  0.706491  0.627071  0.444286  0.702731  0.678467  0.546562  0.570022  0.289521  0.662587  0.522576  0.660206  0.577793  0.623745  0.722460  0.623799  0.324696  0.594102  0.666079  0.626153  0.691043 0.0  0.375397  0.476106  0.604414  0.594891  0.723973  0.544685  0.627335  0.408365  0.490068  0.471500  0.518015  0.741251 
48  0.552144  0.538407  0.720720  0.549976  0.529545  0.452864  0.786560  0.547348  0.608524  0.472776  0.443852  0.591146  0.445241  0.614685  0.436707  0.677614  0.812387  0.714491  0.635994  0.637264  0.670861  0.640830  0.482647  0.620782  0.813213  0.617838  0.668047  0.710615  0.610171  0.596304  0.702574  0.637608  0.759627  0.548311  0.463561  0.595100  0.606279  0.699955  0.639753  0.624253  0.745637  0.615803  0.271618  0.500785  0.684540  0.590373  0.615421  0.375397 0.0  0.643470  0.619872  0.678771  0.535244  0.759573  0.599169  0.205629  0.663933  0.522371  0.484278  0.716331 
49  0.709740  0.539742  0.451869  0.706285  0.658829  0.659134  0.551382  0.632366  0.684934  0.446376  0.678235  0.418277  0.709270  0.788978  0.609520  0.467424  0.776727  0.514461  0.708407  0.573072  0.533106  0.661637  0.677520  0.535094  0.797529  0.632426  0.695254  0.714823  0.370279  0.664906  0.690414  0.469455  0.739176  0.619799  0.758505  0.337609  0.722238  0.780118  0.710043  0.693146  0.495333  0.761060  0.621581  0.656905  0.788774  0.314136  0.685733  0.476106  0.643470 0.0  0.781539  0.519108  0.709163  0.683158  0.468641  0.613636  0.627879  0.703303  0.407924  0.500624 
50  0.341062  0.669456  0.852301  0.584685  0.594396  0.573118  0.834104  0.591283  0.371256  0.679968  0.685863  0.731452  0.590874  0.299203  0.507371  0.769449  0.840138  0.671756  0.243301  0.664019  0.793981  0.441001  0.571345  0.809501  0.853550  0.385018  0.316410  0.473303  0.776844  0.503309  0.662329  0.689908  0.357244  0.533817  0.385396  0.595315  0.491762  0.324570  0.642229  0.739009  0.761941  0.737935  0.691377  0.464926  0.313227  0.698535  0.296954  0.604414  0.619872  0.781539 0.0  0.741304  0.485070  0.315187  0.746017  0.618736  0.225292  0.510864  0.581617  0.694440 
51  0.740542  0.686653  0.456504  0.649605  0.770443  0.840806  0.607720  0.868124  0.788642  0.617726  0.880221  0.598481  0.801208  0.860115  0.673927  0.253252  0.725062  0.466805  0.879034  0.817627  0.469545  0.765704  0.658008  0.643260  0.718688  0.765589  0.752090  0.833617  0.629630  0.879307  0.715221  0.510811  0.641464  0.771364  0.772978  0.558508  0.765216  0.717018  0.665917  0.746779  0.491217  0.783592  0.662813  0.925736  0.752628  0.594548  0.744187  0.594891  0.678771  0.519108  0.741304 0.0  0.822354  0.822785  0.572155  0.751223  0.793985  0.826917  0.725480  0.698689 
52  0.290194  0.587174  0.776677  0.241571  0.568664  0.519307  0.680317  0.470369  0.196423  0.653063  0.603059  0.681258  0.567059  0.291607  0.568517  0.784203  0.869667  0.693083  0.363950  0.741878  0.750661  0.511761  0.536722  0.649641  0.773674  0.567441  0.667647  0.590315  0.616221  0.493385  0.493708  0.761164  0.528092  0.453366  0.541266  0.718589  0.479468  0.499679  0.662538  0.764784  0.607458  0.754125  0.567786  0.238080  0.527763  0.735823  0.542860  0.723973  0.535244  0.709163  0.485070  0.822354 0.0  0.459925  0.833458  0.736511  0.479513  0.396000  0.656741  0.725741 
53  0.316204  0.677891  0.871807  0.423305  0.579238  0.557915  0.757840  0.523278  0.492534  0.661747  0.648937  0.687409  0.763195  0.309668  0.446705  0.787061  0.959470  0.708147  0.198558  0.778912  0.818630  0.498656  0.522689  0.727878  0.908609  0.125634  0.458460  0.470808  0.827291  0.446086  0.567055  0.851855  0.487615  0.492942  0.535823  0.729777  0.531577  0.325659  0.688057  0.755725  0.734289  0.786205  0.657319  0.460632  0.218671  0.726965  0.330972  0.544685  0.759573  0.683158  0.315187  0.822785  0.459925 0.0  0.690071  0.649734  0.448563  0.435456  0.667656  0.704677 
54  0.587587  0.556912  0.596313  0.650915  0.744315  0.608809  0.533473  0.700753  0.678110  0.513755  0.741324  0.550331  0.632404  0.672824  0.657882  0.462616  0.902340  0.545299  0.830108  0.648933  0.629388  0.623203  0.679138  0.496419  0.882800  0.692070  0.628694  0.746071  0.261320  0.808243  0.664595  0.638893  0.789241  0.725042  0.647013  0.301848  0.633254  0.746020  0.672674  0.664466  0.540208  0.675233  0.653126  0.742605  0.817997  0.545147  0.740626  0.627335  0.599169  0.468641  0.746017  0.572155  0.833458  0.690071 0.0  0.498303  0.777533  0.723089  0.547610  0.439532 
55  0.641086  0.543459  0.728387  0.621050  0.520416  0.426103  0.613113  0.514073  0.695953  0.571376  0.511508  0.478902  0.452728  0.620616  0.599393  0.658641  0.774184  0.649131  0.781461  0.512945  0.729924  0.700098  0.495190  0.539226  0.850666  0.580547  0.681794  0.811260  0.507260  0.560163  0.549583  0.676554  0.592954  0.708565  0.639687  0.611279  0.699672  0.769161  0.638566  0.577086  0.632791  0.640873  0.103909  0.464679  0.674701  0.566448  0.671897  0.408365  0.205629  0.613636  0.618736  0.751223  0.736511  0.649734  0.498303 0.0  0.669812  0.545738  0.521288  0.586350 
56  0.421299  0.632000  0.717682  0.460121  0.581052  0.587507  0.592542  0.734003  0.339757  0.762571  0.737023  0.694963  0.525441  0.384456  0.603882  0.809793  0.840127  0.758761  0.197791  0.751532  0.726784  0.518230  0.613247  0.626926  0.804437  0.313104  0.416120  0.386022  0.660312  0.497730  0.625756  0.776626  0.396032  0.527667  0.486596  0.637728  0.503501  0.464154  0.688764  0.621451  0.721832  0.722671  0.565738  0.433277  0.286214  0.844797  0.327579  0.490068  0.663933  0.627879  0.225292  0.793985  0.479513  0.448563  0.777533  0.669812 0.0  0.373585  0.667186  0.792978 
57  0.369176  0.677514  0.730821  0.463405  0.532734  0.512398  0.733714  0.519685  0.338457  0.587788  0.636447  0.848731  0.447632  0.304950  0.472161  0.834238  0.875413  0.788143  0.383389  0.657284  0.719526  0.266957  0.435032  0.638815  0.908929  0.479475  0.520508  0.511828  0.773762  0.215102  0.553228  0.755174  0.357467  0.638437  0.384657  0.713760  0.172238  0.557443  0.669052  0.708535  0.812628  0.594611  0.547281  0.351844  0.454757  0.690706  0.341560  0.471500  0.522371  0.703303  0.510864  0.826917  0.396000  0.435456  0.723089  0.545738  0.373585 0.0  0.536399  0.687195 
58  0.636736  0.266840  0.621117  0.473578  0.566436  0.434411  0.544330  0.536475  0.675425  0.512431  0.673995  0.398614  0.538936  0.646188  0.448677  0.583716  0.758642  0.663292  0.633862  0.581392  0.672134  0.666832  0.657055  0.150773  0.850335  0.533815  0.715497  0.773185  0.615361  0.688646  0.648809  0.590026  0.630514  0.598679  0.579672  0.466333  0.590781  0.642934  0.780508  0.702222  0.622284  0.764969  0.455899  0.596782  0.743916  0.469014  0.654733  0.518015  0.484278  0.407924  0.581617  0.725480  0.656741  0.667656  0.547610  0.521288  0.667186  0.536399 0.0  0.575203 
59  0.758763  0.587929  0.590546  0.775050  0.843102  0.679502  0.769371  0.715208  0.756338  0.412503  0.659284  0.596581  0.635899  0.678932  0.737747  0.586740  0.780099  0.620571  0.692076  0.626528  0.660719  0.743245  0.689350  0.546796  0.685558  0.834309  0.769052  0.838789  0.430722  0.762658  0.620591  0.603534  0.774038  0.666226  0.707747  0.467680  0.796847  0.733695  0.717725  0.529673  0.570835  0.668229  0.559579  0.686787  0.867745  0.507133  0.787036  0.741251  0.716331  0.500624  0.694440  0.698689  0.725741  0.704677  0.439532  0.586350  0.792978  0.687195  0.575203 0.0 
