60
0 0.0  0.511651  0.743001  0.366165  0.563049  0.497347  0.630960  0.502948  0.225417  0.692768  0.660703  0.510856  0.539024  0.319815  0.469747  0.795644  0.868160  0.732757  0.240497  0.677555  0.792807  0.498501  0.526452  0.561754  0.860083  0.159243  0.468287  0.433024  0.704748  0.520472  0.601414  0.619583  0.472367  0.351632  0.395309  0.668712  0.432180  0.434502  0.731926  0.692848  0.671701  0.603174  0.645997  0.430332  0.367063  0.665426  0.353245  0.485653  0.587040  0.778350  0.444782  0.741394  0.358535  0.376671  0.709079  0.534612  0.340279  0.336253  0.693994  0.610429 
1  0.511651 0.0  0.671588  0.515199  0.624442  0.497677  0.615467  0.554398  0.513307  0.547137  0.588100  0.465808  0.651233  0.719487  0.562444  0.649381  0.673637  0.579525  0.647063  0.598450  0.607474  0.599764  0.586408  0.314036  0.767273  0.690392  0.682080  0.675266  0.591459  0.636567  0.514104  0.598881  0.646551  0.510375  0.574121  0.576093  0.722677  0.640540  0.555087  0.665583  0.603520  0.766831  0.679755  0.654569  0.614803  0.466100  0.715556  0.511971  0.480236  0.424361  0.646023  0.718992  0.661627  0.647868  0.549784  0.478256  0.563188  0.614055  0.261744  0.553720 
2  0.743001  0.671588 0.0  0.731916  0.707358  0.637276  0.558746  0.685551  0.731061  0.592575  0.763216  0.424554  0.782826  0.717983  0.723486  0.421810  0.805563  0.395220  0.814436  0.799133  0.483463  0.635096  0.652518  0.635164  0.550716  0.736842  0.759190  0.804788  0.463935  0.626365  0.646188  0.425851  0.791427  0.717586  0.714829  0.543798  0.723314  0.800620  0.655488  0.674083  0.354863  0.580458  0.596739  0.712376  0.688940  0.543059  0.651642  0.693624  0.622670  0.565906  0.795153  0.574435  0.708808  0.694425  0.460744  0.630913  0.791024  0.741655  0.591251  0.614429 
3  0.366165  0.515199  0.731916 0.0  0.562329  0.340689  0.529875  0.279827  0.323969  0.746223  0.560476  0.579271  0.606694  0.380799  0.400755  0.765368  0.879403  0.597410  0.448368  0.620650  0.705501  0.444826  0.481056  0.638618  0.847264  0.430729  0.585723  0.658023  0.613270  0.467007  0.614053  0.790050  0.553590  0.446896  0.369907  0.711664  0.412951  0.461033  0.651928  0.609994  0.633695  0.835719  0.596080  0.169748  0.594979  0.663261  0.480784  0.555084  0.531594  0.728629  0.505549  0.769015  0.170277  0.383717  0.720308  0.569827  0.422236  0.422124  0.608757  0.685194 
4  0.563049  0.624442  0.707358  0.562329 0.0  0.546986  0.620999  0.683734  0.576866  0.681335  0.351052  0.644859  0.291944  0.590574  0.495205  0.755420  0.899029  0.680387  0.572802  0.443936  0.826727  0.493944  0.396265  0.679353  0.889372  0.756670  0.554633  0.614824  0.622800  0.479140  0.595042  0.729115  0.555854  0.568822  0.506497  0.643936  0.484826  0.580482  0.571507  0.530023  0.759187  0.696648  0.459401  0.475880  0.615481  0.640151  0.627383  0.404487  0.540746  0.560793  0.528098  0.767837  0.641814  0.549639  0.697767  0.509160  0.522134  0.486320  0.593764  0.657916 
5  0.497347  0.497677  0.637276  0.340689  0.546986 0.0  0.524071  0.445861  0.587382  0.505883  0.609786  0.505299  0.521838  0.575075  0.336261  0.669293  0.759140  0.688659  0.676086  0.532489  0.636821  0.475619  0.538437  0.480560  0.833551  0.543606  0.698719  0.645797  0.729099  0.688756  0.545314  0.602225  0.535964  0.611592  0.386895  0.501781  0.546272  0.663860  0.596485  0.673724  0.616067  0.707878  0.529696  0.497498  0.623901  0.485994  0.560942  0.358557  0.608434  0.564667  0.629277  0.617490  0.491517  0.682944  0.597904  0.465730  0.613179  0.576266  0.386056  0.563053 
6  0.630960  0.615467  0.558746  0.529875  0.620999  0.524071 0.0  0.564091  0.603657  0.667770  0.709012  0.598351  0.620620  0.639503  0.551413  0.614607  0.706812  0.523732  0.735632  0.724465  0.520981  0.680122  0.616555  0.507356  0.842644  0.714108  0.642396  0.773872  0.594548  0.652014  0.472824  0.549674  0.877945  0.529198  0.681728  0.720116  0.662265  0.601958  0.736460  0.793725  0.395185  0.672073  0.624271  0.717995  0.620607  0.434321  0.676102  0.631472  0.546352  0.517683  0.766968  0.590654  0.648582  0.592478  0.649270  0.579611  0.696480  0.685217  0.511091  0.638314 
7  0.502948  0.554398  0.685551  0.279827  0.683734  0.445861  0.564091 0.0  0.426786  0.592571  0.453761  0.676059  0.582929  0.616417  0.257227  0.652141  0.840396  0.748989  0.525066  0.691411  0.763103  0.526906  0.609052  0.468624  0.926960  0.510283  0.557579  0.607637  0.701055  0.587901  0.547639  0.653859  0.585321  0.295140  0.415116  0.627971  0.504416  0.545699  0.648717  0.729142  0.662996  0.739978  0.556204  0.411506  0.650981  0.704613  0.565137  0.426960  0.481209  0.723293  0.620543  0.668170  0.499033  0.523346  0.551076  0.469670  0.473889  0.604570  0.513878  0.658650 
8  0.225417  0.513307  0.731061  0.323969  0.576866  0.587382  0.603657  0.426786 0.0  0.734602  0.607419  0.590621  0.538862  0.186976  0.385232  0.785201  0.819029  0.702244  0.329852  0.624022  0.733227  0.369718  0.458700  0.696099  0.800894  0.362998  0.537747  0.578394  0.639202  0.438278  0.469512  0.720019  0.479495  0.476317  0.313395  0.668897  0.324136  0.448926  0.737592  0.699296  0.656031  0.736604  0.665240  0.249864  0.431287  0.616772  0.356532  0.560957  0.526859  0.744927  0.421666  0.660572  0.141262  0.419558  0.668284  0.594220  0.398173  0.417828  0.609978  0.738593 
9  0.692768  0.547137  0.592575  0.746223  0.681335  0.505883  0.667770  0.592571  0.734602 0.0  0.599986  0.447043  0.585846  0.724386  0.635011  0.595054  0.734772  0.567154  0.761437  0.680681  0.717737  0.634914  0.624697  0.532200  0.749887  0.646689  0.663086  0.819102  0.411139  0.623709  0.672273  0.560671  0.573114  0.529389  0.679421  0.403029  0.687895  0.690251  0.695060  0.637409  0.557369  0.558340  0.484997  0.558471  0.704550  0.446263  0.620204  0.455619  0.598508  0.433092  0.678885  0.631673  0.588253  0.647414  0.438919  0.487384  0.578742  0.629866  0.423986  0.433257 
10  0.660703  0.588100  0.763216  0.560476  0.351052  0.609786  0.709012  0.453761  0.607419  0.599986 0.0  0.737714  0.367862  0.576819  0.583262  0.716378  0.869776  0.640519  0.615642  0.365991  0.686652  0.485504  0.513119  0.608563  0.732374  0.555533  0.556278  0.683403  0.651143  0.416274  0.632170  0.687847  0.552612  0.669144  0.479193  0.651038  0.566473  0.504817  0.369445  0.626983  0.754616  0.655996  0.587490  0.495503  0.614692  0.709421  0.689726  0.607391  0.497746  0.678232  0.537389  0.800961  0.617153  0.676612  0.715757  0.542127  0.741587  0.582313  0.759751  0.685297 
11  0.510856  0.465808  0.424554  0.579271  0.644859  0.505299  0.598351  0.676059  0.590621  0.447043  0.737714 0.0  0.525595  0.723016  0.596760  0.646504  0.783442  0.503790  0.618558  0.724161  0.703839  0.590049  0.577161  0.381889  0.801961  0.627267  0.745904  0.838650  0.546048  0.722183  0.663326  0.473165  0.706672  0.524391  0.682152  0.465462  0.640285  0.629749  0.807463  0.671835  0.626207  0.753875  0.535449  0.654351  0.726008  0.351063  0.769393  0.615891  0.431870  0.460886  0.690016  0.526218  0.707676  0.648591  0.364543  0.495484  0.688632  0.676176  0.449855  0.556691 
12  0.539024  0.651233  0.782826  0.606694  0.291944  0.521838  0.620620  0.582929  0.538862  0.585846  0.367862  0.525595 0.0  0.528227  0.578603  0.709040  0.918019  0.626890  0.536472  0.497004  0.813903  0.569551  0.560404  0.692956  0.855485  0.661588  0.640526  0.581547  0.653843  0.476264  0.630089  0.658031  0.555322  0.609176  0.478237  0.590731  0.398306  0.527023  0.575224  0.595182  0.734682  0.793088  0.560067  0.457981  0.651988  0.579415  0.668070  0.360582  0.445514  0.558182  0.450748  0.783769  0.555654  0.559512  0.584368  0.393573  0.543522  0.477251  0.490599  0.585450 
13  0.319815  0.719487  0.717983  0.380799  0.590574  0.575075  0.639503  0.616417  0.186976  0.724386  0.576819  0.723016  0.528227 0.0  0.604623  0.623873  0.883833  0.699331  0.202116  0.659516  0.873550  0.451260  0.497560  0.622712  0.881750  0.284848  0.541113  0.522618  0.711394  0.508859  0.616090  0.754257  0.468368  0.449421  0.476073  0.731569  0.399868  0.490203  0.634769  0.628879  0.727697  0.727019  0.653817  0.351800  0.423322  0.700521  0.476906  0.515376  0.595694  0.673605  0.228678  0.826972  0.409302  0.205128  0.689807  0.622091  0.259917  0.339894  0.655169  0.688875 
14  0.469747  0.562444  0.723486  0.400755  0.495205  0.336261  0.551413  0.257227  0.385232  0.635011  0.583262  0.596760  0.578603  0.604623 0.0  0.629196  0.860934  0.743749  0.578097  0.577534  0.778890  0.520356  0.524682  0.533321  0.798913  0.543703  0.575001  0.654231  0.635194  0.434201  0.464890  0.734202  0.423431  0.386386  0.510984  0.765529  0.544798  0.548833  0.656160  0.658511  0.689551  0.781253  0.517749  0.364864  0.615450  0.600154  0.479293  0.482498  0.497243  0.515986  0.524080  0.782392  0.467959  0.548745  0.549799  0.466936  0.570623  0.568947  0.484727  0.527720 
15  0.795644  0.649381  0.421810  0.765368  0.755420  0.669293  0.614607  0.652141  0.785201  0.595054  0.716378  0.646504  0.709040  0.623873  0.629196 0.0  0.703717  0.461434  0.702500  0.705509  0.417167  0.754392  0.810029  0.643443  0.606777  0.669798  0.703431  0.813176  0.598125  0.759614  0.640733  0.585377  0.783590  0.777808  0.720847  0.582801  0.716505  0.847739  0.751215  0.775196  0.488093  0.713452  0.781433  0.623506  0.804419  0.608925  0.693547  0.718725  0.626033  0.561140  0.605265  0.427010  0.658215  0.734841  0.655006  0.701687  0.740465  0.600971  0.694585  0.584824 
16  0.868160  0.673637  0.805563  0.879403  0.899029  0.759140  0.706812  0.840396  0.819029  0.734772  0.869776  0.783442  0.918019  0.883833  0.860934  0.703717 0.0  0.729736  0.906604  0.824896  0.696238  0.910385  0.755127  0.768370  0.520231  0.824390  0.841202  0.796200  0.671135  0.880954  0.778744  0.721339  0.826809  0.773203  0.873161  0.844681  0.807709  0.881907  0.923190  0.767747  0.778958  0.723893  0.840633  0.937853  0.864543  0.786293  0.873061  0.860107  0.701454  0.795174  0.875140  0.785560  0.934204  0.886917  0.826371  0.719475  0.873125  0.959721  0.782472  0.768627 
17  0.732757  0.579525  0.395220  0.597410  0.680387  0.688659  0.523732  0.748989  0.702244  0.567154  0.640519  0.503790  0.626890  0.699331  0.743749  0.461434  0.729736 0.0  0.664535  0.749264  0.408622  0.746419  0.732075  0.666236  0.683669  0.661548  0.768054  0.682431  0.388926  0.752222  0.618426  0.442845  0.762198  0.634853  0.684084  0.399942  0.728985  0.727668  0.844745  0.718043  0.423122  0.832236  0.704622  0.692062  0.821148  0.472012  0.734106  0.714017  0.625352  0.481268  0.733570  0.470842  0.814792  0.713930  0.510170  0.595959  0.806561  0.755029  0.677610  0.470061 
18  0.240497  0.647063  0.814436  0.448368  0.572802  0.676086  0.735632  0.525066  0.329852  0.761437  0.615642  0.618558  0.536472  0.202116  0.578097  0.702500  0.906604  0.664535 0.0  0.549277  0.760128  0.519250  0.494905  0.668441  0.839818  0.251356  0.486358  0.592221  0.688255  0.416928  0.609081  0.659039  0.438154  0.544107  0.402763  0.645028  0.440453  0.393221  0.508994  0.696855  0.777297  0.741939  0.577271  0.450919  0.381238  0.710692  0.226291  0.452255  0.691251  0.640525  0.068345  0.630791  0.260266  0.163997  0.818493  0.631570  0.207815  0.407154  0.659093  0.781182 
19  0.677555  0.598450  0.799133  0.620650  0.443936  0.532489  0.724465  0.691411  0.624022  0.680681  0.365991  0.724161  0.497004  0.659516  0.577534  0.705509  0.824896  0.749264  0.549277 0.0  0.824032  0.569805  0.565007  0.684414  0.834181  0.606408  0.614535  0.750564  0.685957  0.579087  0.721725  0.738364  0.644711  0.697229  0.566705  0.706770  0.487148  0.732390  0.154455  0.506002  0.604698  0.810639  0.458864  0.689262  0.540767  0.754774  0.771256  0.600993  0.519255  0.698601  0.587590  0.715275  0.729837  0.674794  0.763658  0.573046  0.571731  0.543329  0.694153  0.707017 
20  0.792807  0.607474  0.483463  0.705501  0.826727  0.636821  0.520981  0.763103  0.733227  0.717737  0.686652  0.703839  0.813903  0.873550  0.778890  0.417167  0.696238  0.408622  0.760128  0.824032 0.0  0.719896  0.789930  0.675944  0.671228  0.809196  0.829692  0.826084  0.580278  0.731181  0.700000  0.491074  0.839988  0.800024  0.786779  0.581028  0.739083  0.778776  0.723555  0.636024  0.469674  0.726392  0.655610  0.723713  0.721081  0.504583  0.766072  0.719045  0.690603  0.489863  0.845715  0.582265  0.700216  0.734458  0.535046  0.694079  0.751278  0.769665  0.683582  0.639715 
21  0.498501  0.599764  0.635096  0.444826  0.493944  0.475619  0.680122  0.526906  0.369718  0.634914  0.485504  0.590049  0.569551  0.451260  0.520356  0.754392  0.910385  0.746419  0.519250  0.569805  0.719896 0.0  0.394201  0.619509  0.830431  0.452074  0.566018  0.612071  0.777623  0.303314  0.598104  0.730203  0.275314  0.469907  0.436136  0.720358  0.288115  0.606427  0.656917  0.597719  0.755129  0.583269  0.547962  0.448491  0.568468  0.643675  0.572115  0.469649  0.584829  0.665224  0.463829  0.826297  0.604255  0.430945  0.705311  0.597341  0.404858  0.243145  0.593423  0.757411 
22  0.526452  0.586408  0.652518  0.481056  0.396265  0.538437  0.616555  0.609052  0.458700  0.624697  0.513119  0.577161  0.560404  0.497560  0.524682  0.810029  0.755127  0.732075  0.494905  0.565007  0.789930  0.394201 0.0  0.619628  0.774322  0.520419  0.551694  0.624156  0.604792  0.475567  0.676786  0.793637  0.445462  0.526124  0.318513  0.694433  0.473716  0.655859  0.599232  0.608411  0.880264  0.773115  0.465296  0.468328  0.583706  0.655067  0.570717  0.357667  0.361150  0.582248  0.566230  0.707713  0.473760  0.569482  0.727051  0.577519  0.502074  0.361302  0.592810  0.681230 
23  0.561754  0.314036  0.635164  0.638618  0.679353  0.480560  0.507356  0.468624  0.696099  0.532200  0.608563  0.381889  0.692956  0.622712  0.533321  0.643443  0.768370  0.666236  0.668441  0.684414  0.675944  0.619509  0.619628 0.0  0.749499  0.658052  0.737887  0.714665  0.508250  0.642317  0.517209  0.585369  0.727805  0.547785  0.626937  0.532299  0.650434  0.719308  0.730272  0.734904  0.529956  0.671054  0.502624  0.610684  0.620435  0.474727  0.544021  0.628460  0.541284  0.444462  0.677249  0.719809  0.584846  0.680770  0.498880  0.514832  0.680134  0.611712  0.231202  0.592306 
24  0.860083  0.767273  0.550716  0.847264  0.889372  0.833551  0.842644  0.926960  0.800894  0.749887  0.732374  0.801961  0.855485  0.881750  0.798913  0.606777  0.520231  0.683669  0.839818  0.834181  0.671228  0.830431  0.774322  0.749499 0.0  0.741299  0.941575  0.826793  0.750157  0.833809  0.669962  0.758988  0.777450  0.917757  0.743411  0.772865  0.856174  1.000000  0.880221  0.769542  0.741213  0.793599  0.916635  0.788822  0.891055  0.800352  0.767945  0.801603  0.834447  0.704272  0.827550  0.688369  0.891245  0.708900  0.751165  0.780360  0.771355  0.868453  0.776709  0.756962 
25  0.159243  0.690392  0.736842  0.430729  0.756670  0.543606  0.714108  0.510283  0.362998  0.646689  0.555533  0.627267  0.661588  0.284848  0.543703  0.669798  0.824390  0.661548  0.251356  0.606408  0.809196  0.452074  0.520419  0.658052  0.741299 0.0  0.385709  0.458642  0.731663  0.399133  0.624218  0.647093  0.432905  0.485756  0.488611  0.682502  0.433340  0.413697  0.718836  0.508364  0.737747  0.752923  0.588568  0.337392  0.400170  0.623146  0.319791  0.616505  0.673750  0.678243  0.316771  0.700749  0.336111  0.202602  0.695016  0.772955  0.364661  0.509134  0.554387  0.793520 
26  0.468287  0.682080  0.759190  0.585723  0.554633  0.698719  0.642396  0.557579  0.537747  0.663086  0.556278  0.745904  0.640526  0.541113  0.575001  0.703431  0.841202  0.768054  0.486358  0.614535  0.829692  0.566018  0.551694  0.737887  0.941575  0.385709 0.0  0.436908  0.701196  0.515079  0.550778  0.786036  0.495744  0.534434  0.603031  0.678514  0.493274  0.205718  0.691567  0.690686  0.714019  0.739805  0.659847  0.562161  0.336457  0.755242  0.324376  0.646445  0.557412  0.684555  0.437994  0.731235  0.641289  0.324466  0.745255  0.614513  0.403565  0.502074  0.647934  0.786183 
27  0.433024  0.675266  0.804788  0.658023  0.614824  0.645797  0.773872  0.607637  0.578394  0.819102  0.683403  0.838650  0.581547  0.522618  0.654231  0.813176  0.796200  0.682431  0.592221  0.750564  0.826084  0.612071  0.624156  0.714665  0.826793  0.458642  0.436908 0.0  0.726663  0.470304  0.680971  0.805373  0.545135  0.606102  0.556704  0.679661  0.630701  0.465866  0.761322  0.790218  0.749642  0.745149  0.803835  0.583273  0.494809  0.749848  0.351920  0.756899  0.706703  0.765693  0.622308  0.709851  0.695903  0.442608  0.793038  0.626053  0.555828  0.590861  0.737878  0.832944 
28  0.704748  0.591459  0.463935  0.613270  0.622800  0.729099  0.594548  0.701055  0.639202  0.411139  0.651143  0.546048  0.653843  0.711394  0.635194  0.598125  0.671135  0.388926  0.688255  0.685957  0.580278  0.777623  0.604792  0.508250  0.750157  0.731663  0.701196  0.726663 0.0  0.671430  0.562262  0.439378  0.604556  0.592606  0.636096  0.241150  0.632342  0.700176  0.709675  0.622077  0.476719  0.547844  0.613425  0.735035  0.831818  0.478790  0.744743  0.665219  0.572612  0.384543  0.710514  0.551067  0.666337  0.767362  0.183187  0.534283  0.689704  0.729346  0.586354  0.392638 
29  0.520472  0.636567  0.626365  0.467007  0.479140  0.688756  0.652014  0.587901  0.438278  0.623709  0.416274  0.722183  0.476264  0.508859  0.434201  0.759614  0.880954  0.752222  0.416928  0.579087  0.731181  0.303314  0.475567  0.642317  0.833809  0.399133  0.515079  0.470304  0.671430 0.0  0.483097  0.651123  0.546989  0.571882  0.295392  0.685757  0.385356  0.539405  0.667490  0.705527  0.679242  0.706163  0.526153  0.400738  0.525678  0.705982  0.616188  0.503316  0.571173  0.693606  0.545365  0.632613  0.359304  0.476219  0.581679  0.511696  0.444634  0.226718  0.592886  0.636198 
30  0.601414  0.514104  0.646188  0.614053  0.595042  0.545314  0.472824  0.547639  0.469512  0.672273  0.632170  0.663326  0.630089  0.616090  0.464890  0.640733  0.778744  0.618426  0.609081  0.721725  0.700000  0.598104  0.676786  0.517209  0.669962  0.624218  0.550778  0.680971  0.562262  0.483097 0.0  0.558623  0.586905  0.393228  0.607037  0.657161  0.686455  0.712646  0.606356  0.746204  0.656099  0.745479  0.616974  0.580779  0.500958  0.601502  0.639798  0.561958  0.675503  0.588495  0.606453  0.756401  0.577821  0.597166  0.660642  0.692082  0.672340  0.506019  0.539897  0.666541 
31  0.619583  0.598881  0.425851  0.790050  0.729115  0.602225  0.549674  0.653859  0.720019  0.560671  0.687847  0.473165  0.658031  0.754257  0.734202  0.585377  0.721339  0.442845  0.659039  0.738364  0.491074  0.730203  0.793637  0.585369  0.758988  0.647093  0.786036  0.805373  0.439378  0.651123  0.558623 0.0  0.735836  0.654380  0.649037  0.557712  0.600060  0.681010  0.722498  0.648442  0.228129  0.703257  0.673909  0.655449  0.798033  0.451252  0.600882  0.587998  0.625772  0.433530  0.594710  0.670321  0.673704  0.803745  0.543359  0.659866  0.777885  0.687275  0.571897  0.753552 
32  0.472367  0.646551  0.791427  0.553590  0.555854  0.535964  0.877945  0.585321  0.479495  0.573114  0.552612  0.706672  0.555322  0.468368  0.423431  0.783590  0.826809  0.762198  0.438154  0.644711  0.839988  0.275314  0.445462  0.727805  0.777450  0.432905  0.495744  0.545135  0.604556  0.546989  0.586905  0.735836 0.0  0.627613  0.430505  0.650210  0.198157  0.500490  0.674225  0.594139  0.602049  0.825285  0.521872  0.506277  0.369253  0.692462  0.538848  0.527271  0.620462  0.687294  0.403797  0.738204  0.436675  0.448187  0.695612  0.621688  0.362646  0.327913  0.627229  0.660919 
33  0.351632  0.510375  0.717586  0.446896  0.568822  0.611592  0.529198  0.295140  0.476317  0.529389  0.669144  0.524391  0.609176  0.449421  0.386386  0.777808  0.773203  0.634853  0.544107  0.697229  0.800024  0.469907  0.526124  0.547785  0.917757  0.485756  0.534434  0.606102  0.592606  0.571882  0.393228  0.654380  0.627613 0.0  0.489623  0.540422  0.549552  0.541131  0.574063  0.594504  0.635091  0.726067  0.567079  0.423245  0.551493  0.589646  0.485756  0.605378  0.575838  0.657042  0.629051  0.664817  0.419440  0.466185  0.660207  0.561686  0.523481  0.561522  0.585803  0.648547 
34  0.395309  0.574121  0.714829  0.369907  0.506497  0.386895  0.681728  0.415116  0.313395  0.679421  0.479193  0.682152  0.478237  0.476073  0.510984  0.720847  0.873161  0.684084  0.402763  0.566705  0.786779  0.436136  0.318513  0.626937  0.743411  0.488611  0.603031  0.556704  0.636096  0.295392  0.607037  0.649037  0.430505  0.489623 0.0  0.613182  0.311144  0.535139  0.548412  0.628263  0.728980  0.662096  0.549801  0.245796  0.546887  0.550662  0.487879  0.490712  0.457052  0.519033  0.471079  0.769449  0.392177  0.512822  0.678399  0.432385  0.467723  0.330627  0.549020  0.617868 
35  0.668712  0.576093  0.543798  0.711664  0.643936  0.501781  0.720116  0.627971  0.668897  0.403029  0.651038  0.465462  0.590731  0.731569  0.765529  0.582801  0.844681  0.399942  0.645028  0.706770  0.581028  0.720358  0.694433  0.532299  0.772865  0.682502  0.678514  0.679661  0.241150  0.685757  0.657161  0.557712  0.650210  0.540422  0.613182 0.0  0.738449  0.695342  0.768125  0.582305  0.632691  0.659386  0.586205  0.668463  0.668988  0.509300  0.717381  0.611794  0.637550  0.262692  0.587746  0.626611  0.686885  0.689087  0.309787  0.629170  0.625321  0.581742  0.574944  0.423810 
36  0.432180  0.722677  0.723314  0.412951  0.484826  0.546272  0.662265  0.504416  0.324136  0.687895  0.566473  0.640285  0.398306  0.399868  0.544798  0.716505  0.807709  0.728985  0.440453  0.487148  0.739083  0.288115  0.473716  0.650434  0.856174  0.433340  0.493274  0.630701  0.632342  0.385356  0.686455  0.600060  0.198157  0.549552  0.311144  0.738449 0.0  0.481945  0.557388  0.570081  0.700103  0.740112  0.563226  0.411151  0.390293  0.554018  0.484211  0.511818  0.505077  0.684758  0.393896  0.777591  0.396522  0.457741  0.701986  0.496350  0.378095  0.210136  0.671953  0.708082 
37  0.434502  0.640540  0.800620  0.461033  0.580482  0.663860  0.601958  0.545699  0.448926  0.690251  0.504817  0.629749  0.527023  0.490203  0.548833  0.847739  0.881907  0.727668  0.393221  0.732390  0.778776  0.606427  0.655859  0.719308  1.000000  0.413697  0.205718  0.465866  0.700176  0.539405  0.712646  0.681010  0.500490  0.541131  0.535139  0.695342  0.481945 0.0  0.554941  0.702806  0.709537  0.872389  0.700100  0.506103  0.267222  0.660411  0.359333  0.576908  0.610942  0.640305  0.500102  0.841207  0.523255  0.396176  0.713077  0.647434  0.422872  0.463626  0.673452  0.832634 
38  0.731926  0.555087  0.655488  0.651928  0.571507  0.596485  0.736460  0.648717  0.737592  0.695060  0.369445  0.807463  0.575224  0.634769  0.656160  0.751215  0.923190  0.844745  0.508994  0.154455  0.723555  0.656917  0.599232  0.730272  0.880221  0.718836  0.691567  0.761322  0.709675  0.667490  0.606356  0.722498  0.674225  0.574063  0.548412  0.768125  0.557388  0.554941 0.0  0.596505  0.756391  0.597503  0.502937  0.713255  0.681308  0.699870  0.740893  0.465317  0.577889  0.601541  0.583336  0.708407  0.584401  0.662129  0.681661  0.552074  0.634280  0.544605  0.710345  0.684741 
39  0.692848  0.665583  0.674083  0.609994  0.530023  0.673724  0.793725  0.729142  0.699296  0.637409  0.626983  0.671835  0.595182  0.628879  0.658511  0.775196  0.767747  0.718043  0.696855  0.506002  0.636024  0.597719  0.608411  0.734904  0.769542  0.508364  0.690686  0.790218  0.622077  0.705527  0.746204  0.648442  0.594139  0.594504  0.628263  0.582305  0.570081  0.702806  0.596505 0.0  0.719592  0.598986  0.492941  0.664812  0.680306  0.682351  0.826614  0.590789  0.485469  0.509632  0.628386  0.676131  0.674026  0.825215  0.601329  0.510544  0.694855  0.658243  0.741880  0.575088 
40  0.671701  0.603520  0.354863  0.633695  0.759187  0.616067  0.395185  0.662996  0.656031  0.557369  0.754616  0.626207  0.734682  0.727697  0.689551  0.488093  0.778958  0.423122  0.777297  0.604698  0.469674  0.755129  0.880264  0.529956  0.741213  0.737747  0.714019  0.749642  0.476719  0.679242  0.656099  0.228129  0.602049  0.635091  0.728980  0.632691  0.700103  0.709537  0.756391  0.719592 0.0  0.745424  0.671559  0.740894  0.788187  0.461374  0.742463  0.707179  0.617821  0.599487  0.757747  0.585570  0.690322  0.787138  0.575430  0.654405  0.772395  0.803060  0.640927  0.579239 
41  0.603174  0.766831  0.580458  0.835719  0.696648  0.707878  0.672073  0.739978  0.736604  0.558340  0.655996  0.753875  0.793088  0.727019  0.781253  0.713452  0.723893  0.832236  0.741939  0.810639  0.726392  0.583269  0.773115  0.671054  0.793599  0.752923  0.739805  0.745149  0.547844  0.706163  0.745479  0.703257  0.825285  0.726067  0.662096  0.659386  0.740112  0.872389  0.597503  0.598986  0.745424 0.0  0.574094  0.791638  0.659976  0.705876  0.709135  0.632697  0.588812  0.757656  0.649418  0.627556  0.719421  0.791227  0.798241  0.609676  0.686986  0.753649  0.712545  0.656452 
42  0.645997  0.679755  0.596739  0.596080  0.459401  0.529696  0.624271  0.556204  0.665240  0.484997  0.587490  0.535449  0.560067  0.653817  0.517749  0.781433  0.840633  0.704622  0.577271  0.458864  0.655610  0.547962  0.465296  0.502624  0.916635  0.588568  0.659847  0.803835  0.613425  0.526153  0.616974  0.673909  0.521872  0.567079  0.549801  0.586205  0.563226  0.700100  0.502937  0.492941  0.671559  0.574094 0.0  0.553804  0.679203  0.565736  0.686990  0.462861  0.291699  0.584901  0.660186  0.624160  0.541575  0.654848  0.636156  0.078443  0.595924  0.635453  0.528728  0.585045 
43  0.430332  0.654569  0.712376  0.169748  0.475880  0.497498  0.717995  0.411506  0.249864  0.558471  0.495503  0.654351  0.457981  0.351800  0.364864  0.623506  0.937853  0.692062  0.450919  0.689262  0.723713  0.448491  0.468328  0.610684  0.788822  0.337392  0.562161  0.583273  0.735035  0.400738  0.580779  0.655449  0.506277  0.423245  0.245796  0.668463  0.411151  0.506103  0.713255  0.664812  0.740894  0.791638  0.553804 0.0  0.551422  0.621246  0.432556  0.551162  0.549290  0.575349  0.474227  0.672005  0.146718  0.529324  0.613755  0.575165  0.332337  0.364620  0.646252  0.677889 
44  0.367063  0.614803  0.688940  0.594979  0.615481  0.623901  0.620607  0.650981  0.431287  0.704550  0.614692  0.726008  0.651988  0.423322  0.615450  0.804419  0.864543  0.821148  0.381238  0.540767  0.721081  0.568468  0.583706  0.620435  0.891055  0.400170  0.336457  0.494809  0.831818  0.525678  0.500958  0.798033  0.369253  0.551493  0.546887  0.668988  0.390293  0.267222  0.681308  0.680306  0.788187  0.659976  0.679203  0.551422 0.0  0.815399  0.239488  0.581325  0.602282  0.835057  0.294339  0.803717  0.494934  0.201960  0.699643  0.649170  0.293115  0.496502  0.654750  0.622905 
45  0.665426  0.466100  0.543059  0.663261  0.640151  0.485994  0.434321  0.704613  0.616772  0.446263  0.709421  0.351063  0.579415  0.700521  0.600154  0.608925  0.786293  0.472012  0.710692  0.754774  0.504583  0.643675  0.655067  0.474727  0.800352  0.623146  0.755242  0.749848  0.478790  0.705982  0.601502  0.451252  0.692462  0.589646  0.550662  0.509300  0.554018  0.660411  0.699870  0.682351  0.461374  0.705876  0.565736  0.621246  0.815399 0.0  0.588870  0.728137  0.536560  0.364199  0.682530  0.624757  0.672716  0.696100  0.433146  0.642851  0.681904  0.629570  0.413511  0.519974 
46  0.353245  0.715556  0.651642  0.480784  0.627383  0.560942  0.676102  0.565137  0.356532  0.620204  0.689726  0.769393  0.668070  0.476906  0.479293  0.693547  0.873061  0.734106  0.226291  0.771256  0.766072  0.572115  0.570717  0.544021  0.767945  0.319791  0.324376  0.351920  0.744743  0.616188  0.639798  0.600882  0.538848  0.485756  0.487879  0.717381  0.484211  0.359333  0.740893  0.826614  0.742463  0.709135  0.686990  0.432556  0.239488  0.588870 0.0  0.710677  0.631705  0.675979  0.222734  0.783515  0.407645  0.238769  0.708595  0.612918  0.289530  0.506485  0.729507  0.659881 
47  0.485653  0.511971  0.693624  0.555084  0.404487  0.358557  0.631472  0.426960  0.560957  0.455619  0.607391  0.615891  0.360582  0.515376  0.482498  0.718725  0.860107  0.714017  0.452255  0.600993  0.719045  0.469649  0.357667  0.628460  0.801603  0.616505  0.646445  0.756899  0.665219  0.503316  0.561958  0.587998  0.527271  0.605378  0.490712  0.611794  0.511818  0.576908  0.465317  0.590789  0.707179  0.632697  0.462861  0.551162  0.581325  0.728137  0.710677 0.0  0.328470  0.652312  0.497892  0.677456  0.467690  0.629353  0.746137  0.518986  0.512600  0.714893  0.520294  0.543094 
48  0.587040  0.480236  0.622670  0.531594  0.540746  0.608434  0.546352  0.481209  0.526859  0.598508  0.497746  0.431870  0.445514  0.595694  0.497243  0.626033  0.701454  0.625352  0.691251  0.519255  0.690603  0.584829  0.361150  0.541284  0.834447  0.673750  0.557412  0.706703  0.572612  0.571173  0.675503  0.625772  0.620462  0.575838  0.457052  0.637550  0.505077  0.610942  0.577889  0.485469  0.617821  0.588812  0.291699  0.549290  0.602282  0.536560  0.631705  0.328470 0.0  0.538706  0.587104  0.724965  0.557580  0.698461  0.544040  0.253610  0.571851  0.565393  0.519936  0.568367 
49  0.778350  0.424361  0.565906  0.728629  0.560793  0.564667  0.517683  0.723293  0.744927  0.433092  0.678232  0.460886  0.558182  0.673605  0.515986  0.561140  0.795174  0.481268  0.640525  0.698601  0.489863  0.665224  0.582248  0.444462  0.704272  0.678243  0.684555  0.765693  0.384543  0.693606  0.588495  0.433530  0.687294  0.657042  0.519033  0.262692  0.684758  0.640305  0.601541  0.509632  0.599487  0.757656  0.584901  0.575349  0.835057  0.364199  0.675979  0.652312  0.538706 0.0  0.755496  0.596166  0.601048  0.693054  0.413200  0.547858  0.675873  0.662132  0.373187  0.416668 
50  0.444782  0.646023  0.795153  0.505549  0.528098  0.629277  0.766968  0.620543  0.421666  0.678885  0.537389  0.690016  0.450748  0.228678  0.524080  0.605265  0.875140  0.733570  0.068345  0.587590  0.845715  0.463829  0.566230  0.677249  0.827550  0.316771  0.437994  0.622308  0.710514  0.545365  0.606453  0.594710  0.403797  0.629051  0.471079  0.587746  0.393896  0.500102  0.583336  0.628386  0.757747  0.649418  0.660186  0.474227  0.294339  0.682530  0.222734  0.497892  0.587104  0.755496 0.0  0.779605  0.312001  0.199478  0.833564  0.641632  0.102600  0.398083  0.641886  0.699152 
51  0.741394  0.718992  0.574435  0.769015  0.767837  0.617490  0.590654  0.668170  0.660572  0.631673  0.800961  0.526218  0.783769  0.826972  0.782392  0.427010  0.785560  0.470842  0.630791  0.715275  0.582265  0.826297  0.707713  0.719809  0.688369  0.700749  0.731235  0.709851  0.551067  0.632613  0.756401  0.670321  0.738204  0.664817  0.769449  0.626611  0.777591  0.841207  0.708407  0.676131  0.585570  0.627556  0.624160  0.672005  0.803717  0.624757  0.783515  0.677456  0.724965  0.596166  0.779605 0.0  0.777263  0.675202  0.625331  0.636023  0.798111  0.673716  0.667639  0.554203 
52  0.358535  0.661627  0.708808  0.170277  0.641814  0.491517  0.648582  0.499033  0.141262  0.588253  0.617153  0.707676  0.555654  0.409302  0.467959  0.658215  0.934204  0.814792  0.260266  0.729837  0.700216  0.604255  0.473760  0.584846  0.891245  0.336111  0.641289  0.695903  0.666337  0.359304  0.577821  0.673704  0.436675  0.419440  0.392177  0.686885  0.396522  0.523255  0.584401  0.674026  0.690322  0.719421  0.541575  0.146718  0.494934  0.672716  0.407645  0.467690  0.557580  0.601048  0.312001  0.777263 0.0  0.445854  0.684579  0.606269  0.445869  0.378564  0.559481  0.729647 
53  0.376671  0.647868  0.694425  0.383717  0.549639  0.682944  0.592478  0.523346  0.419558  0.647414  0.676612  0.648591  0.559512  0.205128  0.548745  0.734841  0.886917  0.713930  0.163997  0.674794  0.734458  0.430945  0.569482  0.680770  0.708900  0.202602  0.324466  0.442608  0.767362  0.476219  0.597166  0.803745  0.448187  0.466185  0.512822  0.689087  0.457741  0.396176  0.662129  0.825215  0.787138  0.791227  0.654848  0.529324  0.201960  0.696100  0.238769  0.629353  0.698461  0.693054  0.199478  0.675202  0.445854 0.0  0.752150  0.571679  0.312712  0.432728  0.678580  0.719749 
54  0.709079  0.549784  0.460744  0.720308  0.697767  0.597904  0.649270  0.551076  0.668284  0.438919  0.715757  0.364543  0.584368  0.689807  0.549799  0.655006  0.826371  0.510170  0.818493  0.763658  0.535046  0.705311  0.727051  0.498880  0.751165  0.695016  0.745255  0.793038  0.183187  0.581679  0.660642  0.543359  0.695612  0.660207  0.678399  0.309787  0.701986  0.713077  0.681661  0.601329  0.575430  0.798241  0.636156  0.613755  0.699643  0.433146  0.708595  0.746137  0.544040  0.413200  0.833564  0.625331  0.684579  0.752150 0.0  0.570369  0.630373  0.617146  0.520542  0.251893 
55  0.534612  0.478256  0.630913  0.569827  0.509160  0.465730  0.579611  0.469670  0.594220  0.487384  0.542127  0.495484  0.393573  0.622091  0.466936  0.701687  0.719475  0.595959  0.631570  0.573046  0.694079  0.597341  0.577519  0.514832  0.780360  0.772955  0.614513  0.626053  0.534283  0.511696  0.692082  0.659866  0.621688  0.561686  0.432385  0.629170  0.496350  0.647434  0.552074  0.510544  0.654405  0.609676  0.078443  0.575165  0.649170  0.642851  0.612918  0.518986  0.253610  0.547858  0.641632  0.636023  0.606269  0.571679  0.570369 0.0  0.684057  0.578221  0.477564  0.651253 
56  0.340279  0.563188  0.791024  0.422236  0.522134  0.613179  0.696480  0.473889  0.398173  0.578742  0.741587  0.688632  0.543522  0.259917  0.570623  0.740465  0.873125  0.806561  0.207815  0.571731  0.751278  0.404858  0.502074  0.680134  0.771355  0.364661  0.403565  0.555828  0.689704  0.444634  0.672340  0.777885  0.362646  0.523481  0.467723  0.625321  0.378095  0.422872  0.634280  0.694855  0.772395  0.686986  0.595924  0.332337  0.293115  0.681904  0.289530  0.512600  0.571851  0.675873  0.102600  0.798111  0.445869  0.312712  0.630373  0.684057 0.0  0.364191  0.666350  0.677496 
57  0.336253  0.614055  0.741655  0.422124  0.486320  0.576266  0.685217  0.604570  0.417828  0.629866  0.582313  0.676176  0.477251  0.339894  0.568947  0.600971  0.959721  0.755029  0.407154  0.543329  0.769665  0.243145  0.361302  0.611712  0.868453  0.509134  0.502074  0.590861  0.729346  0.226718  0.506019  0.687275  0.327913  0.561522  0.330627  0.581742  0.210136  0.463626  0.544605  0.658243  0.803060  0.753649  0.635453  0.364620  0.496502  0.629570  0.506485  0.714893  0.565393  0.662132  0.398083  0.673716  0.378564  0.432728  0.617146  0.578221  0.364191 0.0  0.593532  0.802827 
58  0.693994  0.261744  0.591251  0.608757  0.593764  0.386056  0.511091  0.513878  0.609978  0.423986  0.759751  0.449855  0.490599  0.655169  0.484727  0.694585  0.782472  0.677610  0.659093  0.694153  0.683582  0.593423  0.592810  0.231202  0.776709  0.554387  0.647934  0.737878  0.586354  0.592886  0.539897  0.571897  0.627229  0.585803  0.549020  0.574944  0.671953  0.673452  0.710345  0.741880  0.640927  0.712545  0.528728  0.646252  0.654750  0.413511  0.729507  0.520294  0.519936  0.373187  0.641886  0.667639  0.559481  0.678580  0.520542  0.477564  0.666350  0.593532 0.0  0.540332 
59  0.610429  0.553720  0.614429  0.685194  0.657916  0.563053  0.638314  0.658650  0.738593  0.433257  0.685297  0.556691  0.585450  0.688875  0.527720  0.584824  0.768627  0.470061  0.781182  0.707017  0.639715  0.757411  0.681230  0.592306  0.756962  0.793520  0.786183  0.832944  0.392638  0.636198  0.666541  0.753552  0.660919  0.648547  0.617868  0.423810  0.708082  0.832634  0.684741  0.575088  0.579239  0.656452  0.585045  0.677889  0.622905  0.519974  0.659881  0.543094  0.568367  0.416668  0.699152  0.554203  0.729647  0.719749  0.251893  0.651253  0.677496  0.802827  0.540332 0.0 
