60
0 0.0  0.540190  0.792020  0.345311  0.497710  0.509990  0.623862  0.437967  0.407099  0.588151  0.652648  0.698093  0.567375  0.296436  0.551974  0.708753  0.847012  0.667602  0.304002  0.528326  0.677650  0.464174  0.473741  0.556181  0.784523  0.120562  0.503867  0.543545  0.683864  0.477831  0.436824  0.681513  0.387771  0.434204  0.359029  0.659450  0.352451  0.377741  0.543469  0.733874  0.635811  0.602088  0.604243  0.366717  0.430766  0.508864  0.288286  0.549730  0.457673  0.806154  0.259296  0.669218  0.305896  0.278262  0.592928  0.596838  0.390078  0.432839  0.619184  0.738573 
1  0.540190 0.0  0.630269  0.485526  0.591753  0.366874  0.501024  0.457732  0.648489  0.527307  0.637520  0.492386  0.521164  0.586419  0.480728  0.668565  0.689701  0.590440  0.502986  0.654262  0.643279  0.606326  0.555552  0.282794  0.684034  0.720090  0.599157  0.694082  0.475193  0.648982  0.414261  0.510263  0.705967  0.520829  0.519307  0.497620  0.676123  0.609230  0.656241  0.589076  0.466433  0.690297  0.461431  0.558429  0.645068  0.416806  0.580293  0.442234  0.517369  0.531788  0.592192  0.677339  0.581641  0.535851  0.535356  0.522891  0.566174  0.686432  0.257542  0.535818 
2  0.792020  0.630269 0.0  0.640950  0.747747  0.571584  0.664193  0.565568  0.591590  0.586995  0.771988  0.489314  0.626735  0.641475  0.658071  0.410578  0.648792  0.329212  0.801570  0.763452  0.536284  0.745681  0.741942  0.590742  0.739591  0.778415  0.691876  0.831502  0.444903  0.677993  0.665911  0.518941  0.769866  0.736859  0.588142  0.467538  0.660217  0.720050  0.851854  0.654580  0.458668  0.655489  0.592238  0.634086  0.670956  0.520936  0.736348  0.650685  0.585029  0.407256  0.761848  0.408431  0.646952  0.709128  0.517745  0.632887  0.767248  0.683344  0.533426  0.556504 
3  0.345311  0.485526  0.640950 0.0  0.509003  0.487395  0.616471  0.283809  0.274360  0.601940  0.580858  0.616839  0.573797  0.336193  0.370737  0.654067  0.819102  0.735663  0.427363  0.553506  0.723702  0.450436  0.374141  0.599236  0.802023  0.340559  0.442758  0.609984  0.616031  0.407241  0.451495  0.682874  0.426621  0.392146  0.365804  0.493808  0.590981  0.538359  0.615789  0.607931  0.556929  0.729009  0.557186  0.155311  0.467244  0.536660  0.440994  0.480904  0.599664  0.584973  0.374037  0.700462  0.155237  0.359634  0.611496  0.530181  0.427246  0.424474  0.469333  0.683781 
4  0.497710  0.591753  0.747747  0.509003 0.0  0.552511  0.552750  0.555471  0.505385  0.530453  0.398330  0.694648  0.288078  0.509497  0.497498  0.637829  0.822156  0.679938  0.543592  0.409385  0.769766  0.398311  0.336566  0.652801  0.727946  0.581730  0.593773  0.741481  0.640537  0.442594  0.641790  0.746425  0.561907  0.597343  0.336333  0.611352  0.550787  0.631438  0.498373  0.638721  0.675426  0.585933  0.583857  0.457733  0.517830  0.609884  0.578930  0.458095  0.500023  0.682066  0.585512  0.773701  0.583611  0.568436  0.604199  0.554060  0.568718  0.466066  0.597974  0.627831 
5  0.509990  0.366874  0.571584  0.487395  0.552511 0.0  0.602987  0.379913  0.595827  0.526018  0.647903  0.515665  0.510291  0.424309  0.426465  0.612252  0.850714  0.707083  0.580495  0.594123  0.683534  0.522698  0.574084  0.422643  0.798093  0.427777  0.651997  0.651449  0.559029  0.568833  0.510563  0.693787  0.577032  0.451894  0.448827  0.542765  0.524106  0.693321  0.567247  0.659080  0.730917  0.720598  0.420794  0.428699  0.589284  0.486523  0.605370  0.408793  0.373270  0.644955  0.590237  0.635759  0.451277  0.562544  0.616069  0.468443  0.664098  0.545185  0.415804  0.579078 
6  0.623862  0.501024  0.664193  0.616471  0.552750  0.602987 0.0  0.444704  0.681893  0.555766  0.659685  0.458106  0.617431  0.667235  0.495501  0.572865  0.814830  0.613547  0.672419  0.679089  0.660657  0.681899  0.567260  0.602787  0.736179  0.635352  0.617207  0.705817  0.654056  0.516670  0.573202  0.506171  0.601836  0.555197  0.556324  0.613657  0.650052  0.585252  0.675866  0.672877  0.599306  0.649851  0.558365  0.547645  0.738747  0.492796  0.686397  0.634025  0.542016  0.585189  0.646932  0.553399  0.504486  0.587622  0.549141  0.704131  0.679912  0.694903  0.534979  0.708017 
7  0.437967  0.457732  0.565568  0.283809  0.555471  0.379913  0.444704 0.0  0.492030  0.492485  0.557066  0.639293  0.525892  0.445158  0.293324  0.642286  0.738302  0.764636  0.440035  0.625188  0.660548  0.450307  0.392061  0.518926  0.751274  0.456102  0.564308  0.550994  0.605145  0.523019  0.512028  0.534966  0.555868  0.350133  0.461659  0.590918  0.564741  0.500157  0.690621  0.554452  0.595475  0.700158  0.509173  0.378310  0.445858  0.623912  0.426902  0.486431  0.537887  0.612591  0.469234  0.735332  0.318538  0.605055  0.552811  0.471576  0.514399  0.491892  0.374671  0.669138 
8  0.407099  0.648489  0.591590  0.274360  0.505385  0.595827  0.681893  0.492030 0.0  0.591588  0.589472  0.544813  0.559405  0.274921  0.481376  0.702158  0.816564  0.592895  0.343665  0.650149  0.727625  0.421909  0.504169  0.706380  0.714839  0.294554  0.549373  0.464259  0.641634  0.267190  0.511925  0.561905  0.465167  0.487265  0.378910  0.685622  0.387688  0.380260  0.631294  0.678685  0.649962  0.769476  0.533517  0.142612  0.431430  0.614631  0.343085  0.453606  0.441560  0.591775  0.375764  0.665221  0.306421  0.360798  0.648688  0.580665  0.397855  0.243920  0.538830  0.594141 
9  0.588151  0.527307  0.586995  0.601940  0.530453  0.526018  0.555766  0.492485  0.591588 0.0  0.618949  0.475945  0.661588  0.631129  0.471776  0.610214  0.719754  0.512427  0.559834  0.723311  0.522506  0.616214  0.555886  0.529612  0.710954  0.725513  0.655667  0.659224  0.347729  0.625621  0.587660  0.537970  0.693648  0.544085  0.552304  0.376721  0.667888  0.601546  0.609658  0.536136  0.562704  0.593631  0.441400  0.632876  0.715392  0.498640  0.637155  0.522924  0.361103  0.390099  0.678321  0.513894  0.624458  0.618831  0.387909  0.552441  0.537851  0.669009  0.525723  0.438472 
10  0.652648  0.637520  0.771988  0.580858  0.398330  0.647903  0.659685  0.557066  0.589472  0.618949 0.0  0.585126  0.370616  0.569614  0.661519  0.707802  0.739391  0.692900  0.527740  0.318147  0.663588  0.560939  0.372401  0.728118  0.827798  0.738435  0.673997  0.655104  0.625896  0.490361  0.503372  0.721257  0.589097  0.600767  0.499596  0.629793  0.560400  0.529489  0.385490  0.404889  0.708887  0.616752  0.435267  0.614797  0.583163  0.651573  0.568199  0.471063  0.594358  0.623328  0.697561  0.740897  0.466317  0.657542  0.677133  0.464957  0.560953  0.537538  0.610701  0.524866 
11  0.698093  0.492386  0.489314  0.616839  0.694648  0.515665  0.458106  0.639293  0.544813  0.475945  0.585126 0.0  0.599044  0.705281  0.645761  0.442865  0.734644  0.342344  0.674504  0.737194  0.598996  0.582770  0.533999  0.270538  0.766417  0.681632  0.678674  0.715519  0.448901  0.610996  0.675709  0.475031  0.668192  0.553276  0.646755  0.360024  0.661299  0.647449  0.708576  0.635879  0.524326  0.681076  0.673705  0.645681  0.752313  0.360239  0.668937  0.538500  0.642693  0.423199  0.729070  0.582681  0.686055  0.688492  0.419703  0.489264  0.639106  0.673814  0.405981  0.495296 
12  0.567375  0.521164  0.626735  0.573797  0.288078  0.510291  0.617431  0.525892  0.559405  0.661588  0.370616  0.599044 0.0  0.528077  0.413649  0.637625  0.879625  0.656024  0.520030  0.509676  0.722474  0.548317  0.369567  0.603685  0.739383  0.542963  0.553528  0.678221  0.651127  0.501748  0.687752  0.735394  0.497751  0.572611  0.514037  0.563206  0.550060  0.519796  0.493618  0.481816  0.709212  0.612570  0.479009  0.503512  0.467173  0.589074  0.541140  0.374899  0.503180  0.780636  0.508724  0.669492  0.508877  0.612966  0.512369  0.417411  0.653886  0.536272  0.547200  0.605982 
13  0.296436  0.586419  0.641475  0.336193  0.509497  0.424309  0.667235  0.445158  0.274921  0.631129  0.569614  0.705281  0.528077 0.0  0.575152  0.695176  0.815926  0.662418  0.109451  0.499293  0.678486  0.413668  0.375714  0.508927  0.773736  0.351556  0.354247  0.465238  0.663680  0.403520  0.583544  0.688538  0.313815  0.558868  0.358252  0.683817  0.301877  0.473900  0.603557  0.643242  0.732285  0.600195  0.560448  0.338691  0.286813  0.603868  0.402219  0.572734  0.590874  0.663235  0.381255  0.695560  0.273080  0.242527  0.773340  0.543347  0.257243  0.406645  0.592710  0.613856 
14  0.551974  0.480728  0.658071  0.370737  0.497498  0.426465  0.495501  0.293324  0.481376  0.471776  0.661519  0.645761  0.413649  0.575152 0.0  0.655673  0.752985  0.736678  0.581468  0.595896  0.761554  0.591366  0.389720  0.520069  0.749650  0.397861  0.507199  0.545059  0.712598  0.445612  0.462593  0.631617  0.494030  0.352742  0.382100  0.599536  0.576961  0.637856  0.655326  0.657318  0.667267  0.744389  0.508687  0.293623  0.540469  0.578268  0.484398  0.499126  0.585995  0.692566  0.468564  0.747835  0.393783  0.538859  0.608103  0.433439  0.498523  0.452327  0.456339  0.643647 
15  0.708753  0.668565  0.410578  0.654067  0.637829  0.612252  0.572865  0.642286  0.702158  0.610214  0.707802  0.442865  0.637625  0.695176  0.655673 0.0  0.698954  0.472757  0.799943  0.726485  0.423755  0.733662  0.714831  0.640281  0.632158  0.708298  0.707045  0.750027  0.573190  0.609220  0.649923  0.436097  0.689042  0.678585  0.568877  0.610458  0.653846  0.729500  0.707840  0.661848  0.461821  0.661098  0.618078  0.671075  0.788031  0.410508  0.796924  0.621112  0.637777  0.663477  0.696869  0.372916  0.658631  0.798553  0.625815  0.664766  0.699680  0.718183  0.679732  0.433580 
16  0.847012  0.689701  0.648792  0.819102  0.822156  0.850714  0.814830  0.738302  0.816564  0.719754  0.739391  0.734644  0.879625  0.815926  0.752985  0.698954 0.0  0.738740  0.797174  0.860329  0.608346  0.818146  0.799960  0.729608  0.378819  0.848237  0.831632  0.760552  0.715487  0.798658  0.884610  0.710079  0.847469  0.735894  0.842760  0.813504  0.885068  0.854616  0.824105  0.825229  0.776146  0.881961  0.771684  0.889246  0.859618  0.677433  0.737176  0.837326  0.787141  0.723343  0.797159  0.691745  0.760956  0.815178  0.745336  0.805927  0.837715  0.846730  0.750163  0.693208 
17  0.667602  0.590440  0.329212  0.735663  0.679938  0.707083  0.613547  0.764636  0.592895  0.512427  0.692900  0.342344  0.656024  0.662418  0.736678  0.472757  0.738740 0.0  0.625093  0.855216  0.646308  0.631397  0.759509  0.621822  0.671570  0.692914  0.757058  0.687496  0.329897  0.640977  0.687882  0.346610  0.796334  0.680863  0.744635  0.457165  0.556711  0.746099  0.779769  0.686800  0.462741  0.680429  0.536678  0.532307  0.564279  0.423261  0.750685  0.720030  0.485751  0.415148  0.639821  0.536604  0.601033  0.758870  0.512822  0.649942  0.602936  0.688608  0.559685  0.477121 
18  0.304002  0.502986  0.801570  0.427363  0.543592  0.580495  0.672419  0.440035  0.343665  0.559834  0.527740  0.674504  0.520030  0.109451  0.581468  0.799943  0.797174  0.625093 0.0  0.635618  0.669775  0.466675  0.540791  0.657901  0.783410  0.307665  0.453047  0.606095  0.710206  0.478736  0.613109  0.629631  0.463572  0.449140  0.430887  0.620790  0.436163  0.358061  0.584175  0.636901  0.686984  0.620093  0.698997  0.288390  0.405917  0.681154  0.296316  0.667634  0.518484  0.585811  0.175418  0.843024  0.252352  0.273779  0.753343  0.529325  0.172354  0.421691  0.513787  0.585283 
19  0.528326  0.654262  0.763452  0.553506  0.409385  0.594123  0.679089  0.625188  0.650149  0.723311  0.318147  0.737194  0.509676  0.499293  0.595896  0.726485  0.860329  0.855216  0.635618 0.0  0.725346  0.547825  0.511869  0.666091  0.862033  0.556441  0.660502  0.752445  0.643367  0.640394  0.733117  0.657337  0.567552  0.785500  0.592004  0.597008  0.599531  0.642825  0.161541  0.495415  0.879734  0.594352  0.521755  0.520524  0.622185  0.648120  0.649771  0.535698  0.516455  0.640134  0.673355  0.743741  0.597338  0.582817  0.588236  0.594293  0.614661  0.507585  0.593255  0.686498 
20  0.677650  0.643279  0.536284  0.723702  0.769766  0.683534  0.660657  0.660548  0.727625  0.522506  0.663588  0.598996  0.722474  0.678486  0.761554  0.423755  0.608346  0.646308  0.669775  0.725346 0.0  0.765528  0.729268  0.530987  0.682355  0.689830  0.754358  0.774694  0.558781  0.742656  0.708004  0.525846  0.750647  0.746675  0.707425  0.473166  0.615783  0.636757  0.615178  0.731394  0.382142  0.755584  0.676326  0.628166  0.695572  0.638698  0.692725  0.673294  0.630633  0.619200  0.712192  0.446542  0.746999  0.744703  0.615730  0.699199  0.676150  0.736302  0.594824  0.587556 
21  0.464174  0.606326  0.745681  0.450436  0.398311  0.522698  0.681899  0.450307  0.421909  0.616214  0.560939  0.582770  0.548317  0.413668  0.591366  0.733662  0.818146  0.631397  0.466675  0.547825  0.765528 0.0  0.407613  0.658068  0.846045  0.477559  0.483903  0.668079  0.744511  0.299549  0.678182  0.720773  0.419140  0.570886  0.372620  0.648158  0.250018  0.524704  0.789081  0.564218  0.787840  0.765797  0.594041  0.391195  0.461034  0.638942  0.547021  0.473562  0.662131  0.590481  0.418630  0.675995  0.430717  0.427721  0.782439  0.434978  0.380618  0.267872  0.498608  0.619812 
22  0.473741  0.555552  0.741942  0.374141  0.336566  0.574084  0.567260  0.392061  0.504169  0.555886  0.372401  0.533999  0.369567  0.375714  0.389720  0.714831  0.799960  0.759509  0.540791  0.511869  0.729268  0.407613 0.0  0.603442  0.773257  0.527604  0.701910  0.614145  0.529933  0.391185  0.506072  0.715824  0.531705  0.644749  0.342582  0.644057  0.533395  0.587210  0.464443  0.487316  0.664551  0.658675  0.520587  0.410427  0.595300  0.617335  0.548405  0.345917  0.490012  0.674488  0.497382  0.693297  0.550045  0.559530  0.734319  0.465439  0.525896  0.422914  0.524325  0.630638 
23  0.556181  0.282794  0.590742  0.599236  0.652801  0.422643  0.602787  0.518926  0.706380  0.529612  0.728118  0.270538  0.603685  0.508927  0.520069  0.640281  0.729608  0.621822  0.657901  0.666091  0.530987  0.658068  0.603442 0.0  0.795733  0.557615  0.551117  0.647274  0.577200  0.610286  0.499649  0.527252  0.665006  0.552859  0.570183  0.511914  0.515607  0.609851  0.582792  0.705867  0.456495  0.737401  0.506910  0.727364  0.595959  0.518594  0.652574  0.469553  0.481318  0.432972  0.577866  0.588256  0.567203  0.575416  0.468561  0.429085  0.587355  0.578897  0.294527  0.493573 
24  0.784523  0.684034  0.739591  0.802023  0.727946  0.798093  0.736179  0.751274  0.714839  0.710954  0.827798  0.766417  0.739383  0.773736  0.749650  0.632158  0.378819  0.671570  0.783410  0.862033  0.682355  0.846045  0.773257  0.795733 0.0  0.890509  0.780577  0.805230  0.656675  0.896410  0.820829  0.638585  0.801797  0.782894  0.780795  0.677154  0.779637  1.000000  0.775736  0.725902  0.665210  0.897904  0.858164  0.674579  0.864101  0.752857  0.786091  0.804053  0.631969  0.683770  0.793957  0.688097  0.837366  0.776952  0.777468  0.769621  0.772009  0.752708  0.762265  0.724644 
25  0.120562  0.720090  0.778415  0.340559  0.581730  0.427777  0.635352  0.456102  0.294554  0.725513  0.738435  0.681632  0.542963  0.351556  0.397861  0.708298  0.848237  0.692914  0.307665  0.556441  0.689830  0.477559  0.527604  0.557615  0.890509 0.0  0.358999  0.475521  0.624977  0.474611  0.507523  0.678573  0.354812  0.421955  0.374544  0.620035  0.518590  0.422600  0.636780  0.765012  0.736010  0.785274  0.644945  0.538201  0.438092  0.536428  0.403136  0.658790  0.576041  0.593798  0.267939  0.801916  0.338447  0.221243  0.673949  0.617239  0.345722  0.439567  0.667113  0.753751 
26  0.503867  0.599157  0.691876  0.442758  0.593773  0.651997  0.617207  0.564308  0.549373  0.655667  0.673997  0.678674  0.553528  0.354247  0.507199  0.707045  0.831632  0.757058  0.453047  0.660502  0.754358  0.483903  0.701910  0.551117  0.780577  0.358999 0.0  0.340605  0.788434  0.572769  0.527267  0.646171  0.495476  0.611288  0.615321  0.730831  0.492806  0.252880  0.616188  0.695727  0.683024  0.786563  0.648786  0.626296  0.318449  0.751648  0.368629  0.567589  0.532339  0.700682  0.414337  0.723648  0.615437  0.383955  0.612881  0.648150  0.385088  0.533854  0.509916  0.624225 
27  0.543545  0.694082  0.831502  0.609984  0.741481  0.651449  0.705817  0.550994  0.464259  0.659224  0.655104  0.715519  0.678221  0.465238  0.545059  0.750027  0.760552  0.687496  0.606095  0.752445  0.774694  0.668079  0.614145  0.647274  0.805230  0.475521  0.340605 0.0  0.736093  0.631970  0.611560  0.752706  0.572801  0.563768  0.606682  0.664655  0.722118  0.415893  0.677401  0.713835  0.745060  0.730962  0.704707  0.535204  0.435149  0.705242  0.391808  0.693227  0.752917  0.714334  0.637417  0.768783  0.602912  0.478170  0.690334  0.729848  0.396037  0.629804  0.711611  0.635176 
28  0.683864  0.475193  0.444903  0.616031  0.640537  0.559029  0.654056  0.605145  0.641634  0.347729  0.625896  0.448901  0.651127  0.663680  0.712598  0.573190  0.715487  0.329897  0.710206  0.643367  0.558781  0.744511  0.529933  0.577200  0.656675  0.624977  0.788434  0.736093 0.0  0.769326  0.627256  0.557087  0.709478  0.668952  0.734036  0.146396  0.665075  0.666485  0.638426  0.641901  0.511771  0.770702  0.545135  0.608362  0.621597  0.320051  0.697082  0.679837  0.534674  0.307560  0.724268  0.551557  0.560761  0.667050  0.263766  0.672150  0.707696  0.575924  0.571019  0.496199 
29  0.477831  0.648982  0.677993  0.407241  0.442594  0.568833  0.516670  0.523019  0.267190  0.625621  0.490361  0.610996  0.501748  0.403520  0.445612  0.609220  0.798658  0.640977  0.478736  0.640394  0.742656  0.299549  0.391185  0.610286  0.896410  0.474611  0.572769  0.631970  0.769326 0.0  0.573885  0.612113  0.402219  0.590356  0.186634  0.656328  0.314215  0.516348  0.563770  0.660211  0.679337  0.608192  0.497661  0.321821  0.453066  0.670768  0.523821  0.477950  0.500724  0.549425  0.456610  0.762846  0.558078  0.474502  0.707901  0.534464  0.373557  0.253570  0.615163  0.683707 
30  0.436824  0.414261  0.665911  0.451495  0.641790  0.510563  0.573202  0.512028  0.511925  0.587660  0.503372  0.675709  0.687752  0.583544  0.462593  0.649923  0.884610  0.687882  0.613109  0.733117  0.708004  0.678182  0.506072  0.499649  0.820829  0.507523  0.527267  0.611560  0.627256  0.573885 0.0  0.535405  0.651652  0.330613  0.574677  0.623813  0.578619  0.500704  0.745744  0.728047  0.653996  0.713422  0.566592  0.466387  0.521778  0.528536  0.632623  0.515798  0.658656  0.714065  0.531201  0.640439  0.506466  0.595941  0.568790  0.487935  0.522281  0.640571  0.455549  0.733298 
31  0.681513  0.510263  0.518941  0.682874  0.746425  0.693787  0.506171  0.534966  0.561905  0.537970  0.721257  0.475031  0.735394  0.688538  0.631617  0.436097  0.710079  0.346610  0.629631  0.657337  0.525846  0.720773  0.715824  0.527252  0.638585  0.678573  0.646171  0.752706  0.557087  0.612113  0.535405 0.0  0.731955  0.652754  0.714407  0.513182  0.630823  0.660714  0.765647  0.637539  0.234201  0.709256  0.603931  0.681883  0.724452  0.428959  0.692493  0.699835  0.625241  0.534476  0.655031  0.470472  0.629776  0.699394  0.570724  0.498572  0.651744  0.597653  0.544193  0.594882 
32  0.387771  0.705967  0.769866  0.426621  0.561907  0.577032  0.601836  0.555868  0.465167  0.693648  0.589097  0.668192  0.497751  0.313815  0.494030  0.689042  0.847469  0.796334  0.463572  0.567552  0.750647  0.419140  0.531705  0.665006  0.801797  0.354812  0.495476  0.572801  0.709478  0.402219  0.651652  0.731955 0.0  0.651387  0.364759  0.638902  0.144066  0.506652  0.646821  0.715761  0.705632  0.762432  0.607710  0.433031  0.482468  0.645862  0.492425  0.420445  0.577966  0.705027  0.303673  0.797068  0.553064  0.364448  0.675605  0.542323  0.404108  0.269477  0.680616  0.636900 
33  0.434204  0.520829  0.736859  0.392146  0.597343  0.451894  0.555197  0.350133  0.487265  0.544085  0.600767  0.553276  0.572611  0.558868  0.352742  0.678585  0.735894  0.680863  0.449140  0.785500  0.746675  0.570886  0.644749  0.552859  0.782894  0.421955  0.611288  0.563768  0.668952  0.590356  0.330613  0.652754  0.651387 0.0  0.458929  0.600481  0.502987  0.491902  0.635636  0.752155  0.647249  0.714148  0.581288  0.475639  0.592989  0.513543  0.434193  0.487752  0.464061  0.598804  0.527418  0.643978  0.464731  0.499032  0.621778  0.686201  0.571090  0.472019  0.512087  0.687855 
34  0.359029  0.519307  0.588142  0.365804  0.336333  0.448827  0.556324  0.461659  0.378910  0.552304  0.499596  0.646755  0.514037  0.358252  0.382100  0.568877  0.842760  0.744635  0.430887  0.592004  0.707425  0.372620  0.342582  0.570183  0.780795  0.374544  0.615321  0.606682  0.734036  0.186634  0.574677  0.714407  0.364759  0.458929 0.0  0.565349  0.350175  0.412436  0.585763  0.550780  0.638039  0.660064  0.534052  0.343299  0.488232  0.609368  0.491900  0.507053  0.492229  0.660057  0.529861  0.794114  0.387007  0.473957  0.619539  0.596841  0.407773  0.433268  0.558699  0.710292 
35  0.659450  0.497620  0.467538  0.493808  0.611352  0.542765  0.613657  0.590918  0.685622  0.376721  0.629793  0.360024  0.563206  0.683817  0.599536  0.610458  0.813504  0.457165  0.620790  0.597008  0.473166  0.648158  0.644057  0.511914  0.677154  0.620035  0.730831  0.664655  0.146396  0.656328  0.623813  0.513182  0.638902  0.600481  0.565349 0.0  0.630195  0.638585  0.606713  0.629746  0.578065  0.658346  0.544009  0.691849  0.611015  0.376567  0.802784  0.623863  0.606974  0.187058  0.644001  0.583835  0.633128  0.563549  0.297552  0.548838  0.730832  0.697731  0.557574  0.362398 
36  0.352451  0.676123  0.660217  0.590981  0.550787  0.524106  0.650052  0.564741  0.387688  0.667888  0.560400  0.661299  0.550060  0.301877  0.576961  0.653846  0.885068  0.556711  0.436163  0.599531  0.615783  0.250018  0.533395  0.515607  0.779637  0.518590  0.492806  0.722118  0.665075  0.314215  0.578619  0.630823  0.144066  0.502987  0.350175  0.630195 0.0  0.615987  0.536939  0.618210  0.800247  0.649132  0.562311  0.410376  0.432294  0.702603  0.424299  0.496563  0.565789  0.601610  0.455685  0.793243  0.541303  0.498471  0.667561  0.562967  0.335804  0.070198  0.625099  0.725494 
37  0.377741  0.609230  0.720050  0.538359  0.631438  0.693321  0.585252  0.500157  0.380260  0.601546  0.529489  0.647449  0.519796  0.473900  0.637856  0.729500  0.854616  0.746099  0.358061  0.642825  0.636757  0.524704  0.587210  0.609851  1.000000  0.422600  0.252880  0.415893  0.666485  0.516348  0.500704  0.660714  0.506652  0.491902  0.412436  0.638585  0.615987 0.0  0.701072  0.735326  0.626662  0.730868  0.685080  0.538127  0.193585  0.710364  0.285197  0.595592  0.621488  0.606996  0.378374  0.865073  0.418061  0.404578  0.685289  0.648848  0.473776  0.478426  0.712885  0.695289 
38  0.543469  0.656241  0.851854  0.615789  0.498373  0.567247  0.675866  0.690621  0.631294  0.609658  0.385490  0.708576  0.493618  0.603557  0.655326  0.707840  0.824105  0.779769  0.584175  0.161541  0.615178  0.789081  0.464443  0.582792  0.775736  0.636780  0.616188  0.677401  0.638426  0.563770  0.745744  0.765647  0.646821  0.635636  0.585763  0.606713  0.536939  0.701072 0.0  0.508209  0.777938  0.651254  0.556999  0.571630  0.661735  0.710279  0.675386  0.598409  0.501601  0.721730  0.641199  0.704739  0.602666  0.593787  0.619726  0.557921  0.653038  0.555189  0.662805  0.684107 
39  0.733874  0.589076  0.654580  0.607931  0.638721  0.659080  0.672877  0.554452  0.678685  0.536136  0.404889  0.635879  0.481816  0.643242  0.657318  0.661848  0.825229  0.686800  0.636901  0.495415  0.731394  0.564218  0.487316  0.705867  0.725902  0.765012  0.695727  0.713835  0.641901  0.660211  0.728047  0.637539  0.715761  0.752155  0.550780  0.629746  0.618210  0.735326  0.508209 0.0  0.699303  0.462728  0.506855  0.582278  0.612886  0.673102  0.737285  0.473661  0.539334  0.565701  0.671993  0.659935  0.624363  0.726346  0.606822  0.492968  0.636645  0.665054  0.496434  0.554758 
40  0.635811  0.466433  0.458668  0.556929  0.675426  0.730917  0.599306  0.595475  0.649962  0.562704  0.708887  0.524326  0.709212  0.732285  0.667267  0.461821  0.776146  0.462741  0.686984  0.879734  0.382142  0.787840  0.664551  0.456495  0.665210  0.736010  0.683024  0.745060  0.511771  0.679337  0.653996  0.234201  0.705632  0.647249  0.638039  0.578065  0.800247  0.626662  0.777938  0.699303 0.0  0.772689  0.696897  0.747512  0.704272  0.487077  0.801787  0.774765  0.623742  0.477548  0.745958  0.555239  0.644926  0.636888  0.599930  0.629312  0.657078  0.662782  0.444137  0.512954 
41  0.602088  0.690297  0.655489  0.729009  0.585933  0.720598  0.649851  0.700158  0.769476  0.593631  0.616752  0.681076  0.612570  0.600195  0.744389  0.661098  0.881961  0.680429  0.620093  0.594352  0.755584  0.765797  0.658675  0.737401  0.897904  0.785274  0.786563  0.730962  0.770702  0.608192  0.713422  0.709256  0.762432  0.714148  0.660064  0.658346  0.649132  0.730868  0.651254  0.462728  0.772689 0.0  0.618945  0.804310  0.669288  0.710908  0.617805  0.646086  0.651875  0.635442  0.707641  0.721928  0.656188  0.710309  0.658177  0.618061  0.650857  0.720812  0.722373  0.642282 
42  0.604243  0.461431  0.592238  0.557186  0.583857  0.420794  0.558365  0.509173  0.533517  0.441400  0.435267  0.673705  0.479009  0.560448  0.508687  0.618078  0.771684  0.536678  0.698997  0.521755  0.676326  0.594041  0.520587  0.506910  0.858164  0.644945  0.648786  0.704707  0.545135  0.497661  0.566592  0.603931  0.607710  0.581288  0.534052  0.544009  0.562311  0.685080  0.556999  0.506855  0.696897  0.618945 0.0  0.655807  0.602297  0.671455  0.668372  0.383869  0.355074  0.428424  0.699527  0.632608  0.621608  0.634196  0.544717  0.000000  0.603803  0.514928  0.498250  0.564077 
43  0.366717  0.558429  0.634086  0.155311  0.457733  0.428699  0.547645  0.378310  0.142612  0.632876  0.614797  0.645681  0.503512  0.338691  0.293623  0.671075  0.889246  0.532307  0.288390  0.520524  0.628166  0.391195  0.410427  0.727364  0.674579  0.538201  0.626296  0.535204  0.608362  0.321821  0.466387  0.681883  0.433031  0.475639  0.343299  0.691849  0.410376  0.538127  0.571630  0.582278  0.747512  0.804310  0.655807 0.0  0.448108  0.602267  0.461911  0.519419  0.423187  0.664785  0.434535  0.676442  0.045995  0.350194  0.611503  0.669914  0.447121  0.338773  0.548312  0.680994 
44  0.430766  0.645068  0.670956  0.467244  0.517830  0.589284  0.738747  0.445858  0.431430  0.715392  0.583163  0.752313  0.467173  0.286813  0.540469  0.788031  0.859618  0.564279  0.405917  0.622185  0.695572  0.461034  0.595300  0.595959  0.864101  0.438092  0.318449  0.435149  0.621597  0.453066  0.521778  0.724452  0.482468  0.592989  0.488232  0.611015  0.432294  0.193585  0.661735  0.612886  0.704272  0.669288  0.602297  0.448108 0.0  0.682145  0.292738  0.540889  0.513242  0.700280  0.237395  0.760336  0.333490  0.250168  0.690891  0.611750  0.313130  0.464179  0.655541  0.568250 
45  0.508864  0.416806  0.520936  0.536660  0.609884  0.486523  0.492796  0.623912  0.614631  0.498640  0.651573  0.360239  0.589074  0.603868  0.578268  0.410508  0.677433  0.423261  0.681154  0.648120  0.638698  0.638942  0.617335  0.518594  0.752857  0.536428  0.751648  0.705242  0.320051  0.670768  0.528536  0.428959  0.645862  0.513543  0.609368  0.376567  0.702603  0.710364  0.710279  0.673102  0.487077  0.710908  0.671455  0.602267  0.682145 0.0  0.588890  0.557295  0.675451  0.357600  0.587469  0.522883  0.652894  0.651217  0.475986  0.548732  0.705624  0.637823  0.426261  0.543756 
46  0.288286  0.580293  0.736348  0.440994  0.578930  0.605370  0.686397  0.426902  0.343085  0.637155  0.568199  0.668937  0.541140  0.402219  0.484398  0.796924  0.737176  0.750685  0.296316  0.649771  0.692725  0.547021  0.548405  0.652574  0.786091  0.403136  0.368629  0.391808  0.697082  0.523821  0.632623  0.692493  0.492425  0.434193  0.491900  0.802784  0.424299  0.285197  0.675386  0.737285  0.801787  0.617805  0.668372  0.461911  0.292738  0.588890 0.0  0.630933  0.596751  0.696606  0.219801  0.661896  0.391901  0.260508  0.672641  0.644400  0.322625  0.399806  0.627079  0.681752 
47  0.549730  0.442234  0.650685  0.480904  0.458095  0.408793  0.634025  0.486431  0.453606  0.522924  0.471063  0.538500  0.374899  0.572734  0.499126  0.621112  0.837326  0.720030  0.667634  0.535698  0.673294  0.473562  0.345917  0.469553  0.804053  0.658790  0.567589  0.693227  0.679837  0.477950  0.515798  0.699835  0.420445  0.487752  0.507053  0.623863  0.496563  0.595592  0.598409  0.473661  0.774765  0.646086  0.383869  0.519419  0.540889  0.557295  0.630933 0.0  0.254718  0.595159  0.654196  0.658231  0.477973  0.520924  0.679123  0.421561  0.569846  0.456885  0.506813  0.592846 
48  0.457673  0.517369  0.585029  0.599664  0.500023  0.373270  0.542016  0.537887  0.441560  0.361103  0.594358  0.642693  0.503180  0.590874  0.585995  0.637777  0.787141  0.485751  0.518484  0.516455  0.630633  0.662131  0.490012  0.481318  0.631969  0.576041  0.532339  0.752917  0.534674  0.500724  0.658656  0.625241  0.577966  0.464061  0.492229  0.606974  0.565789  0.621488  0.501601  0.539334  0.623742  0.651875  0.355074  0.423187  0.513242  0.675451  0.596751  0.254718 0.0  0.498726  0.646867  0.717035  0.552290  0.585752  0.580146  0.289077  0.535204  0.601765  0.415838  0.580726 
49  0.806154  0.531788  0.407256  0.584973  0.682066  0.644955  0.585189  0.612591  0.591775  0.390099  0.623328  0.423199  0.780636  0.663235  0.692566  0.663477  0.723343  0.415148  0.585811  0.640134  0.619200  0.590481  0.674488  0.432972  0.683770  0.593798  0.700682  0.714334  0.307560  0.549425  0.714065  0.534476  0.705027  0.598804  0.660057  0.187058  0.601610  0.606996  0.721730  0.565701  0.477548  0.635442  0.428424  0.664785  0.700280  0.357600  0.696606  0.595159  0.498726 0.0  0.642816  0.543132  0.733641  0.632326  0.363046  0.418024  0.666414  0.680324  0.538743  0.425531 
50  0.259296  0.592192  0.761848  0.374037  0.585512  0.590237  0.646932  0.469234  0.375764  0.678321  0.697561  0.729070  0.508724  0.381255  0.468564  0.696869  0.797159  0.639821  0.175418  0.673355  0.712192  0.418630  0.497382  0.577866  0.793957  0.267939  0.414337  0.637417  0.724268  0.456610  0.531201  0.655031  0.303673  0.527418  0.529861  0.644001  0.455685  0.378374  0.641199  0.671993  0.745958  0.707641  0.699527  0.434535  0.237395  0.587469  0.219801  0.654196  0.646867  0.642816 0.0  0.676036  0.378717  0.210394  0.729215  0.661443  0.206829  0.429235  0.607575  0.792150 
51  0.669218  0.677339  0.408431  0.700462  0.773701  0.635759  0.553399  0.735332  0.665221  0.513894  0.740897  0.582681  0.669492  0.695560  0.747835  0.372916  0.691745  0.536604  0.843024  0.743741  0.446542  0.675995  0.693297  0.588256  0.688097  0.801916  0.723648  0.768783  0.551557  0.762846  0.640439  0.470472  0.797068  0.643978  0.794114  0.583835  0.793243  0.865073  0.704739  0.659935  0.555239  0.721928  0.632608  0.676442  0.760336  0.522883  0.661896  0.658231  0.717035  0.543132  0.676036 0.0  0.724195  0.819153  0.521552  0.709211  0.800777  0.745761  0.618639  0.527841 
52  0.305896  0.581641  0.646952  0.155237  0.583611  0.451277  0.504486  0.318538  0.306421  0.624458  0.466317  0.686055  0.508877  0.273080  0.393783  0.658631  0.760956  0.601033  0.252352  0.597338  0.746999  0.430717  0.550045  0.567203  0.837366  0.338447  0.615437  0.602912  0.560761  0.558078  0.506466  0.629776  0.553064  0.464731  0.387007  0.633128  0.541303  0.418061  0.602666  0.624363  0.644926  0.656188  0.621608  0.045995  0.333490  0.652894  0.391901  0.477973  0.552290  0.733641  0.378717  0.724195 0.0  0.367076  0.629820  0.589267  0.466101  0.403283  0.481908  0.700031 
53  0.278262  0.535851  0.709128  0.359634  0.568436  0.562544  0.587622  0.605055  0.360798  0.618831  0.657542  0.688492  0.612966  0.242527  0.538859  0.798553  0.815178  0.758870  0.273779  0.582817  0.744703  0.427721  0.559530  0.575416  0.776952  0.221243  0.383955  0.478170  0.667050  0.474502  0.595941  0.699394  0.364448  0.499032  0.473957  0.563549  0.498471  0.404578  0.593787  0.726346  0.636888  0.710309  0.634196  0.350194  0.250168  0.651217  0.260508  0.520924  0.585752  0.632326  0.210394  0.819153  0.367076 0.0  0.733714  0.575491  0.243244  0.482936  0.641445  0.651556 
54  0.592928  0.535356  0.517745  0.611496  0.604199  0.616069  0.549141  0.552811  0.648688  0.387909  0.677133  0.419703  0.512369  0.773340  0.608103  0.625815  0.745336  0.512822  0.753343  0.588236  0.615730  0.782439  0.734319  0.468561  0.777468  0.673949  0.612881  0.690334  0.263766  0.707901  0.568790  0.570724  0.675605  0.621778  0.619539  0.297552  0.667561  0.685289  0.619726  0.606822  0.599930  0.658177  0.544717  0.611503  0.690891  0.475986  0.672641  0.679123  0.580146  0.363046  0.729215  0.521552  0.629820  0.733714 0.0  0.497718  0.692320  0.786113  0.482322  0.346350 
55  0.596838  0.522891  0.632887  0.530181  0.554060  0.468443  0.704131  0.471576  0.580665  0.552441  0.464957  0.489264  0.417411  0.543347  0.433439  0.664766  0.805927  0.649942  0.529325  0.594293  0.699199  0.434978  0.465439  0.429085  0.769621  0.617239  0.648150  0.729848  0.672150  0.534464  0.487935  0.498572  0.542323  0.686201  0.596841  0.548838  0.562967  0.648848  0.557921  0.492968  0.629312  0.618061  0.000000  0.669914  0.611750  0.548732  0.644400  0.421561  0.289077  0.418024  0.661443  0.709211  0.589267  0.575491  0.497718 0.0  0.584971  0.612293  0.491902  0.624116 
56  0.390078  0.566174  0.767248  0.427246  0.568718  0.664098  0.679912  0.514399  0.397855  0.537851  0.560953  0.639106  0.653886  0.257243  0.498523  0.699680  0.837715  0.602936  0.172354  0.614661  0.676150  0.380618  0.525896  0.587355  0.772009  0.345722  0.385088  0.396037  0.707696  0.373557  0.522281  0.651744  0.404108  0.571090  0.407773  0.730832  0.335804  0.473776  0.653038  0.636645  0.657078  0.650857  0.603803  0.447121  0.313130  0.705624  0.322625  0.569846  0.535204  0.666414  0.206829  0.800777  0.466101  0.243244  0.692320  0.584971 0.0  0.383991  0.673993  0.667443 
57  0.432839  0.686432  0.683344  0.424474  0.466066  0.545185  0.694903  0.491892  0.243920  0.669009  0.537538  0.673814  0.536272  0.406645  0.452327  0.718183  0.846730  0.688608  0.421691  0.507585  0.736302  0.267872  0.422914  0.578897  0.752708  0.439567  0.533854  0.629804  0.575924  0.253570  0.640571  0.597653  0.269477  0.472019  0.433268  0.697731  0.070198  0.478426  0.555189  0.665054  0.662782  0.720812  0.514928  0.338773  0.464179  0.637823  0.399806  0.456885  0.601765  0.680324  0.429235  0.745761  0.403283  0.482936  0.786113  0.612293  0.383991 0.0  0.561788  0.749542 
58  0.619184  0.257542  0.533426  0.469333  0.597974  0.415804  0.534979  0.374671  0.538830  0.525723  0.610701  0.405981  0.547200  0.592710  0.456339  0.679732  0.750163  0.559685  0.513787  0.593255  0.594824  0.498608  0.524325  0.294527  0.762265  0.667113  0.509916  0.711611  0.571019  0.615163  0.455549  0.544193  0.680616  0.512087  0.558699  0.557574  0.625099  0.712885  0.662805  0.496434  0.444137  0.722373  0.498250  0.548312  0.655541  0.426261  0.627079  0.506813  0.415838  0.538743  0.607575  0.618639  0.481908  0.641445  0.482322  0.491902  0.673993  0.561788 0.0  0.568895 
59  0.738573  0.535818  0.556504  0.683781  0.627831  0.579078  0.708017  0.669138  0.594141  0.438472  0.524866  0.495296  0.605982  0.613856  0.643647  0.433580  0.693208  0.477121  0.585283  0.686498  0.587556  0.619812  0.630638  0.493573  0.724644  0.753751  0.624225  0.635176  0.496199  0.683707  0.733298  0.594882  0.636900  0.687855  0.710292  0.362398  0.725494  0.695289  0.684107  0.554758  0.512954  0.642282  0.564077  0.680994  0.568250  0.543756  0.681752  0.592846  0.580726  0.425531  0.792150  0.527841  0.700031  0.651556  0.346350  0.624116  0.667443  0.749542  0.568895 0.0 
