60
0 0.0  0.535656  0.797808  0.403201  0.586920  0.513516  0.756244  0.411415  0.379080  0.647069  0.694405  0.662908  0.614402  0.327525  0.427951  0.708867  0.891771  0.736611  0.235740  0.613225  0.747175  0.411027  0.619457  0.646911  0.836345  0.152909  0.377207  0.422005  0.720017  0.367932  0.522558  0.678241  0.563602  0.457520  0.527522  0.732960  0.375358  0.484034  0.627496  0.784814  0.667587  0.776654  0.595332  0.285306  0.450221  0.654708  0.375308  0.445954  0.615689  0.663018  0.280349  0.859998  0.313568  0.277098  0.668609  0.657271  0.504092  0.436772  0.608630  0.590332 
1  0.535656 0.0  0.580744  0.556386  0.583642  0.547868  0.537795  0.389137  0.500440  0.558456  0.694877  0.454737  0.610533  0.607730  0.529847  0.520445  0.699325  0.610373  0.612539  0.691247  0.536283  0.673237  0.592763  0.291483  0.738397  0.506531  0.718787  0.649237  0.514582  0.752445  0.516922  0.640861  0.665427  0.553136  0.601826  0.518984  0.505913  0.644062  0.729228  0.628978  0.479974  0.783756  0.488899  0.452037  0.676329  0.478654  0.702237  0.544530  0.415710  0.622897  0.519136  0.727146  0.589779  0.570247  0.496452  0.450020  0.701939  0.714380  0.311104  0.597097 
2  0.797808  0.580744 0.0  0.659650  0.764384  0.607961  0.579250  0.749930  0.743157  0.551212  0.811044  0.542714  0.774919  0.707902  0.735829  0.453127  0.675711  0.252730  0.736950  0.766715  0.479764  0.761851  0.751383  0.611995  0.673153  0.694418  0.813976  0.841982  0.575544  0.785916  0.630408  0.447675  0.813493  0.633430  0.729013  0.411275  0.706184  0.687014  0.700983  0.760365  0.462092  0.867769  0.643344  0.626848  0.722880  0.531136  0.687620  0.629128  0.689529  0.513513  0.765330  0.466449  0.861771  0.647789  0.565576  0.661029  0.707673  0.783704  0.666206  0.622037 
3  0.403201  0.556386  0.659650 0.0  0.495547  0.422745  0.629235  0.375197  0.332966  0.694125  0.663836  0.632694  0.504551  0.451289  0.403860  0.823879  0.925561  0.667104  0.447208  0.717385  0.699222  0.377804  0.497370  0.605193  0.864253  0.406573  0.515405  0.630401  0.646921  0.433498  0.448990  0.798546  0.467498  0.433971  0.488224  0.722196  0.612127  0.551938  0.668357  0.750858  0.622988  0.782126  0.547707  0.270902  0.581205  0.675255  0.488084  0.560155  0.580252  0.655060  0.386690  0.742852  0.270687  0.412985  0.658223  0.542244  0.556695  0.454372  0.543219  0.558992 
4  0.586920  0.583642  0.764384  0.495547 0.0  0.601716  0.687329  0.624416  0.575237  0.528562  0.407719  0.679455  0.247835  0.586974  0.496296  0.735568  0.927263  0.789433  0.642775  0.543878  0.849899  0.435973  0.336798  0.571380  0.941807  0.511858  0.544018  0.588681  0.572989  0.407100  0.628878  0.779409  0.414748  0.617614  0.453877  0.658482  0.523588  0.700596  0.557662  0.618709  0.753139  0.714831  0.500412  0.537804  0.675279  0.636564  0.493132  0.375180  0.490142  0.622834  0.698079  0.859884  0.543643  0.573750  0.768442  0.446311  0.459597  0.502983  0.600495  0.616541 
5  0.513516  0.547868  0.607961  0.422745  0.601716 0.0  0.590940  0.418784  0.580691  0.527044  0.583445  0.505615  0.613679  0.461515  0.240825  0.567259  0.829600  0.529681  0.695292  0.669222  0.722965  0.629618  0.476728  0.506936  0.736260  0.511727  0.635606  0.696454  0.579048  0.582509  0.638879  0.572959  0.553785  0.429756  0.541079  0.692850  0.553767  0.546801  0.620765  0.554639  0.654212  0.687449  0.502432  0.403898  0.568287  0.680332  0.641304  0.362317  0.445372  0.635418  0.535949  0.632559  0.483996  0.673373  0.586840  0.534586  0.545816  0.601595  0.453170  0.548823 
6  0.756244  0.537795  0.579250  0.629235  0.687329  0.590940 0.0  0.536254  0.587008  0.686128  0.670226  0.492989  0.754363  0.711504  0.581408  0.632980  0.920185  0.564871  0.619368  0.784898  0.609249  0.727402  0.769083  0.537268  0.727161  0.646386  0.792742  0.641917  0.576659  0.604876  0.491642  0.496560  0.700469  0.624542  0.646969  0.511788  0.714253  0.685017  0.731529  0.697503  0.510958  0.805516  0.703250  0.592567  0.592541  0.512267  0.731097  0.689551  0.646416  0.460582  0.745279  0.667027  0.587662  0.678940  0.657746  0.675421  0.655705  0.644263  0.561158  0.649246 
7  0.411415  0.389137  0.749930  0.375197  0.624416  0.418784  0.536254 0.0  0.600784  0.628193  0.681847  0.497012  0.576932  0.402890  0.320558  0.758589  0.848050  0.662559  0.481389  0.668760  0.727090  0.575063  0.641489  0.456069  0.828939  0.489277  0.600373  0.667061  0.656078  0.482162  0.480676  0.676867  0.582224  0.414231  0.405553  0.588832  0.450720  0.513741  0.630794  0.699776  0.606464  0.808611  0.565738  0.527235  0.584835  0.577253  0.602122  0.428465  0.522675  0.695867  0.594702  0.707344  0.443554  0.525480  0.629316  0.639013  0.590267  0.587597  0.526462  0.695631 
8  0.379080  0.500440  0.743157  0.332966  0.575237  0.580691  0.587008  0.600784 0.0  0.716763  0.602376  0.619230  0.559355  0.195285  0.458340  0.711527  0.723114  0.710313  0.329526  0.639646  0.692629  0.411177  0.355614  0.592326  0.812255  0.374728  0.553427  0.630544  0.760112  0.498078  0.546510  0.669489  0.473480  0.479631  0.379007  0.681599  0.300796  0.470050  0.626704  0.665252  0.653712  0.710027  0.602321  0.325417  0.515411  0.772889  0.465405  0.514481  0.569649  0.701584  0.391490  0.712736  0.226141  0.425705  0.635544  0.494487  0.312541  0.339940  0.550784  0.774390 
9  0.647069  0.558456  0.551212  0.694125  0.528562  0.527044  0.686128  0.628193  0.716763 0.0  0.567600  0.544240  0.529561  0.697616  0.576167  0.607754  0.885472  0.705486  0.755698  0.655954  0.627812  0.622772  0.638717  0.520912  0.788083  0.570452  0.830817  0.731444  0.499374  0.714570  0.657313  0.540147  0.684524  0.647221  0.591809  0.457848  0.628338  0.701163  0.716925  0.510221  0.639144  0.658753  0.405251  0.527797  0.690608  0.475105  0.613123  0.623950  0.605877  0.411358  0.628767  0.579676  0.706306  0.680422  0.435435  0.381438  0.599021  0.667263  0.493258  0.328280 
10  0.694405  0.694877  0.811044  0.663836  0.407719  0.583445  0.670226  0.681847  0.602376  0.567600 0.0  0.647333  0.393642  0.667065  0.670016  0.749175  0.903292  0.796451  0.592793  0.347533  0.809789  0.604026  0.516453  0.678289  0.748059  0.661070  0.639582  0.646534  0.748539  0.503516  0.720670  0.684822  0.560533  0.676539  0.549507  0.680488  0.531800  0.666053  0.415320  0.585589  0.749702  0.549981  0.562513  0.536834  0.670361  0.569778  0.568859  0.556688  0.535280  0.576917  0.648807  0.784266  0.567927  0.586338  0.636622  0.633036  0.631817  0.594241  0.608870  0.635116 
11  0.662908  0.454737  0.542714  0.632694  0.679455  0.505615  0.492989  0.497012  0.619230  0.544240  0.647333 0.0  0.717771  0.724964  0.505459  0.645420  0.777237  0.431631  0.712806  0.782494  0.701558  0.748396  0.647036  0.415303  0.728957  0.726021  0.723968  0.778502  0.527388  0.682863  0.554509  0.520188  0.710724  0.585100  0.690090  0.422885  0.538413  0.547230  0.615651  0.530714  0.423774  0.763378  0.561385  0.654314  0.699204  0.318630  0.680827  0.716921  0.649939  0.327700  0.587055  0.604779  0.533107  0.681569  0.461143  0.540054  0.700445  0.727172  0.383991  0.581908 
12  0.614402  0.610533  0.774919  0.504551  0.247835  0.613679  0.754363  0.576932  0.559355  0.529561  0.393642  0.717771 0.0  0.545472  0.644398  0.761777  0.848615  0.700747  0.549877  0.466101  0.666469  0.617578  0.406951  0.670310  0.817392  0.619317  0.722994  0.722148  0.750490  0.520571  0.721188  0.695442  0.519587  0.802069  0.496067  0.624133  0.590408  0.678756  0.456157  0.505929  0.810012  0.633286  0.520013  0.592413  0.690393  0.573301  0.602173  0.356175  0.446213  0.699537  0.483099  0.596602  0.499024  0.633766  0.595932  0.533279  0.689564  0.500222  0.583010  0.575538 
13  0.327525  0.607730  0.707902  0.451289  0.586974  0.461515  0.711504  0.402890  0.195285  0.697616  0.667065  0.724964  0.545472 0.0  0.411928  0.794073  0.837105  0.657998  0.211852  0.598994  0.791967  0.530652  0.459028  0.694143  0.892259  0.415629  0.353039  0.571663  0.762140  0.427697  0.531965  0.791488  0.359338  0.478234  0.340484  0.700200  0.387814  0.361954  0.646936  0.751210  0.778964  0.654150  0.554653  0.221155  0.393916  0.682417  0.452270  0.530650  0.659077  0.640974  0.280471  0.772810  0.261217  0.426443  0.702573  0.690505  0.238251  0.346834  0.571286  0.784665 
14  0.427951  0.529847  0.735829  0.403860  0.496296  0.240825  0.581408  0.320558  0.458340  0.576167  0.670016  0.505459  0.644398  0.411928 0.0  0.673786  0.866520  0.587830  0.436413  0.662143  0.766935  0.508384  0.484058  0.497210  0.815849  0.530747  0.596886  0.627689  0.602416  0.417394  0.478106  0.701151  0.640151  0.374852  0.414482  0.621682  0.591697  0.565484  0.695306  0.631714  0.656510  0.722936  0.513552  0.417870  0.445946  0.624105  0.490227  0.523970  0.445938  0.622865  0.462675  0.772296  0.374038  0.610915  0.689190  0.506614  0.585588  0.546290  0.523092  0.631348 
15  0.708867  0.520445  0.453127  0.823879  0.735568  0.567259  0.632980  0.758589  0.711527  0.607754  0.749175  0.645420  0.761777  0.794073  0.673786 0.0  0.724790  0.418071  0.834994  0.840954  0.531132  0.748801  0.749185  0.683665  0.634360  0.737380  0.826990  0.752940  0.544173  0.669003  0.785726  0.603502  0.724239  0.748074  0.824391  0.571765  0.672297  0.778488  0.725890  0.758029  0.531494  0.666686  0.788121  0.748243  0.805293  0.499341  0.787427  0.697559  0.708566  0.682399  0.830447  0.272516  0.722408  0.850718  0.613781  0.658380  0.761178  0.695431  0.570372  0.657350 
16  0.891771  0.699325  0.675711  0.925561  0.927263  0.829600  0.920185  0.848050  0.723114  0.885472  0.903292  0.777237  0.848615  0.837105  0.866520  0.724790 0.0  0.610039  0.938976  0.945572  0.662869  1.000000  0.860147  0.889013  0.497179  0.873664  0.872939  0.868738  0.667420  0.842169  0.880602  0.793737  0.846387  0.825448  0.864522  0.767979  0.853944  0.962105  0.856473  0.784487  0.703971  0.830969  0.793158  0.859007  0.928400  0.803508  0.830368  0.903008  0.801537  0.778969  0.902996  0.813699  0.804600  0.956088  0.806916  0.930913  0.871822  0.833135  0.846070  0.790340 
17  0.736611  0.610373  0.252730  0.667104  0.789433  0.529681  0.564871  0.662559  0.710313  0.705486  0.796451  0.431631  0.700747  0.657998  0.587830  0.418071  0.610039 0.0  0.695739  0.747892  0.498094  0.810282  0.805743  0.500995  0.663041  0.776358  0.687517  0.886925  0.451475  0.665508  0.611148  0.517755  0.731754  0.691104  0.809036  0.448328  0.715403  0.790012  0.777642  0.640110  0.476011  0.761128  0.640513  0.674356  0.725482  0.368034  0.801004  0.654120  0.744504  0.460815  0.663510  0.480307  0.767323  0.735883  0.415054  0.626143  0.675937  0.641758  0.712025  0.416041 
18  0.235740  0.612539  0.736950  0.447208  0.642775  0.695292  0.619368  0.481389  0.329526  0.755698  0.592793  0.712806  0.549877  0.211852  0.436413  0.834994  0.938976  0.695739 0.0  0.601564  0.764170  0.582953  0.547082  0.601985  0.906351  0.327529  0.378214  0.543531  0.750664  0.502166  0.657873  0.775961  0.467815  0.576383  0.445515  0.662108  0.444266  0.401377  0.637639  0.642765  0.559692  0.791575  0.697037  0.393659  0.285101  0.628097  0.230245  0.616822  0.580823  0.754083  0.172433  0.670810  0.349298  0.320313  0.708895  0.752085  0.358841  0.399670  0.614680  0.634252 
19  0.613225  0.691247  0.766715  0.717385  0.543878  0.669222  0.784898  0.668760  0.639646  0.655954  0.347533  0.782494  0.466101  0.598994  0.662143  0.840954  0.945572  0.747892  0.601564 0.0  0.672089  0.485831  0.569697  0.703683  0.807809  0.664885  0.822604  0.725467  0.647069  0.598317  0.801580  0.635109  0.608229  0.707307  0.630171  0.720306  0.604739  0.747161  0.247421  0.530439  0.743073  0.638223  0.572254  0.553291  0.699307  0.721538  0.610341  0.511527  0.570587  0.572806  0.701772  0.752171  0.605935  0.622216  0.601416  0.582024  0.616257  0.649205  0.578778  0.524568 
20  0.747175  0.536283  0.479764  0.699222  0.849899  0.722965  0.609249  0.727090  0.692629  0.627812  0.809789  0.701558  0.666469  0.791967  0.766935  0.531132  0.662869  0.498094  0.764170  0.672089 0.0  0.833075  0.770179  0.618009  0.715618  0.723713  0.731492  0.807141  0.651031  0.754528  0.695704  0.492560  0.827029  0.796877  0.662184  0.669810  0.887204  0.810973  0.815951  0.702829  0.550261  0.714834  0.693181  0.733859  0.740483  0.457562  0.846180  0.788295  0.811626  0.634449  0.743276  0.560287  0.795037  0.776004  0.695128  0.706445  0.746909  0.749996  0.596739  0.635571 
21  0.411027  0.673237  0.761851  0.377804  0.435973  0.629618  0.727402  0.575063  0.411177  0.622772  0.604026  0.748396  0.617578  0.530652  0.508384  0.748801  1.000000  0.810282  0.582953  0.485831  0.833075 0.0  0.336157  0.681954  0.826486  0.511205  0.501241  0.587902  0.803538  0.111831  0.606210  0.824106  0.276778  0.529720  0.281540  0.750668  0.305239  0.501000  0.697938  0.688436  0.668779  0.728209  0.549520  0.499542  0.529093  0.612695  0.558402  0.511848  0.559792  0.622161  0.391218  0.674046  0.451342  0.404968  0.704783  0.616927  0.438690  0.261987  0.627405  0.653341 
22  0.619457  0.592763  0.751383  0.497370  0.336798  0.476728  0.769083  0.641489  0.355614  0.638717  0.516453  0.647036  0.406951  0.459028  0.484058  0.749185  0.860147  0.805743  0.547082  0.569697  0.770179  0.336157 0.0  0.626862  0.862606  0.536729  0.607610  0.706394  0.721291  0.465704  0.617178  0.718097  0.569386  0.461070  0.344310  0.714899  0.523200  0.473681  0.596753  0.660858  0.699852  0.728286  0.525925  0.513175  0.624137  0.708597  0.546443  0.377120  0.503980  0.615857  0.628089  0.709789  0.421149  0.530245  0.676421  0.513348  0.504289  0.422673  0.608702  0.640112 
23  0.646911  0.291483  0.611995  0.605193  0.571380  0.506936  0.537268  0.456069  0.592326  0.520912  0.678289  0.415303  0.670310  0.694143  0.497210  0.683665  0.889013  0.500995  0.601985  0.703683  0.618009  0.681954  0.626862 0.0  0.628693  0.747592  0.681369  0.659343  0.512265  0.619285  0.530228  0.552220  0.640546  0.635674  0.563775  0.534835  0.714802  0.685472  0.677245  0.595985  0.500661  0.662542  0.472911  0.624613  0.782644  0.361405  0.690077  0.576835  0.527160  0.528197  0.734653  0.489670  0.695886  0.675757  0.570089  0.479493  0.640847  0.628315  0.169020  0.558082 
24  0.836345  0.738397  0.673153  0.864253  0.941807  0.736260  0.727161  0.828939  0.812255  0.788083  0.748059  0.728957  0.817392  0.892259  0.815849  0.634360  0.497179  0.663041  0.906351  0.807809  0.715618  0.826486  0.862606  0.628693 0.0  0.809947  0.872364  0.921288  0.847737  0.786439  0.824919  0.691081  0.805126  0.813521  0.779081  0.702968  0.840771  0.869341  0.883700  0.787416  0.707921  0.839887  0.805629  0.778241  0.938701  0.739320  0.888006  0.895900  0.830720  0.797846  0.753508  0.713665  0.851792  0.871047  0.753816  0.841021  0.808998  0.884704  0.826848  0.712182 
25  0.152909  0.506531  0.694418  0.406573  0.511858  0.511727  0.646386  0.489277  0.374728  0.570452  0.661070  0.726021  0.619317  0.415629  0.530747  0.737380  0.873664  0.776358  0.327529  0.664885  0.723713  0.511205  0.536729  0.747592  0.809947 0.0  0.460774  0.598934  0.693489  0.524217  0.534847  0.842954  0.373204  0.378089  0.455257  0.669967  0.450345  0.404594  0.675725  0.644844  0.696269  0.817171  0.694898  0.422827  0.464887  0.726879  0.280604  0.505101  0.667901  0.735842  0.343815  0.664574  0.424319  0.284719  0.679132  0.573774  0.371405  0.497736  0.581216  0.744138 
26  0.377207  0.718787  0.813976  0.515405  0.544018  0.635606  0.792742  0.600373  0.553427  0.830817  0.639582  0.723968  0.722994  0.353039  0.596886  0.826990  0.872939  0.687517  0.378214  0.822604  0.731492  0.501241  0.607610  0.681369  0.872364  0.460774 0.0  0.530982  0.658766  0.674929  0.533362  0.825200  0.627516  0.530076  0.459056  0.743088  0.557880  0.214900  0.654847  0.659661  0.795388  0.794795  0.695391  0.656338  0.320885  0.576893  0.335881  0.620660  0.682631  0.655864  0.499925  0.767883  0.545437  0.488095  0.715495  0.671334  0.368807  0.516343  0.632443  0.700777 
27  0.422005  0.649237  0.841982  0.630401  0.588681  0.696454  0.641917  0.667061  0.630544  0.731444  0.646534  0.778502  0.722148  0.571663  0.627689  0.752940  0.868738  0.886925  0.543531  0.725467  0.807141  0.587902  0.706394  0.659343  0.921288  0.598934  0.530982 0.0  0.722640  0.678620  0.559720  0.866684  0.572328  0.740746  0.787570  0.745464  0.647201  0.491896  0.727884  0.758750  0.728975  0.788453  0.598224  0.537109  0.478530  0.718279  0.430072  0.622118  0.693718  0.891372  0.553896  0.876182  0.651565  0.399255  0.809945  0.686961  0.471515  0.602154  0.659600  0.714644 
28  0.720017  0.514582  0.575544  0.646921  0.572989  0.579048  0.576659  0.656078  0.760112  0.499374  0.748539  0.527388  0.750490  0.762140  0.602416  0.544173  0.667420  0.451475  0.750664  0.647069  0.651031  0.803538  0.721291  0.512265  0.847737  0.693489  0.658766  0.722640 0.0  0.596794  0.705607  0.622527  0.697438  0.715317  0.670935  0.317460  0.759912  0.821105  0.797158  0.632139  0.597360  0.635101  0.682269  0.770049  0.716631  0.444214  0.771147  0.618137  0.648604  0.326980  0.576070  0.558470  0.625604  0.777447  0.300469  0.619965  0.814919  0.671092  0.482475  0.475408 
29  0.367932  0.752445  0.785916  0.433498  0.407100  0.582509  0.604876  0.482162  0.498078  0.714570  0.503516  0.682863  0.520571  0.427697  0.417394  0.669003  0.842169  0.665508  0.502166  0.598317  0.754528  0.111831  0.465704  0.619285  0.786439  0.524217  0.674929  0.678620  0.596794 0.0  0.620649  0.706256  0.469968  0.504716  0.309834  0.574609  0.346329  0.552980  0.514233  0.615267  0.783503  0.678933  0.635474  0.404276  0.511397  0.655328  0.434284  0.415498  0.599104  0.686849  0.322142  0.717957  0.460145  0.454811  0.637674  0.638134  0.457307  0.269393  0.534943  0.747265 
30  0.522558  0.516922  0.630408  0.448990  0.628878  0.638879  0.491642  0.480676  0.546510  0.657313  0.720670  0.554509  0.721188  0.531965  0.478106  0.785726  0.880602  0.611148  0.657873  0.801580  0.695704  0.606210  0.617178  0.530228  0.824919  0.534847  0.533362  0.559720  0.705607  0.620649 0.0  0.622832  0.611028  0.500820  0.551751  0.652195  0.716025  0.610547  0.709871  0.793564  0.672123  0.705818  0.599782  0.579300  0.553698  0.670295  0.567398  0.596018  0.664945  0.522199  0.540818  0.718152  0.454817  0.559150  0.633444  0.707255  0.467648  0.691195  0.425489  0.642351 
31  0.678241  0.640861  0.447675  0.798546  0.779409  0.572959  0.496560  0.676867  0.669489  0.540147  0.684822  0.520188  0.695442  0.791488  0.701151  0.603502  0.793737  0.517755  0.775961  0.635109  0.492560  0.824106  0.718097  0.552220  0.691081  0.842954  0.825200  0.866684  0.622527  0.706256  0.622832 0.0  0.743290  0.652612  0.767306  0.627056  0.787265  0.707601  0.749357  0.659343  0.367878  0.681129  0.700743  0.636042  0.798375  0.465965  0.624695  0.685161  0.643990  0.475251  0.757657  0.572775  0.745423  0.726641  0.651903  0.651360  0.799178  0.737596  0.639064  0.552338 
32  0.563602  0.665427  0.813493  0.467498  0.414748  0.553785  0.700469  0.582224  0.473480  0.684524  0.560533  0.710724  0.519587  0.359338  0.640151  0.724239  0.846387  0.731754  0.467815  0.608229  0.827029  0.276778  0.569386  0.640546  0.805126  0.373204  0.627516  0.572328  0.697438  0.469968  0.611028  0.743290 0.0  0.608887  0.435940  0.749522  0.208748  0.631847  0.755442  0.630747  0.727216  0.701878  0.562163  0.399695  0.372767  0.746040  0.489333  0.507736  0.675592  0.759378  0.339393  0.876776  0.503967  0.597020  0.726666  0.680402  0.392809  0.445051  0.646012  0.743643 
33  0.457520  0.553136  0.633430  0.433971  0.617614  0.429756  0.624542  0.414231  0.479631  0.647221  0.676539  0.585100  0.802069  0.478234  0.374852  0.748074  0.825448  0.691104  0.576383  0.707307  0.796877  0.529720  0.461070  0.635674  0.813521  0.378089  0.530076  0.740746  0.715317  0.504716  0.500820  0.652612  0.608887 0.0  0.461124  0.487014  0.574611  0.613419  0.682956  0.744070  0.678580  0.632892  0.592762  0.515410  0.606546  0.576700  0.638108  0.537340  0.602617  0.625735  0.522470  0.708835  0.393674  0.599953  0.674993  0.598664  0.503513  0.544880  0.488629  0.643324 
34  0.527522  0.601826  0.729013  0.488224  0.453877  0.541079  0.646969  0.405553  0.379007  0.591809  0.549507  0.690090  0.496067  0.340484  0.414482  0.824391  0.864522  0.809036  0.445515  0.630171  0.662184  0.281540  0.344310  0.563775  0.779081  0.455257  0.459056  0.787570  0.670935  0.309834  0.551751  0.767306  0.435940  0.461124 0.0  0.731433  0.399891  0.595714  0.561738  0.668318  0.825843  0.662897  0.456792  0.238906  0.457782  0.735423  0.605119  0.438578  0.517455  0.744320  0.549871  0.825538  0.287374  0.553415  0.648455  0.579987  0.455981  0.369820  0.569599  0.675005 
35  0.732960  0.518984  0.411275  0.722196  0.658482  0.692850  0.511788  0.588832  0.681599  0.457848  0.680488  0.422885  0.624133  0.700200  0.621682  0.571765  0.767979  0.448328  0.662108  0.720306  0.669810  0.750668  0.714899  0.534835  0.702968  0.669967  0.743088  0.745464  0.317460  0.574609  0.652195  0.627056  0.749522  0.487014  0.731433 0.0  0.676940  0.679590  0.736227  0.594436  0.475196  0.724516  0.644780  0.677313  0.701548  0.492282  0.795461  0.661947  0.653718  0.202886  0.652914  0.503360  0.630914  0.687336  0.271971  0.493024  0.761622  0.725224  0.538398  0.446487 
36  0.375358  0.505913  0.706184  0.612127  0.523588  0.553767  0.714253  0.450720  0.300796  0.628338  0.531800  0.538413  0.590408  0.387814  0.591697  0.672297  0.853944  0.715403  0.444266  0.604739  0.887204  0.305239  0.523200  0.714802  0.840771  0.450345  0.557880  0.647201  0.759912  0.346329  0.716025  0.787265  0.208748  0.574611  0.399891  0.676940 0.0  0.425747  0.643663  0.752874  0.802144  0.677707  0.600126  0.449361  0.477399  0.719986  0.485794  0.501004  0.637358  0.728929  0.326803  0.802983  0.512427  0.546016  0.671745  0.675986  0.413994  0.181877  0.665456  0.733244 
37  0.484034  0.644062  0.687014  0.551938  0.700596  0.546801  0.685017  0.513741  0.470050  0.701163  0.666053  0.547230  0.678756  0.361954  0.565484  0.778488  0.962105  0.790012  0.401377  0.747161  0.810973  0.501000  0.473681  0.685472  0.869341  0.404594  0.214900  0.491896  0.821105  0.552980  0.610547  0.707601  0.631847  0.613419  0.595714  0.679590  0.425747 0.0  0.643253  0.753494  0.774792  0.762863  0.645728  0.484184  0.176804  0.753911  0.325399  0.632718  0.734213  0.775892  0.387240  0.685002  0.458144  0.306116  0.753939  0.754775  0.514434  0.559884  0.678351  0.726696 
38  0.627496  0.729228  0.700983  0.668357  0.557662  0.620765  0.731529  0.630794  0.626704  0.716925  0.415320  0.615651  0.456157  0.646936  0.695306  0.725890  0.856473  0.777642  0.637639  0.247421  0.815951  0.697938  0.596753  0.677245  0.883700  0.675725  0.654847  0.727884  0.797158  0.514233  0.709871  0.749357  0.755442  0.682956  0.561738  0.736227  0.643663  0.643253 0.0  0.548037  0.744942  0.533076  0.625902  0.678877  0.644332  0.764844  0.649686  0.544477  0.519294  0.692408  0.633822  0.714267  0.700231  0.701268  0.762121  0.580583  0.600691  0.654575  0.634192  0.697705 
39  0.784814  0.628978  0.760365  0.750858  0.618709  0.554639  0.697503  0.699776  0.665252  0.510221  0.585589  0.530714  0.505929  0.751210  0.631714  0.758029  0.784487  0.640110  0.642765  0.530439  0.702829  0.688436  0.660858  0.595985  0.787416  0.644844  0.659661  0.758750  0.632139  0.615267  0.793564  0.659343  0.630747  0.744070  0.668318  0.594436  0.752874  0.753494  0.548037 0.0  0.701666  0.464602  0.481057  0.645900  0.629202  0.681150  0.684536  0.514804  0.686771  0.599582  0.689996  0.695819  0.566781  0.678148  0.661182  0.510161  0.660399  0.779774  0.656195  0.489823 
40  0.667587  0.479974  0.462092  0.622988  0.753139  0.654212  0.510958  0.606464  0.653712  0.639144  0.749702  0.423774  0.810012  0.778964  0.656510  0.531494  0.703971  0.476011  0.559692  0.743073  0.550261  0.668779  0.699852  0.500661  0.707921  0.696269  0.795388  0.728975  0.597360  0.783503  0.672123  0.367878  0.727216  0.678580  0.825843  0.475196  0.802144  0.774792  0.744942  0.701666 0.0  0.738914  0.702390  0.748107  0.749400  0.591347  0.692093  0.694077  0.693762  0.562408  0.816319  0.596870  0.698359  0.789738  0.649359  0.658482  0.691346  0.738230  0.611351  0.643217 
41  0.776654  0.783756  0.867769  0.782126  0.714831  0.687449  0.805516  0.808611  0.710027  0.658753  0.549981  0.763378  0.633286  0.654150  0.722936  0.666686  0.830969  0.761128  0.791575  0.638223  0.714834  0.728209  0.728286  0.662542  0.839887  0.817171  0.794795  0.788453  0.635101  0.678933  0.705818  0.681129  0.701878  0.632892  0.662897  0.724516  0.677707  0.762863  0.533076  0.464602  0.738914 0.0  0.566092  0.650554  0.684026  0.601166  0.747553  0.665315  0.687230  0.657839  0.881326  0.696563  0.725579  0.770861  0.701462  0.653713  0.762134  0.805282  0.706854  0.700941 
42  0.595332  0.488899  0.643344  0.547707  0.500412  0.502432  0.703250  0.565738  0.602321  0.405251  0.562513  0.561385  0.520013  0.554653  0.513552  0.788121  0.793158  0.640513  0.697037  0.572254  0.693181  0.549520  0.525925  0.472911  0.805629  0.694898  0.695391  0.598224  0.682269  0.635474  0.599782  0.700743  0.562163  0.592762  0.456792  0.644780  0.600126  0.645728  0.625902  0.481057  0.702390  0.566092 0.0  0.607693  0.719769  0.585268  0.674891  0.454176  0.275621  0.557724  0.702065  0.703546  0.583681  0.632388  0.638732  0.018516  0.597379  0.585782  0.439119  0.491080 
43  0.285306  0.452037  0.626848  0.270902  0.537804  0.403898  0.592567  0.527235  0.325417  0.527797  0.536834  0.654314  0.592413  0.221155  0.417870  0.748243  0.859007  0.674356  0.393659  0.553291  0.733859  0.499542  0.513175  0.624613  0.778241  0.422827  0.656338  0.537109  0.770049  0.404276  0.579300  0.636042  0.399695  0.515410  0.238906  0.677313  0.449361  0.484184  0.678877  0.645900  0.748107  0.650554  0.607693 0.0  0.419266  0.728571  0.491267  0.565035  0.559309  0.774478  0.463699  0.721916  0.086613  0.431454  0.640513  0.573619  0.396859  0.363387  0.645321  0.698955 
44  0.450221  0.676329  0.722880  0.581205  0.675279  0.568287  0.592541  0.584835  0.515411  0.690608  0.670361  0.699204  0.690393  0.393916  0.445946  0.805293  0.928400  0.725482  0.285101  0.699307  0.740483  0.529093  0.624137  0.782644  0.938701  0.464887  0.320885  0.478530  0.716631  0.511397  0.553698  0.798375  0.372767  0.606546  0.457782  0.701548  0.477399  0.176804  0.644332  0.629202  0.749400  0.684026  0.719769  0.419266 0.0  0.683166  0.244376  0.658309  0.586092  0.606851  0.274976  0.821470  0.395706  0.335931  0.822633  0.712956  0.171245  0.441367  0.660835  0.591663 
45  0.654708  0.478654  0.531136  0.675255  0.636564  0.680332  0.512267  0.577253  0.772889  0.475105  0.569778  0.318630  0.573301  0.682417  0.624105  0.499341  0.803508  0.368034  0.628097  0.721538  0.457562  0.612695  0.708597  0.361405  0.739320  0.726879  0.576893  0.718279  0.444214  0.655328  0.670295  0.465965  0.746040  0.576700  0.735423  0.492282  0.719986  0.753911  0.764844  0.681150  0.591347  0.601166  0.585268  0.728571  0.683166 0.0  0.783549  0.622082  0.649896  0.370233  0.659070  0.579730  0.600943  0.737149  0.475094  0.683404  0.794751  0.718387  0.510164  0.513068 
46  0.375308  0.702237  0.687620  0.488084  0.493132  0.641304  0.731097  0.602122  0.465405  0.613123  0.568859  0.680827  0.602173  0.452270  0.490227  0.787427  0.830368  0.801004  0.230245  0.610341  0.846180  0.558402  0.546443  0.690077  0.888006  0.280604  0.335881  0.430072  0.771147  0.434284  0.567398  0.624695  0.489333  0.638108  0.605119  0.795461  0.485794  0.325399  0.649686  0.684536  0.692093  0.747553  0.674891  0.491267  0.244376  0.783549 0.0  0.574280  0.584465  0.674473  0.186881  0.662960  0.448125  0.221647  0.798289  0.752208  0.363055  0.503190  0.644754  0.681766 
47  0.445954  0.544530  0.629128  0.560155  0.375180  0.362317  0.689551  0.428465  0.514481  0.623950  0.556688  0.716921  0.356175  0.530650  0.523970  0.697559  0.903008  0.654120  0.616822  0.511527  0.788295  0.511848  0.377120  0.576835  0.895900  0.505101  0.620660  0.622118  0.618137  0.415498  0.596018  0.685161  0.507736  0.537340  0.438578  0.661947  0.501004  0.632718  0.544477  0.514804  0.694077  0.665315  0.454176  0.565035  0.658309  0.622082  0.574280 0.0  0.348585  0.633716  0.513798  0.511870  0.501802  0.465435  0.653635  0.551942  0.560629  0.550870  0.507630  0.688234 
48  0.615689  0.415710  0.689529  0.580252  0.490142  0.445372  0.646416  0.522675  0.569649  0.605877  0.535280  0.649939  0.446213  0.659077  0.445938  0.708566  0.801537  0.744504  0.580823  0.570587  0.811626  0.559792  0.503980  0.527160  0.830720  0.667901  0.682631  0.693718  0.648604  0.599104  0.664945  0.643990  0.675592  0.602617  0.517455  0.653718  0.637358  0.734213  0.519294  0.686771  0.693762  0.687230  0.275621  0.559309  0.586092  0.649896  0.584465  0.348585 0.0  0.641779  0.642178  0.750239  0.639508  0.685858  0.646102  0.347548  0.626353  0.629820  0.481164  0.528539 
49  0.663018  0.622897  0.513513  0.655060  0.622834  0.635418  0.460582  0.695867  0.701584  0.411358  0.576917  0.327700  0.699537  0.640974  0.622865  0.682399  0.778969  0.460815  0.754083  0.572806  0.634449  0.622161  0.615857  0.528197  0.797846  0.735842  0.655864  0.891372  0.326980  0.686849  0.522199  0.475251  0.759378  0.625735  0.744320  0.202886  0.728929  0.775892  0.692408  0.599582  0.562408  0.657839  0.557724  0.774478  0.606851  0.370233  0.674473  0.633716  0.641779 0.0  0.720205  0.597296  0.757935  0.634640  0.331445  0.648094  0.639398  0.738418  0.477080  0.436383 
50  0.280349  0.519136  0.765330  0.386690  0.698079  0.535949  0.745279  0.594702  0.391490  0.628767  0.648807  0.587055  0.483099  0.280471  0.462675  0.830447  0.902996  0.663510  0.172433  0.701772  0.743276  0.391218  0.628089  0.734653  0.753508  0.343815  0.499925  0.553896  0.576070  0.322142  0.540818  0.757657  0.339393  0.522470  0.549871  0.652914  0.326803  0.387240  0.633822  0.689996  0.816319  0.881326  0.702065  0.463699  0.274976  0.659070  0.186881  0.513798  0.642178  0.720205 0.0  0.689686  0.330647  0.282739  0.721444  0.517779  0.196647  0.486067  0.704299  0.799802 
51  0.859998  0.727146  0.466449  0.742852  0.859884  0.632559  0.667027  0.707344  0.712736  0.579676  0.784266  0.604779  0.596602  0.772810  0.772296  0.272516  0.813699  0.480307  0.670810  0.752171  0.560287  0.674046  0.709789  0.489670  0.713665  0.664574  0.767883  0.876182  0.558470  0.717957  0.718152  0.572775  0.876776  0.708835  0.825538  0.503360  0.802983  0.685002  0.714267  0.695819  0.596870  0.696563  0.703546  0.721916  0.821470  0.579730  0.662960  0.511870  0.750239  0.597296  0.689686 0.0  0.726375  0.752656  0.550532  0.818300  0.762900  0.665357  0.649069  0.551251 
52  0.313568  0.589779  0.861771  0.270687  0.543643  0.483996  0.587662  0.443554  0.226141  0.706306  0.567927  0.533107  0.499024  0.261217  0.374038  0.722408  0.804600  0.767323  0.349298  0.605935  0.795037  0.451342  0.421149  0.695886  0.851792  0.424319  0.545437  0.651565  0.625604  0.460145  0.454817  0.745423  0.503967  0.393674  0.287374  0.630914  0.512427  0.458144  0.700231  0.566781  0.698359  0.725579  0.583681  0.086613  0.395706  0.600943  0.448125  0.501802  0.639508  0.757935  0.330647  0.726375 0.0  0.349462  0.753883  0.608672  0.352290  0.405276  0.538306  0.720307 
53  0.277098  0.570247  0.647789  0.412985  0.573750  0.673373  0.678940  0.525480  0.425705  0.680422  0.586338  0.681569  0.633766  0.426443  0.610915  0.850718  0.956088  0.735883  0.320313  0.622216  0.776004  0.404968  0.530245  0.675757  0.871047  0.284719  0.488095  0.399255  0.777447  0.454811  0.559150  0.726641  0.597020  0.599953  0.553415  0.687336  0.546016  0.306116  0.701268  0.678148  0.789738  0.770861  0.632388  0.431454  0.335931  0.737149  0.221647  0.465435  0.685858  0.634640  0.282739  0.752656  0.349462 0.0  0.660709  0.669104  0.356530  0.502057  0.576545  0.666131 
54  0.668609  0.496452  0.565576  0.658223  0.768442  0.586840  0.657746  0.629316  0.635544  0.435435  0.636622  0.461143  0.595932  0.702573  0.689190  0.613781  0.806916  0.415054  0.708895  0.601416  0.695128  0.704783  0.676421  0.570089  0.753816  0.679132  0.715495  0.809945  0.300469  0.637674  0.633444  0.651903  0.726666  0.674993  0.648455  0.271971  0.671745  0.753939  0.762121  0.661182  0.649359  0.701462  0.638732  0.640513  0.822633  0.475094  0.798289  0.653635  0.646102  0.331445  0.721444  0.550532  0.753883  0.660709 0.0  0.493036  0.760796  0.595459  0.534248  0.382925 
55  0.657271  0.450020  0.661029  0.542244  0.446311  0.534586  0.675421  0.639013  0.494487  0.381438  0.633036  0.540054  0.533279  0.690505  0.506614  0.658380  0.930913  0.626143  0.752085  0.582024  0.706445  0.616927  0.513348  0.479493  0.841021  0.573774  0.671334  0.686961  0.619965  0.638134  0.707255  0.651360  0.680402  0.598664  0.579987  0.493024  0.675986  0.754775  0.580583  0.510161  0.658482  0.653713  0.018516  0.573619  0.712956  0.683404  0.752208  0.551942  0.347548  0.648094  0.517779  0.818300  0.608672  0.669104  0.493036 0.0  0.658409  0.601518  0.498578  0.608439 
56  0.504092  0.701939  0.707673  0.556695  0.459597  0.545816  0.655705  0.590267  0.312541  0.599021  0.631817  0.700445  0.689564  0.238251  0.585588  0.761178  0.871822  0.675937  0.358841  0.616257  0.746909  0.438690  0.504289  0.640847  0.808998  0.371405  0.368807  0.471515  0.814919  0.457307  0.467648  0.799178  0.392809  0.503513  0.455981  0.761622  0.413994  0.514434  0.600691  0.660399  0.691346  0.762134  0.597379  0.396859  0.171245  0.794751  0.363055  0.560629  0.626353  0.639398  0.196647  0.762900  0.352290  0.356530  0.760796  0.658409 0.0  0.396901  0.538543  0.845587 
57  0.436772  0.714380  0.783704  0.454372  0.502983  0.601595  0.644263  0.587597  0.339940  0.667263  0.594241  0.727172  0.500222  0.346834  0.546290  0.695431  0.833135  0.641758  0.399670  0.649205  0.749996  0.261987  0.422673  0.628315  0.884704  0.497736  0.516343  0.602154  0.671092  0.269393  0.691195  0.737596  0.445051  0.544880  0.369820  0.725224  0.181877  0.559884  0.654575  0.779774  0.738230  0.805282  0.585782  0.363387  0.441367  0.718387  0.503190  0.550870  0.629820  0.738418  0.486067  0.665357  0.405276  0.502057  0.595459  0.601518  0.396901 0.0  0.600826  0.760697 
58  0.608630  0.311104  0.666206  0.543219  0.600495  0.453170  0.561158  0.526462  0.550784  0.493258  0.608870  0.383991  0.583010  0.571286  0.523092  0.570372  0.846070  0.712025  0.614680  0.578778  0.596739  0.627405  0.608702  0.169020  0.826848  0.581216  0.632443  0.659600  0.482475  0.534943  0.425489  0.639064  0.646012  0.488629  0.569599  0.538398  0.665456  0.678351  0.634192  0.656195  0.611351  0.706854  0.439119  0.645321  0.660835  0.510164  0.644754  0.507630  0.481164  0.477080  0.704299  0.649069  0.538306  0.576545  0.534248  0.498578  0.538543  0.600826 0.0  0.539695 
59  0.590332  0.597097  0.622037  0.558992  0.616541  0.548823  0.649246  0.695631  0.774390  0.328280  0.635116  0.581908  0.575538  0.784665  0.631348  0.657350  0.790340  0.416041  0.634252  0.524568  0.635571  0.653341  0.640112  0.558082  0.712182  0.744138  0.700777  0.714644  0.475408  0.747265  0.642351  0.552338  0.743643  0.643324  0.675005  0.446487  0.733244  0.726696  0.697705  0.489823  0.643217  0.700941  0.491080  0.698955  0.591663  0.513068  0.681766  0.688234  0.528539  0.436383  0.799802  0.551251  0.720307  0.666131  0.382925  0.608439  0.845587  0.760697  0.539695 0.0 
