60
0 0.0  0.532604  0.680970  0.271912  0.559394  0.492007  0.613766  0.448257  0.281881  0.641717  0.580460  0.598162  0.609554  0.262550  0.475296  0.757290  0.844172  0.680551  0.238306  0.614457  0.627060  0.560855  0.548330  0.531198  0.749743  0.129976  0.420499  0.482920  0.614671  0.484219  0.457130  0.569423  0.525347  0.485956  0.359043  0.717678  0.487819  0.350297  0.651151  0.747443  0.702039  0.653407  0.544917  0.382820  0.348570  0.600654  0.315561  0.495537  0.540222  0.657022  0.363412  0.760385  0.243986  0.319718  0.560696  0.631366  0.436703  0.505166  0.603340  0.716830 
1  0.532604 0.0  0.538904  0.445749  0.514842  0.418026  0.551971  0.463985  0.506536  0.543220  0.585298  0.483969  0.605848  0.540635  0.416766  0.668138  0.709379  0.599803  0.575417  0.657133  0.558969  0.537682  0.604903  0.259854  0.756628  0.588594  0.654214  0.664248  0.567007  0.612228  0.423638  0.487349  0.667935  0.525944  0.488645  0.594835  0.559188  0.601949  0.594448  0.679346  0.625416  0.666484  0.504748  0.522219  0.592235  0.494474  0.531083  0.549501  0.538412  0.486553  0.568136  0.654753  0.534486  0.549270  0.453439  0.585238  0.680675  0.588514  0.213580  0.601391 
2  0.680970  0.538904 0.0  0.687687  0.674431  0.696476  0.533980  0.594410  0.571327  0.645359  0.709808  0.520106  0.697231  0.699954  0.663279  0.394182  0.744485  0.424177  0.671117  0.712362  0.435990  0.672502  0.737807  0.617438  0.614551  0.679983  0.738126  0.754249  0.451320  0.771736  0.610691  0.391563  0.733146  0.625856  0.622334  0.358319  0.685428  0.679781  0.683073  0.634720  0.369271  0.819177  0.691511  0.661262  0.652786  0.491281  0.773451  0.527154  0.662668  0.403742  0.753756  0.460621  0.621364  0.650553  0.474069  0.648875  0.713606  0.703572  0.623536  0.524070 
3  0.271912  0.445749  0.687687 0.0  0.441108  0.388844  0.614080  0.348328  0.183328  0.546099  0.449819  0.619251  0.530767  0.363005  0.410545  0.662135  0.816808  0.597434  0.431583  0.691443  0.745117  0.427732  0.465118  0.524631  0.749021  0.513289  0.462272  0.606946  0.720952  0.421769  0.538131  0.656133  0.558715  0.355641  0.343056  0.631363  0.379903  0.535341  0.592960  0.657861  0.633552  0.669522  0.609816  0.242838  0.499684  0.646287  0.405566  0.530725  0.534048  0.747041  0.415191  0.690912  0.177663  0.374575  0.690944  0.468857  0.367882  0.400054  0.490293  0.560753 
4  0.559394  0.514842  0.674431  0.441108 0.0  0.468084  0.671943  0.466818  0.494089  0.570613  0.278896  0.576842  0.205522  0.519729  0.568738  0.601883  0.862811  0.691067  0.570652  0.433175  0.618280  0.470295  0.344298  0.578307  0.819488  0.587991  0.456165  0.617751  0.605549  0.384421  0.474534  0.710536  0.519086  0.592588  0.496408  0.688089  0.460675  0.600332  0.463796  0.572954  0.586944  0.693579  0.576693  0.489851  0.604817  0.721646  0.588075  0.398541  0.510497  0.631965  0.640878  0.586882  0.570616  0.643977  0.602057  0.554283  0.435419  0.447525  0.562984  0.614263 
5  0.492007  0.418026  0.696476  0.388844  0.468084 0.0  0.687995  0.421550  0.518003  0.510421  0.572254  0.510244  0.490837  0.513983  0.409653  0.639688  0.805747  0.610660  0.522807  0.542408  0.666914  0.498456  0.428736  0.511478  0.796680  0.553107  0.591884  0.689483  0.603018  0.496218  0.521790  0.556454  0.534512  0.490964  0.418232  0.516436  0.642113  0.653273  0.656140  0.695857  0.597918  0.699860  0.509029  0.421803  0.575992  0.571600  0.603102  0.501273  0.479952  0.570581  0.551993  0.635977  0.523177  0.602010  0.523996  0.376069  0.541061  0.395201  0.409461  0.530482 
6  0.613766  0.551971  0.533980  0.614080  0.671943  0.687995 0.0  0.588730  0.761632  0.726275  0.612649  0.485975  0.605956  0.607049  0.533435  0.603692  0.836734  0.600824  0.667456  0.777471  0.575020  0.619844  0.679443  0.525135  0.748371  0.619440  0.504892  0.688864  0.617533  0.581874  0.466314  0.507841  0.626030  0.570839  0.718104  0.618295  0.612983  0.680213  0.605018  0.799954  0.596031  0.681601  0.625740  0.657933  0.627960  0.560610  0.539152  0.600320  0.605151  0.514786  0.651336  0.605893  0.702206  0.670553  0.533172  0.587671  0.667103  0.759350  0.429975  0.678931 
7  0.448257  0.463985  0.594410  0.348328  0.466818  0.421550  0.588730 0.0  0.497888  0.644840  0.573446  0.500772  0.683323  0.487732  0.300538  0.733006  0.754686  0.703652  0.501021  0.641918  0.683559  0.485186  0.565114  0.431870  0.795474  0.508362  0.579814  0.589872  0.558285  0.369248  0.439031  0.639337  0.582675  0.378518  0.489070  0.654549  0.484250  0.532685  0.550762  0.593146  0.644721  0.766833  0.470323  0.473639  0.533818  0.668089  0.556666  0.542700  0.498971  0.628902  0.641434  0.705203  0.389140  0.554159  0.650348  0.517563  0.576286  0.471319  0.506750  0.584335 
8  0.281881  0.506536  0.571327  0.183328  0.494089  0.518003  0.761632  0.497888 0.0  0.494092  0.725090  0.589489  0.620541  0.226394  0.377519  0.649078  0.746503  0.625450  0.380629  0.615899  0.736834  0.452652  0.469277  0.544428  0.784902  0.366299  0.496292  0.607283  0.693257  0.348753  0.465508  0.581286  0.337965  0.495111  0.386471  0.598615  0.415177  0.443149  0.605821  0.647443  0.713575  0.676667  0.527077  0.202821  0.428952  0.732336  0.412278  0.330506  0.525631  0.622140  0.419128  0.684766  0.145665  0.386269  0.697585  0.598548  0.372727  0.292865  0.548571  0.755401 
9  0.641717  0.543220  0.645359  0.546099  0.570613  0.510421  0.726275  0.644840  0.494092 0.0  0.623677  0.363395  0.495346  0.654886  0.566894  0.630438  0.768127  0.606791  0.719585  0.563670  0.553018  0.596600  0.467973  0.413030  0.625211  0.689311  0.731424  0.642677  0.474679  0.636365  0.589893  0.487902  0.646490  0.605747  0.672998  0.443882  0.591360  0.852523  0.636282  0.514699  0.649746  0.650292  0.397829  0.646715  0.662865  0.577625  0.600512  0.592019  0.380919  0.398095  0.668050  0.530917  0.715450  0.701081  0.418656  0.511684  0.622727  0.619673  0.491469  0.449563 
10  0.580460  0.585298  0.709808  0.449819  0.278896  0.572254  0.612649  0.573446  0.725090  0.623677 0.0  0.656773  0.262224  0.559619  0.523700  0.673766  0.788988  0.749852  0.547878  0.417053  0.649819  0.538046  0.471163  0.582170  0.831065  0.636066  0.770107  0.609407  0.686115  0.489747  0.597964  0.699164  0.618631  0.669609  0.455533  0.598255  0.577491  0.585022  0.407032  0.455455  0.742685  0.619061  0.590504  0.534732  0.634926  0.765337  0.649654  0.556877  0.473841  0.617308  0.588627  0.721735  0.576161  0.529112  0.656153  0.513970  0.505502  0.479882  0.604648  0.663082 
11  0.598162  0.483969  0.520106  0.619251  0.576842  0.510244  0.485975  0.500772  0.589489  0.363395  0.656773 0.0  0.731271  0.623455  0.635431  0.563904  0.738334  0.514141  0.649885  0.644804  0.582219  0.665470  0.547461  0.242464  0.690626  0.663484  0.663154  0.589493  0.422841  0.569848  0.602189  0.351756  0.658875  0.642795  0.616066  0.442750  0.652905  0.584141  0.707205  0.682967  0.447433  0.556299  0.571394  0.682346  0.637246  0.309556  0.699941  0.521342  0.543235  0.335345  0.682694  0.576033  0.667159  0.643806  0.479008  0.426810  0.654825  0.607004  0.394751  0.515181 
12  0.609554  0.605848  0.697231  0.530767  0.205522  0.490837  0.605956  0.683323  0.620541  0.495346  0.262224  0.731271 0.0  0.526376  0.604332  0.659039  0.771365  0.578943  0.555845  0.509887  0.810951  0.506148  0.446779  0.624638  0.845244  0.580835  0.582433  0.637004  0.611055  0.517076  0.696889  0.694538  0.404975  0.630345  0.484585  0.636794  0.503917  0.624925  0.557618  0.509568  0.694670  0.655965  0.398968  0.531170  0.623400  0.642571  0.704068  0.378588  0.477094  0.581798  0.506409  0.705940  0.449245  0.688866  0.667091  0.502741  0.578122  0.547251  0.480469  0.587234 
13  0.262550  0.540635  0.699954  0.363005  0.519729  0.513983  0.607049  0.487732  0.226394  0.654886  0.559619  0.623455  0.526376 0.0  0.407646  0.728231  0.835896  0.720551  0.223306  0.556783  0.645540  0.381160  0.402388  0.696800  0.722790  0.300311  0.350378  0.594836  0.750921  0.464312  0.551328  0.702568  0.365116  0.496282  0.341674  0.635461  0.432683  0.364211  0.514007  0.502663  0.750539  0.742077  0.615533  0.357939  0.369082  0.734225  0.364538  0.496355  0.597360  0.566722  0.204065  0.649647  0.245304  0.288122  0.686352  0.547537  0.273714  0.383196  0.526600  0.721059 
14  0.475296  0.416766  0.663279  0.410545  0.568738  0.409653  0.533435  0.300538  0.377519  0.566894  0.523700  0.635431  0.604332  0.407646 0.0  0.616526  0.822556  0.705453  0.483871  0.580585  0.682493  0.511726  0.389980  0.560354  0.781100  0.367842  0.593379  0.634668  0.700126  0.483554  0.372254  0.623976  0.568817  0.580478  0.480429  0.636583  0.515821  0.564899  0.648972  0.603469  0.535798  0.690664  0.468365  0.334051  0.553962  0.594816  0.550227  0.434736  0.469577  0.506623  0.542094  0.643008  0.434875  0.513126  0.581963  0.496204  0.492762  0.474827  0.474285  0.639987 
15  0.757290  0.668138  0.394182  0.662135  0.601883  0.639688  0.603692  0.733006  0.649078  0.630438  0.673766  0.563904  0.659039  0.728231  0.616526 0.0  0.725355  0.495201  0.786776  0.666006  0.325136  0.782785  0.718380  0.624733  0.707920  0.763838  0.800121  0.774443  0.592757  0.637646  0.668564  0.521883  0.614986  0.628606  0.775612  0.509713  0.771698  0.783491  0.737754  0.648639  0.450787  0.758207  0.712564  0.818150  0.716593  0.594020  0.756467  0.735936  0.685972  0.441645  0.710131  0.209122  0.647076  0.713256  0.585350  0.735500  0.766137  0.756544  0.540404  0.647271 
16  0.844172  0.709379  0.744485  0.816808  0.862811  0.805747  0.836734  0.754686  0.746503  0.768127  0.788988  0.738334  0.771365  0.835896  0.822556  0.725355 0.0  0.783946  0.756043  0.828836  0.704935  0.827212  1.000000  0.765231  0.458320  0.957850  0.856641  0.748145  0.826418  0.861271  0.765910  0.714708  0.806561  0.778052  0.862833  0.875398  0.765285  0.794902  0.822871  0.785200  0.625223  0.756366  0.816655  0.830884  0.865456  0.777323  0.807427  0.712456  0.797205  0.751415  0.813169  0.680949  0.788293  0.805502  0.774714  0.899960  0.862915  0.867160  0.752967  0.646166 
17  0.680551  0.599803  0.424177  0.597434  0.691067  0.610660  0.600824  0.703652  0.625450  0.606791  0.749852  0.514141  0.578943  0.720551  0.705453  0.495201  0.783946 0.0  0.796841  0.800797  0.502693  0.764983  0.643630  0.497478  0.684129  0.743479  0.719879  0.736809  0.410205  0.731780  0.667888  0.311839  0.701658  0.644730  0.721862  0.544604  0.663076  0.769218  0.690154  0.685922  0.428616  0.592913  0.669616  0.775060  0.725704  0.418548  0.757422  0.580134  0.693197  0.509832  0.732230  0.519668  0.547691  0.686184  0.421365  0.597321  0.627858  0.684643  0.557018  0.492604 
18  0.238306  0.575417  0.671117  0.431583  0.570652  0.522807  0.667456  0.501021  0.380629  0.719585  0.547878  0.649885  0.555845  0.223306  0.483871  0.786776  0.756043  0.796841 0.0  0.680221  0.680716  0.469751  0.551096  0.597114  0.848338  0.268820  0.429047  0.416648  0.704546  0.528446  0.610931  0.643372  0.318222  0.511374  0.439316  0.622664  0.352113  0.416427  0.712810  0.666077  0.733961  0.708481  0.640202  0.465575  0.334901  0.601076  0.234708  0.506350  0.568386  0.695325  0.102259  0.749662  0.355133  0.289456  0.725498  0.638595  0.176983  0.417736  0.560338  0.673304 
19  0.614457  0.657133  0.712362  0.691443  0.433175  0.542408  0.777471  0.641918  0.615899  0.563670  0.417053  0.644804  0.509887  0.556783  0.580585  0.666006  0.828836  0.800797  0.680221 0.0  0.712110  0.698979  0.548546  0.732218  0.788282  0.592412  0.726968  0.559939  0.615564  0.537003  0.629548  0.632342  0.596745  0.624237  0.597903  0.712961  0.617235  0.628262  0.161825  0.577895  0.771437  0.571251  0.571019  0.626275  0.737224  0.601794  0.637207  0.451872  0.557348  0.657885  0.603971  0.721728  0.563519  0.700654  0.761943  0.596830  0.689702  0.561103  0.680784  0.567636 
20  0.627060  0.558969  0.435990  0.745117  0.618280  0.666914  0.575020  0.683559  0.736834  0.553018  0.649819  0.582219  0.810951  0.645540  0.682493  0.325136  0.704935  0.502693  0.680716  0.712110 0.0  0.705132  0.756500  0.660760  0.615679  0.786316  0.747078  0.781303  0.615552  0.657005  0.684177  0.578866  0.684712  0.679504  0.744765  0.632479  0.642457  0.800021  0.725695  0.583145  0.382339  0.654958  0.713189  0.689433  0.693875  0.685312  0.705310  0.626961  0.637557  0.666147  0.686200  0.454252  0.719499  0.658699  0.564379  0.687749  0.700822  0.772574  0.536685  0.530454 
21  0.560855  0.537682  0.672502  0.427732  0.470295  0.498456  0.619844  0.485186  0.452652  0.596600  0.538046  0.665470  0.506148  0.381160  0.511726  0.782785  0.827212  0.764983  0.469751  0.698979  0.705132 0.0  0.358302  0.620960  0.715776  0.450168  0.606212  0.520443  0.691298  0.318009  0.651489  0.573234  0.356184  0.554204  0.385467  0.589134  0.273667  0.410703  0.562225  0.754219  0.624508  0.689368  0.633820  0.427472  0.569572  0.655363  0.420149  0.490664  0.479073  0.692499  0.479630  0.717713  0.472196  0.566665  0.667749  0.500745  0.319855  0.236426  0.507234  0.705412 
22  0.548330  0.604903  0.737807  0.465118  0.344298  0.428736  0.679443  0.565114  0.469277  0.467973  0.471163  0.547461  0.446779  0.402388  0.389980  0.718380  1.000000  0.643630  0.551096  0.548546  0.756500  0.358302 0.0  0.604116  0.799555  0.504879  0.591522  0.682528  0.709356  0.469290  0.686929  0.761774  0.415586  0.584637  0.323212  0.669932  0.544763  0.567433  0.601032  0.556907  0.726368  0.704178  0.462802  0.391551  0.502769  0.679912  0.485278  0.400283  0.547792  0.511245  0.413230  0.735718  0.411377  0.465317  0.668698  0.509881  0.480761  0.354549  0.559558  0.680741 
23  0.531198  0.259854  0.617438  0.524631  0.578307  0.511478  0.525135  0.431870  0.544428  0.413030  0.582170  0.242464  0.624638  0.696800  0.560354  0.624733  0.765231  0.497478  0.597114  0.732218  0.660760  0.620960  0.604116 0.0  0.792390  0.645759  0.684304  0.697035  0.508108  0.643260  0.630462  0.594160  0.577549  0.563946  0.552658  0.509150  0.620424  0.726557  0.646694  0.643304  0.528887  0.596069  0.525915  0.533747  0.702994  0.421838  0.639366  0.581575  0.573983  0.544282  0.681911  0.687280  0.504629  0.630271  0.621816  0.482742  0.662219  0.520547  0.120336  0.527739 
24  0.749743  0.756628  0.614551  0.749021  0.819488  0.796680  0.748371  0.795474  0.784902  0.625211  0.831065  0.690626  0.845244  0.722790  0.781100  0.707920  0.458320  0.684129  0.848338  0.788282  0.615679  0.715776  0.799555  0.792390 0.0  0.714572  0.736842  0.737368  0.816207  0.686663  0.716614  0.778807  0.689061  0.779811  0.875608  0.570850  0.833987  0.797443  0.704110  0.829451  0.685828  0.780626  0.816433  0.835150  0.759510  0.719274  0.908788  0.774988  0.693408  0.733506  0.810829  0.655182  0.827139  0.792623  0.692301  0.813553  0.756300  0.846405  0.763174  0.651429 
25  0.129976  0.588594  0.679983  0.513289  0.587991  0.553107  0.619440  0.508362  0.366299  0.689311  0.636066  0.663484  0.580835  0.300311  0.367842  0.763838  0.957850  0.743479  0.268820  0.592412  0.786316  0.450168  0.504879  0.645759  0.714572 0.0  0.347344  0.546151  0.708635  0.506251  0.544667  0.728105  0.484935  0.393688  0.431743  0.732153  0.539245  0.328990  0.596522  0.683722  0.713636  0.694676  0.656396  0.287379  0.298807  0.678713  0.292384  0.542220  0.615686  0.591122  0.324590  0.719560  0.368721  0.199645  0.764620  0.610732  0.475891  0.475135  0.522390  0.689117 
26  0.420499  0.654214  0.738126  0.462272  0.456165  0.591884  0.504892  0.579814  0.496292  0.731424  0.770107  0.663154  0.582433  0.350378  0.593379  0.800121  0.856641  0.719879  0.429047  0.726968  0.747078  0.606212  0.591522  0.684304  0.736842  0.347344 0.0  0.386393  0.701374  0.456250  0.447491  0.662522  0.458597  0.381049  0.550195  0.701510  0.486166  0.202438  0.691029  0.676975  0.712116  0.704759  0.641777  0.504708  0.346388  0.669849  0.325546  0.675391  0.693094  0.608080  0.545153  0.763922  0.498787  0.289560  0.728693  0.603371  0.483797  0.591097  0.642006  0.779419 
27  0.482920  0.664248  0.754249  0.606946  0.617751  0.689483  0.688864  0.589872  0.607283  0.642677  0.609407  0.589493  0.637004  0.594836  0.634668  0.774443  0.748145  0.736809  0.416648  0.559939  0.781303  0.520443  0.682528  0.697035  0.737368  0.546151  0.386393 0.0  0.710729  0.494616  0.507947  0.787122  0.566369  0.614265  0.604788  0.777561  0.488860  0.439570  0.815038  0.664637  0.823264  0.716924  0.713013  0.552183  0.435295  0.741643  0.413738  0.633009  0.676253  0.782971  0.503043  0.687500  0.451883  0.535078  0.598795  0.665605  0.468170  0.564825  0.756472  0.669750 
28  0.614671  0.567007  0.451320  0.720952  0.605549  0.603018  0.617533  0.558285  0.693257  0.474679  0.686115  0.422841  0.611055  0.750921  0.700126  0.592757  0.826418  0.410205  0.704546  0.615564  0.615552  0.691298  0.709356  0.508108  0.816207  0.708635  0.701374  0.710729 0.0  0.764507  0.693893  0.501602  0.749608  0.604171  0.623652  0.300945  0.738169  0.617573  0.650310  0.623552  0.567625  0.716461  0.621608  0.547532  0.775683  0.402283  0.590924  0.690344  0.518044  0.197019  0.730409  0.469554  0.786078  0.581369  0.280920  0.599652  0.712867  0.709751  0.553752  0.439008 
29  0.484219  0.612228  0.771736  0.421769  0.384421  0.496218  0.581874  0.369248  0.348753  0.636365  0.489747  0.569848  0.517076  0.464312  0.483554  0.637646  0.861271  0.731780  0.528446  0.537003  0.657005  0.318009  0.469290  0.643260  0.686663  0.506251  0.456250  0.494616  0.764507 0.0  0.618732  0.606961  0.468258  0.525958  0.350232  0.709806  0.333605  0.491596  0.581089  0.719139  0.656312  0.771108  0.560274  0.425596  0.562972  0.665623  0.376722  0.497775  0.526492  0.647127  0.554857  0.714390  0.485988  0.499664  0.647361  0.551835  0.516365  0.246936  0.715494  0.698606 
30  0.457130  0.423638  0.610691  0.538131  0.474534  0.521790  0.466314  0.439031  0.465508  0.589893  0.597964  0.602189  0.696889  0.551328  0.372254  0.668564  0.765910  0.667888  0.610931  0.629548  0.684177  0.651489  0.686929  0.630462  0.716614  0.544667  0.447491  0.507947  0.693893  0.618732 0.0  0.596759  0.608934  0.306276  0.500658  0.579257  0.441578  0.630598  0.628337  0.697489  0.677560  0.673509  0.582907  0.544750  0.594494  0.668011  0.517557  0.596800  0.664808  0.589868  0.666079  0.590889  0.468479  0.539049  0.585577  0.525499  0.433669  0.578375  0.584760  0.724765 
31  0.569423  0.487349  0.391563  0.656133  0.710536  0.556454  0.507841  0.639337  0.581286  0.487902  0.699164  0.351756  0.694538  0.702568  0.623976  0.521883  0.714708  0.311839  0.643372  0.632342  0.578866  0.573234  0.761774  0.594160  0.778807  0.728105  0.662522  0.787122  0.501602  0.606961  0.596759 0.0  0.632309  0.755714  0.631580  0.577893  0.776464  0.680326  0.718163  0.641063  0.329918  0.725991  0.776283  0.678088  0.782091  0.403494  0.742310  0.663563  0.622519  0.504984  0.752162  0.561177  0.690599  0.668475  0.514473  0.592469  0.618232  0.687314  0.591286  0.430455 
32  0.525347  0.667935  0.733146  0.558715  0.519086  0.534512  0.626030  0.582675  0.337965  0.646490  0.618631  0.658875  0.404975  0.365116  0.568817  0.614986  0.806561  0.701658  0.318222  0.596745  0.684712  0.356184  0.415586  0.577549  0.689061  0.484935  0.458597  0.566369  0.749608  0.468258  0.608934  0.632309 0.0  0.603020  0.462307  0.701224  0.229683  0.482029  0.713831  0.720704  0.717870  0.625062  0.572394  0.429303  0.469910  0.697333  0.409701  0.614771  0.531948  0.696174  0.362135  0.714810  0.559847  0.498788  0.672385  0.697967  0.265907  0.354364  0.658459  0.672745 
33  0.485956  0.525944  0.625856  0.355641  0.592588  0.490964  0.570839  0.378518  0.495111  0.605747  0.669609  0.642795  0.630345  0.496282  0.580478  0.628606  0.778052  0.644730  0.511374  0.624237  0.679504  0.554204  0.584637  0.563946  0.779811  0.393688  0.381049  0.614265  0.604171  0.525958  0.306276  0.755714  0.603020 0.0  0.475927  0.442208  0.532220  0.605604  0.657997  0.730913  0.806132  0.649952  0.601879  0.424776  0.583864  0.561695  0.520348  0.561374  0.526456  0.550430  0.367972  0.700718  0.344213  0.494881  0.572133  0.546328  0.534553  0.525063  0.615269  0.618372 
34  0.359043  0.488645  0.622334  0.343056  0.496408  0.418232  0.718104  0.489070  0.386471  0.672998  0.455533  0.616066  0.484585  0.341674  0.480429  0.775612  0.862833  0.721862  0.439316  0.597903  0.744765  0.385467  0.323212  0.552658  0.875608  0.431743  0.550195  0.604788  0.623652  0.350232  0.500658  0.631580  0.462307  0.475927 0.0  0.547656  0.362476  0.557088  0.657121  0.686563  0.559923  0.714647  0.567238  0.408637  0.480416  0.558617  0.405565  0.461781  0.444662  0.607210  0.399527  0.661349  0.377579  0.405418  0.655699  0.562670  0.492807  0.247322  0.600237  0.607699 
35  0.717678  0.594835  0.358319  0.631363  0.688089  0.516436  0.618295  0.654549  0.598615  0.443882  0.598255  0.442750  0.636794  0.635461  0.636583  0.509713  0.875398  0.544604  0.622664  0.712961  0.632479  0.589134  0.669932  0.509150  0.570850  0.732153  0.701510  0.777561  0.300945  0.709806  0.579257  0.577893  0.701224  0.442208  0.547656 0.0  0.632913  0.766857  0.601223  0.524861  0.475967  0.605525  0.474482  0.621804  0.512106  0.363334  0.650105  0.635588  0.538059  0.217349  0.702695  0.547491  0.663843  0.626523  0.301872  0.569779  0.649179  0.615438  0.521896  0.320109 
36  0.487819  0.559188  0.685428  0.379903  0.460675  0.642113  0.612983  0.484250  0.415177  0.591360  0.577491  0.652905  0.503917  0.432683  0.515821  0.771698  0.765285  0.663076  0.352113  0.617235  0.642457  0.273667  0.544763  0.620424  0.833987  0.539245  0.486166  0.488860  0.738169  0.333605  0.441578  0.776464  0.229683  0.532220  0.362476  0.632913 0.0  0.493612  0.646546  0.602315  0.726152  0.626789  0.651962  0.413365  0.425428  0.614235  0.468301  0.495210  0.495455  0.561479  0.425998  0.729857  0.526551  0.449820  0.678163  0.639271  0.352923  0.204023  0.599472  0.679294 
37  0.350297  0.601949  0.679781  0.535341  0.600332  0.653273  0.680213  0.532685  0.443149  0.852523  0.585022  0.584141  0.624925  0.364211  0.564899  0.783491  0.794902  0.769218  0.416427  0.628262  0.800021  0.410703  0.567433  0.726557  0.797443  0.328990  0.202438  0.439570  0.617573  0.491596  0.630598  0.680326  0.482029  0.605604  0.557088  0.766857  0.493612 0.0  0.632967  0.665481  0.684566  0.756679  0.607203  0.497901  0.230063  0.673702  0.335336  0.519853  0.576294  0.625770  0.383189  0.810516  0.417994  0.364514  0.727125  0.628544  0.387831  0.538857  0.566303  0.685618 
38  0.651151  0.594448  0.683073  0.592960  0.463796  0.656140  0.605018  0.550762  0.605821  0.636282  0.407032  0.707205  0.557618  0.514007  0.648972  0.737754  0.822871  0.690154  0.712810  0.161825  0.725695  0.562225  0.601032  0.646694  0.704110  0.596522  0.691029  0.815038  0.650310  0.581089  0.628337  0.718163  0.713831  0.657997  0.657121  0.601223  0.646546  0.632967 0.0  0.571685  0.722760  0.594243  0.571956  0.659504  0.640113  0.573725  0.689722  0.480599  0.592817  0.621380  0.646625  0.708263  0.730606  0.682647  0.664391  0.494367  0.583761  0.432900  0.655049  0.670418 
39  0.747443  0.679346  0.634720  0.657861  0.572954  0.695857  0.799954  0.593146  0.647443  0.514699  0.455455  0.682967  0.509568  0.502663  0.603469  0.648639  0.785200  0.685922  0.666077  0.577895  0.583145  0.754219  0.556907  0.643304  0.829451  0.683722  0.676975  0.664637  0.623552  0.719139  0.697489  0.641063  0.720704  0.730913  0.686563  0.524861  0.602315  0.665481  0.571685 0.0  0.636012  0.433644  0.545510  0.750909  0.670284  0.626633  0.678209  0.587834  0.540770  0.590158  0.697610  0.656702  0.578607  0.680196  0.590711  0.446215  0.692917  0.656953  0.643172  0.466661 
40  0.702039  0.625416  0.369271  0.633552  0.586944  0.597918  0.596031  0.644721  0.713575  0.649746  0.742685  0.447433  0.694670  0.750539  0.535798  0.450787  0.625223  0.428616  0.733961  0.771437  0.382339  0.624508  0.726368  0.528887  0.685828  0.713636  0.712116  0.823264  0.567625  0.656312  0.677560  0.329918  0.717870  0.806132  0.559923  0.475967  0.726152  0.684566  0.722760  0.636012 0.0  0.741666  0.560650  0.609076  0.768007  0.543946  0.704127  0.563947  0.630315  0.596354  0.743622  0.524246  0.686901  0.656810  0.618923  0.641020  0.745270  0.783906  0.557788  0.553487 
41  0.653407  0.666484  0.819177  0.669522  0.693579  0.699860  0.681601  0.766833  0.676667  0.650292  0.619061  0.556299  0.655965  0.742077  0.690664  0.758207  0.756366  0.592913  0.708481  0.571251  0.654958  0.689368  0.704178  0.596069  0.780626  0.694676  0.704759  0.716924  0.716461  0.771108  0.673509  0.725991  0.625062  0.649952  0.714647  0.605525  0.626789  0.756679  0.594243  0.433644  0.741666 0.0  0.627989  0.691838  0.787987  0.683336  0.706473  0.672397  0.554553  0.755718  0.632262  0.788867  0.689532  0.775565  0.656066  0.636267  0.651522  0.771222  0.633353  0.532528 
42  0.544917  0.504748  0.691511  0.609816  0.576693  0.509029  0.625740  0.470323  0.527077  0.397829  0.590504  0.571394  0.398968  0.615533  0.468365  0.712564  0.816655  0.669616  0.640202  0.571019  0.713189  0.633820  0.462802  0.525915  0.816433  0.656396  0.641777  0.713013  0.621608  0.560274  0.582907  0.776283  0.572394  0.601879  0.567238  0.474482  0.651962  0.607203  0.571956  0.545510  0.560650  0.627989 0.0  0.546797  0.658078  0.631043  0.676023  0.431021  0.320103  0.584696  0.555918  0.683149  0.614822  0.669498  0.538164  0.017857  0.690404  0.622168  0.532684  0.553637 
43  0.382820  0.522219  0.661262  0.242838  0.489851  0.421803  0.657933  0.473639  0.202821  0.646715  0.534732  0.682346  0.531170  0.357939  0.334051  0.818150  0.830884  0.775060  0.465575  0.626275  0.689433  0.427472  0.391551  0.533747  0.835150  0.287379  0.504708  0.552183  0.547532  0.425596  0.544750  0.678088  0.429303  0.424776  0.408637  0.621804  0.413365  0.497901  0.659504  0.750909  0.609076  0.691838  0.546797 0.0  0.424776  0.615294  0.399211  0.359843  0.488579  0.597351  0.456477  0.620310  0.148801  0.488915  0.634220  0.548325  0.376463  0.428246  0.507990  0.710089 
44  0.348570  0.592235  0.652786  0.499684  0.604817  0.575992  0.627960  0.533818  0.428952  0.662865  0.634926  0.637246  0.623400  0.369082  0.553962  0.716593  0.865456  0.725704  0.334901  0.737224  0.693875  0.569572  0.502769  0.702994  0.759510  0.298807  0.346388  0.435295  0.775683  0.562972  0.594494  0.782091  0.469910  0.583864  0.480416  0.512106  0.425428  0.230063  0.640113  0.670284  0.768007  0.787987  0.658078  0.424776 0.0  0.710682  0.144692  0.508549  0.640045  0.775393  0.330285  0.690428  0.411012  0.314603  0.702601  0.629640  0.248373  0.507976  0.589837  0.694627 
45  0.600654  0.494474  0.491281  0.646287  0.721646  0.571600  0.560610  0.668089  0.732336  0.577625  0.765337  0.309556  0.642571  0.734225  0.594816  0.594020  0.777323  0.418548  0.601076  0.601794  0.685312  0.655363  0.679912  0.421838  0.719274  0.678713  0.669849  0.741643  0.402283  0.665623  0.668011  0.403494  0.697333  0.561695  0.558617  0.363334  0.614235  0.673702  0.573725  0.626633  0.543946  0.683336  0.631043  0.615294  0.710682 0.0  0.675007  0.572720  0.576541  0.271610  0.594433  0.449673  0.553006  0.708269  0.471104  0.603021  0.673890  0.748695  0.531118  0.546397 
46  0.315561  0.531083  0.773451  0.405566  0.588075  0.603102  0.539152  0.556666  0.412278  0.600512  0.649654  0.699941  0.704068  0.364538  0.550227  0.756467  0.807427  0.757422  0.234708  0.637207  0.705310  0.420149  0.485278  0.639366  0.908788  0.292384  0.325546  0.413738  0.590924  0.376722  0.517557  0.742310  0.409701  0.520348  0.405565  0.650105  0.468301  0.335336  0.689722  0.678209  0.704127  0.706473  0.676023  0.399211  0.144692  0.675007 0.0  0.471829  0.542773  0.794058  0.390728  0.729641  0.410160  0.119738  0.719683  0.598409  0.320644  0.467626  0.602996  0.811534 
47  0.495537  0.549501  0.527154  0.530725  0.398541  0.501273  0.600320  0.542700  0.330506  0.592019  0.556877  0.521342  0.378588  0.496355  0.434736  0.735936  0.712456  0.580134  0.506350  0.451872  0.626961  0.490664  0.400283  0.581575  0.774988  0.542220  0.675391  0.633009  0.690344  0.497775  0.596800  0.663563  0.614771  0.561374  0.461781  0.635588  0.495210  0.519853  0.480599  0.587834  0.563947  0.672397  0.431021  0.359843  0.508549  0.572720  0.471829 0.0  0.360294  0.649620  0.598862  0.673765  0.572102  0.603350  0.669361  0.361901  0.584757  0.549378  0.529824  0.542504 
48  0.540222  0.538412  0.662668  0.534048  0.510497  0.479952  0.605151  0.498971  0.525631  0.380919  0.473841  0.543235  0.477094  0.597360  0.469577  0.685972  0.797205  0.693197  0.568386  0.557348  0.637557  0.479073  0.547792  0.573983  0.693408  0.615686  0.693094  0.676253  0.518044  0.526492  0.664808  0.622519  0.531948  0.526456  0.444662  0.538059  0.495455  0.576294  0.592817  0.540770  0.630315  0.554553  0.320103  0.488579  0.640045  0.576541  0.542773  0.360294 0.0  0.496167  0.702811  0.686998  0.495840  0.604854  0.504491  0.235736  0.602861  0.639372  0.361384  0.644898 
49  0.657022  0.486553  0.403742  0.747041  0.631965  0.570581  0.514786  0.628902  0.622140  0.398095  0.617308  0.335345  0.581798  0.566722  0.506623  0.441645  0.751415  0.509832  0.695325  0.657885  0.666147  0.692499  0.511245  0.544282  0.733506  0.591122  0.608080  0.782971  0.197019  0.647127  0.589868  0.504984  0.696174  0.550430  0.607210  0.217349  0.561479  0.625770  0.621380  0.590158  0.596354  0.755718  0.584696  0.597351  0.775393  0.271610  0.794058  0.649620  0.496167 0.0  0.568093  0.600732  0.694159  0.673489  0.429155  0.552835  0.708313  0.656445  0.516849  0.346012 
50  0.363412  0.568136  0.753756  0.415191  0.640878  0.551993  0.651336  0.641434  0.419128  0.668050  0.588627  0.682694  0.506409  0.204065  0.542094  0.710131  0.813169  0.732230  0.102259  0.603971  0.686200  0.479630  0.413230  0.681911  0.810829  0.324590  0.545153  0.503043  0.730409  0.554857  0.666079  0.752162  0.362135  0.367972  0.399527  0.702695  0.425998  0.383189  0.646625  0.697610  0.743622  0.632262  0.555918  0.456477  0.330285  0.594433  0.390728  0.598862  0.702811  0.568093 0.0  0.824054  0.343150  0.312117  0.685808  0.612162  0.201675  0.371476  0.640405  0.699849 
51  0.760385  0.654753  0.460621  0.690912  0.586882  0.635977  0.605893  0.705203  0.684766  0.530917  0.721735  0.576033  0.705940  0.649647  0.643008  0.209122  0.680949  0.519668  0.749662  0.721728  0.454252  0.717713  0.735718  0.687280  0.655182  0.719560  0.763922  0.687500  0.469554  0.714390  0.590889  0.561177  0.714810  0.700718  0.661349  0.547491  0.729857  0.810516  0.708263  0.656702  0.524246  0.788867  0.683149  0.620310  0.690428  0.449673  0.729641  0.673765  0.686998  0.600732  0.824054 0.0  0.841939  0.659058  0.561009  0.560554  0.646377  0.717706  0.632147  0.612637 
52  0.243986  0.534486  0.621364  0.177663  0.570616  0.523177  0.702206  0.389140  0.145665  0.715450  0.576161  0.667159  0.449245  0.245304  0.434875  0.647076  0.788293  0.547691  0.355133  0.563519  0.719499  0.472196  0.411377  0.504629  0.827139  0.368721  0.498787  0.451883  0.786078  0.485988  0.468479  0.690599  0.559847  0.344213  0.377579  0.663843  0.526551  0.417994  0.730606  0.578607  0.686901  0.689532  0.614822  0.148801  0.411012  0.553006  0.410160  0.572102  0.495840  0.694159  0.343150  0.841939 0.0  0.378437  0.538741  0.621124  0.446016  0.405319  0.570140  0.586699 
53  0.319718  0.549270  0.650553  0.374575  0.643977  0.602010  0.670553  0.554159  0.386269  0.701081  0.529112  0.643806  0.688866  0.288122  0.513126  0.713256  0.805502  0.686184  0.289456  0.700654  0.658699  0.566665  0.465317  0.630271  0.792623  0.199645  0.289560  0.535078  0.581369  0.499664  0.539049  0.668475  0.498788  0.494881  0.405418  0.626523  0.449820  0.364514  0.682647  0.680196  0.656810  0.775565  0.669498  0.488915  0.314603  0.708269  0.119738  0.603350  0.604854  0.673489  0.312117  0.659058  0.378437 0.0  0.653421  0.621750  0.235553  0.374324  0.705469  0.552680 
54  0.560696  0.453439  0.474069  0.690944  0.602057  0.523996  0.533172  0.650348  0.697585  0.418656  0.656153  0.479008  0.667091  0.686352  0.581963  0.585350  0.774714  0.421365  0.725498  0.761943  0.564379  0.667749  0.668698  0.621816  0.692301  0.764620  0.728693  0.598795  0.280920  0.647361  0.585577  0.514473  0.672385  0.572133  0.655699  0.301872  0.678163  0.727125  0.664391  0.590711  0.618923  0.656066  0.538164  0.634220  0.702601  0.471104  0.719683  0.669361  0.504491  0.429155  0.685808  0.561009  0.538741  0.653421 0.0  0.616929  0.722980  0.625975  0.662880  0.397989 
55  0.631366  0.585238  0.648875  0.468857  0.554283  0.376069  0.587671  0.517563  0.598548  0.511684  0.513970  0.426810  0.502741  0.547537  0.496204  0.735500  0.899960  0.597321  0.638595  0.596830  0.687749  0.500745  0.509881  0.482742  0.813553  0.610732  0.603371  0.665605  0.599652  0.551835  0.525499  0.592469  0.697967  0.546328  0.562670  0.569779  0.639271  0.628544  0.494367  0.446215  0.641020  0.636267  0.017857  0.548325  0.629640  0.603021  0.598409  0.361901  0.235736  0.552835  0.612162  0.560554  0.621124  0.621750  0.616929 0.0  0.689023  0.558178  0.472322  0.507542 
56  0.436703  0.680675  0.713606  0.367882  0.435419  0.541061  0.667103  0.576286  0.372727  0.622727  0.505502  0.654825  0.578122  0.273714  0.492762  0.766137  0.862915  0.627858  0.176983  0.689702  0.700822  0.319855  0.480761  0.662219  0.756300  0.475891  0.483797  0.468170  0.712867  0.516365  0.433669  0.618232  0.265907  0.534553  0.492807  0.649179  0.352923  0.387831  0.583761  0.692917  0.745270  0.651522  0.690404  0.376463  0.248373  0.673890  0.320644  0.584757  0.602861  0.708313  0.201675  0.646377  0.446016  0.235553  0.722980  0.689023 0.0  0.282168  0.637772  0.680140 
57  0.505166  0.588514  0.703572  0.400054  0.447525  0.395201  0.759350  0.471319  0.292865  0.619673  0.479882  0.607004  0.547251  0.383196  0.474827  0.756544  0.867160  0.684643  0.417736  0.561103  0.772574  0.236426  0.354549  0.520547  0.846405  0.475135  0.591097  0.564825  0.709751  0.246936  0.578375  0.687314  0.354364  0.525063  0.247322  0.615438  0.204023  0.538857  0.432900  0.656953  0.783906  0.771222  0.622168  0.428246  0.507976  0.748695  0.467626  0.549378  0.639372  0.656445  0.371476  0.717706  0.405319  0.374324  0.625975  0.558178  0.282168 0.0  0.646759  0.730373 
58  0.603340  0.213580  0.623536  0.490293  0.562984  0.409461  0.429975  0.506750  0.548571  0.491469  0.604648  0.394751  0.480469  0.526600  0.474285  0.540404  0.752967  0.557018  0.560338  0.680784  0.536685  0.507234  0.559558  0.120336  0.763174  0.522390  0.642006  0.756472  0.553752  0.715494  0.584760  0.591286  0.658459  0.615269  0.600237  0.521896  0.599472  0.566303  0.655049  0.643172  0.557788  0.633353  0.532684  0.507990  0.589837  0.531118  0.602996  0.529824  0.361384  0.516849  0.640405  0.632147  0.570140  0.705469  0.662880  0.472322  0.637772  0.646759 0.0  0.612473 
59  0.716830  0.601391  0.524070  0.560753  0.614263  0.530482  0.678931  0.584335  0.755401  0.449563  0.663082  0.515181  0.587234  0.721059  0.639987  0.647271  0.646166  0.492604  0.673304  0.567636  0.530454  0.705412  0.680741  0.527739  0.651429  0.689117  0.779419  0.669750  0.439008  0.698606  0.724765  0.430455  0.672745  0.618372  0.607699  0.320109  0.679294  0.685618  0.670418  0.466661  0.553487  0.532528  0.553637  0.710089  0.694627  0.546397  0.811534  0.542504  0.644898  0.346012  0.699849  0.612637  0.586699  0.552680  0.397989  0.507542  0.680140  0.730373  0.612473 0.0 
