60
0 0.0  0.542116  0.749775  0.338762  0.595214  0.529140  0.632597  0.427573  0.345812  0.653865  0.624102  0.679380  0.702094  0.352429  0.439132  0.845428  0.835075  0.797618  0.153154  0.667703  0.803298  0.464119  0.518467  0.460088  0.902479  0.285556  0.501044  0.570810  0.722138  0.496644  0.697345  0.601818  0.522139  0.427322  0.436001  0.760812  0.507168  0.441702  0.605980  0.682305  0.719233  0.725101  0.765908  0.362243  0.554107  0.769129  0.265602  0.496516  0.581412  0.765877  0.356098  0.696909  0.370486  0.257484  0.662145  0.652903  0.396853  0.567493  0.639454  0.663539 
1  0.542116 0.0  0.679587  0.486780  0.603556  0.373198  0.476576  0.612506  0.567691  0.574154  0.647372  0.472226  0.517422  0.592252  0.503218  0.777949  0.779095  0.603042  0.549420  0.696764  0.708760  0.653664  0.589778  0.381456  0.999534  0.702949  0.715749  0.728400  0.476659  0.521388  0.611958  0.594965  0.695991  0.571072  0.612898  0.566707  0.624161  0.659339  0.696184  0.714054  0.629903  0.792916  0.432516  0.526637  0.455793  0.520645  0.681232  0.478197  0.616151  0.464443  0.579313  0.660868  0.540952  0.630001  0.607407  0.443075  0.743028  0.624341  0.312605  0.657375 
2  0.749775  0.679587 0.0  0.727655  0.740333  0.648430  0.588174  0.670706  0.673881  0.554074  0.736641  0.640040  0.654638  0.731488  0.718697  0.336327  0.775630  0.400326  0.822575  0.714804  0.451359  0.673191  0.761244  0.629506  0.734475  0.822095  0.683178  0.899170  0.524413  0.821721  0.729779  0.433416  0.810165  0.673572  0.634305  0.441781  0.786422  0.790076  0.775391  0.816348  0.506921  0.784729  0.623350  0.611542  0.717981  0.638106  0.772672  0.781457  0.651924  0.638254  0.779949  0.448084  0.732981  0.829833  0.687875  0.685860  0.765357  0.765653  0.708734  0.641110 
3  0.338762  0.486780  0.727655 0.0  0.593187  0.511924  0.608477  0.420755  0.436626  0.665409  0.522117  0.633860  0.514050  0.434745  0.221031  0.700804  0.898621  0.765260  0.469385  0.758920  0.831822  0.484111  0.480261  0.457321  0.926212  0.409495  0.557920  0.605051  0.681972  0.462969  0.518714  0.781755  0.572030  0.513482  0.383455  0.670815  0.536468  0.497147  0.759028  0.656830  0.795906  0.774488  0.537472  0.210550  0.575749  0.706579  0.507415  0.500793  0.554285  0.622532  0.548367  0.830200  0.249707  0.378162  0.733602  0.552640  0.586789  0.413184  0.578749  0.702214 
4  0.595214  0.603556  0.740333  0.593187 0.0  0.587215  0.733720  0.646718  0.564599  0.614486  0.399054  0.773366  0.226709  0.508373  0.487546  0.687265  0.949052  0.740706  0.566154  0.539672  0.729843  0.408773  0.370385  0.681426  0.838524  0.737645  0.664135  0.696104  0.571932  0.361053  0.657468  0.754381  0.579229  0.441750  0.562012  0.737942  0.450996  0.548358  0.483208  0.574440  0.799140  0.692115  0.574461  0.623877  0.640347  0.513196  0.574892  0.493702  0.562596  0.666541  0.635252  0.734054  0.471888  0.690664  0.658626  0.558073  0.551516  0.531686  0.664547  0.633828 
5  0.529140  0.373198  0.648430  0.511924  0.587215 0.0  0.551110  0.415799  0.541883  0.575627  0.700701  0.532307  0.550245  0.639685  0.399710  0.614908  0.734986  0.688136  0.516804  0.594863  0.720349  0.618963  0.630366  0.517130  0.899860  0.679593  0.551391  0.721292  0.542477  0.471496  0.531856  0.561514  0.626060  0.553051  0.530386  0.648328  0.595706  0.586199  0.627136  0.673653  0.689413  0.728511  0.504052  0.580596  0.651037  0.556315  0.603134  0.409538  0.539489  0.606704  0.561490  0.746319  0.417692  0.538371  0.652166  0.555168  0.648143  0.588954  0.395072  0.617243 
6  0.632597  0.476576  0.588174  0.608477  0.733720  0.551110 0.0  0.626071  0.724692  0.696873  0.722959  0.471027  0.786616  0.735241  0.668369  0.643766  0.827324  0.467955  0.666850  0.823129  0.603234  0.796958  0.726772  0.590427  0.753755  0.718580  0.742782  0.664312  0.625192  0.695321  0.412091  0.394174  0.582984  0.611390  0.651238  0.593773  0.703420  0.688060  0.822885  0.692237  0.487227  0.811000  0.663473  0.629354  0.600764  0.595633  0.635839  0.784689  0.621697  0.530631  0.629111  0.672710  0.662494  0.627113  0.661196  0.613630  0.669344  0.757854  0.555811  0.609419 
7  0.427573  0.612506  0.670706  0.420755  0.646718  0.415799  0.626071 0.0  0.490147  0.651908  0.666147  0.622580  0.609628  0.596392  0.258533  0.630557  0.997063  0.733213  0.633798  0.670611  0.711165  0.525912  0.582031  0.578635  0.751637  0.440720  0.507566  0.767467  0.712191  0.620349  0.516800  0.549519  0.675330  0.374152  0.437576  0.739271  0.555366  0.636733  0.656119  0.701275  0.693717  0.763266  0.591938  0.466478  0.500671  0.586179  0.525990  0.559853  0.604253  0.672767  0.448703  0.751152  0.412138  0.535283  0.668342  0.601332  0.519177  0.399233  0.473383  0.740594 
8  0.345812  0.567691  0.673881  0.436626  0.564599  0.541883  0.724692  0.490147 0.0  0.742332  0.620446  0.580778  0.544146  0.268504  0.590640  0.711973  0.899779  0.750528  0.243216  0.737645  0.760164  0.633512  0.350802  0.673745  0.791546  0.278049  0.472596  0.575783  0.797584  0.410264  0.573364  0.754401  0.462563  0.510083  0.373267  0.658522  0.423028  0.598507  0.636070  0.696174  0.712646  0.701571  0.653384  0.204254  0.457759  0.817186  0.396305  0.512833  0.635278  0.579867  0.336506  0.775274  0.220851  0.372436  0.810916  0.588611  0.428639  0.421901  0.674801  0.707806 
9  0.653865  0.574154  0.554074  0.665409  0.614486  0.575627  0.696873  0.651908  0.742332 0.0  0.643662  0.460794  0.715662  0.705237  0.665602  0.684831  0.864956  0.541759  0.722970  0.619478  0.716937  0.769645  0.541438  0.592571  0.940295  0.783365  0.661290  0.740431  0.441530  0.584586  0.631150  0.617029  0.671009  0.656152  0.719967  0.382913  0.709274  0.683638  0.652213  0.538393  0.684644  0.711295  0.614798  0.650829  0.725985  0.579101  0.763860  0.565590  0.523599  0.382860  0.748519  0.739637  0.720338  0.595444  0.376361  0.486378  0.753960  0.645146  0.573921  0.466768 
10  0.624102  0.647372  0.736641  0.522117  0.399054  0.700701  0.722959  0.666147  0.620446  0.643662 0.0  0.732841  0.337361  0.662836  0.588756  0.776079  0.872334  0.594217  0.619054  0.476433  0.763863  0.567311  0.498196  0.606045  0.913427  0.718224  0.660236  0.776159  0.708375  0.488280  0.695686  0.700703  0.574587  0.753050  0.526494  0.673933  0.508423  0.710403  0.449596  0.664470  0.774180  0.646419  0.535467  0.620534  0.720250  0.789460  0.636322  0.472804  0.664098  0.742963  0.614786  0.744423  0.512377  0.715508  0.685225  0.572337  0.539018  0.592996  0.648546  0.677761 
11  0.679380  0.472226  0.640040  0.633860  0.773366  0.532307  0.471027  0.622580  0.580778  0.460794  0.732841 0.0  0.568322  0.602708  0.554244  0.597189  0.761443  0.446509  0.674422  0.657435  0.764882  0.594567  0.615962  0.275845  0.747671  0.744459  0.606977  0.785932  0.577502  0.644020  0.528092  0.611303  0.745787  0.652399  0.805575  0.484445  0.750767  0.703220  0.793386  0.559005  0.557263  0.738516  0.579931  0.670953  0.656912  0.407215  0.797309  0.514182  0.552360  0.392224  0.640666  0.608292  0.534591  0.716849  0.399457  0.571167  0.675607  0.587097  0.371513  0.437092 
12  0.702094  0.517422  0.654638  0.514050  0.226709  0.550245  0.786616  0.609628  0.544146  0.715662  0.337361  0.568322 0.0  0.493595  0.574983  0.807528  0.818425  0.700283  0.509934  0.585735  0.783765  0.605196  0.365120  0.576522  0.769001  0.631714  0.637865  0.728396  0.758379  0.472667  0.652174  0.812065  0.573420  0.554628  0.433299  0.583923  0.479627  0.588883  0.601385  0.594064  0.698592  0.613073  0.590547  0.503059  0.705813  0.629192  0.680637  0.373474  0.449954  0.657181  0.760480  0.779173  0.544064  0.533724  0.677918  0.543676  0.587208  0.567389  0.644189  0.654267 
13  0.352429  0.592252  0.731488  0.434745  0.508373  0.639685  0.735241  0.596392  0.268504  0.705237  0.662836  0.602708  0.493595 0.0  0.499456  0.790784  0.896455  0.716780  0.227607  0.533806  0.617179  0.427723  0.521028  0.628202  0.860226  0.293069  0.463672  0.627589  0.770195  0.488021  0.505385  0.757069  0.472237  0.476801  0.438676  0.695416  0.444938  0.404288  0.766887  0.764867  0.766861  0.779336  0.590042  0.345648  0.343744  0.668078  0.391614  0.520820  0.633032  0.710638  0.210862  0.762704  0.416570  0.263043  0.666015  0.556075  0.288854  0.181466  0.646817  0.593255 
14  0.439132  0.503218  0.718697  0.221031  0.487546  0.399710  0.668369  0.258533  0.590640  0.665602  0.588756  0.554244  0.574983  0.499456 0.0  0.724266  0.843214  0.583689  0.398437  0.656882  0.762023  0.556542  0.561293  0.603158  0.838499  0.479485  0.593468  0.638740  0.658984  0.547117  0.529292  0.669370  0.522527  0.254601  0.358980  0.473662  0.530192  0.626937  0.602655  0.764614  0.713288  0.739789  0.512711  0.411001  0.520519  0.578836  0.609635  0.538375  0.457498  0.513785  0.451464  0.766672  0.387230  0.524259  0.715721  0.559839  0.635115  0.492826  0.529641  0.597155 
15  0.845428  0.777949  0.336327  0.700804  0.687265  0.614908  0.643766  0.630557  0.711973  0.684831  0.776079  0.597189  0.807528  0.790784  0.724266 0.0  0.669781  0.487873  0.694211  0.734439  0.367753  0.749391  0.824960  0.690554  0.661967  0.776123  0.814148  0.879623  0.631688  0.753700  0.702896  0.620814  0.742102  0.696792  0.857294  0.568974  0.848122  0.826380  0.862446  0.760990  0.444771  0.728524  0.733674  0.780284  0.855400  0.551795  0.793654  0.672097  0.693643  0.547143  0.784900  0.372598  0.746356  0.694588  0.598476  0.723020  0.771197  0.822008  0.564171  0.695807 
16  0.835075  0.779095  0.775630  0.898621  0.949052  0.734986  0.827324  0.997063  0.899779  0.864956  0.872334  0.761443  0.818425  0.896455  0.843214  0.669781 0.0  0.778220  0.923654  0.877036  0.746033  0.831386  0.905928  0.818822  0.514775  0.948248  0.818292  0.921868  0.869430  0.890139  0.818167  0.872177  0.827426  0.908630  0.810444  0.855803  0.821877  0.912441  0.779693  0.885541  0.786778  0.862557  0.740741  0.846038  0.908936  0.789768  0.866087  1.000000  0.852743  0.719237  0.901886  0.804125  0.914625  0.952710  0.747415  0.908379  0.939231  0.884943  0.825200  0.754535 
17  0.797618  0.603042  0.400326  0.765260  0.740706  0.688136  0.467955  0.733213  0.750528  0.541759  0.594217  0.446509  0.700283  0.716780  0.583689  0.487873  0.778220 0.0  0.747266  0.859314  0.552970  0.844735  0.645260  0.514561  0.790347  0.767629  0.874454  0.761074  0.548625  0.686593  0.653987  0.317666  0.870141  0.748622  0.771489  0.403559  0.784644  0.731012  0.731117  0.656042  0.492481  0.700307  0.710129  0.625075  0.837233  0.469413  0.772560  0.809535  0.720209  0.340313  0.858140  0.673424  0.699791  0.650258  0.438060  0.611686  0.740842  0.695000  0.588980  0.552348 
18  0.153154  0.549420  0.822575  0.469385  0.566154  0.516804  0.666850  0.633798  0.243216  0.722970  0.619054  0.674422  0.509934  0.227607  0.398437  0.694211  0.923654  0.747266 0.0  0.780717  0.825058  0.508052  0.531811  0.698034  0.866843  0.318684  0.497088  0.474816  0.767905  0.356726  0.596652  0.768337  0.491310  0.477460  0.389064  0.693368  0.345446  0.381473  0.724460  0.657321  0.742164  0.748014  0.579173  0.463258  0.438961  0.718690  0.271002  0.556951  0.603084  0.653211  0.219817  0.794578  0.471267  0.198987  0.690604  0.640124  0.179976  0.423948  0.732635  0.742524 
19  0.667703  0.696764  0.714804  0.758920  0.539672  0.594863  0.823129  0.670611  0.737645  0.619478  0.476433  0.657435  0.585735  0.533806  0.656882  0.734439  0.877036  0.859314  0.780717 0.0  0.799927  0.571880  0.561755  0.747869  0.827655  0.570414  0.649141  0.773537  0.813664  0.582749  0.703892  0.713262  0.493228  0.573891  0.667053  0.588539  0.593220  0.747350  0.235337  0.499847  0.645308  0.614509  0.598194  0.726626  0.646881  0.732427  0.672804  0.631646  0.666644  0.675896  0.650475  0.745839  0.631847  0.600846  0.719029  0.541605  0.717939  0.653896  0.604666  0.830386 
20  0.803298  0.708760  0.451359  0.831822  0.729843  0.720349  0.603234  0.711165  0.760164  0.716937  0.763863  0.764882  0.783765  0.617179  0.762023  0.367753  0.746033  0.552970  0.825058  0.799927 0.0  0.771650  0.582667  0.644569  0.658945  0.838548  0.838749  0.720818  0.566859  0.794027  0.634116  0.558651  0.797541  0.781782  0.720299  0.719316  0.708848  0.791305  0.804599  0.729336  0.447462  0.794227  0.731327  0.791990  0.788608  0.466411  0.819505  0.669685  0.639352  0.544858  0.792190  0.488984  0.679397  0.774313  0.603322  0.782164  0.690699  0.744419  0.743933  0.667837 
21  0.464119  0.653664  0.673191  0.484111  0.408773  0.618963  0.796958  0.525912  0.633512  0.769645  0.567311  0.594567  0.605196  0.427723  0.556542  0.749391  0.831386  0.844735  0.508052  0.571880  0.771650 0.0  0.482878  0.686343  0.912878  0.526516  0.676539  0.668031  0.739488  0.260725  0.617761  0.768129  0.403922  0.527882  0.352375  0.742634  0.313029  0.490067  0.625281  0.749505  0.745790  0.794506  0.605604  0.400869  0.553562  0.706675  0.435825  0.576152  0.629478  0.709912  0.446853  0.812211  0.378193  0.637796  0.859658  0.517352  0.401460  0.283457  0.771220  0.698442 
22  0.518467  0.589778  0.761244  0.480261  0.370385  0.630366  0.726772  0.582031  0.350802  0.541438  0.498196  0.615962  0.365120  0.521028  0.561293  0.824960  0.905928  0.645260  0.531811  0.561755  0.582667  0.482878 0.0  0.581442  0.841711  0.550409  0.568253  0.704065  0.585874  0.413342  0.556487  0.669590  0.497430  0.604337  0.436876  0.568892  0.473704  0.593472  0.592151  0.734576  0.710477  0.781316  0.486286  0.502284  0.611178  0.538893  0.559451  0.344820  0.475158  0.653150  0.689705  0.703493  0.457357  0.598123  0.753782  0.553321  0.556282  0.465274  0.645105  0.636268 
23  0.460088  0.381456  0.629506  0.457321  0.681426  0.517130  0.590427  0.578635  0.673745  0.592571  0.606045  0.275845  0.576522  0.628202  0.603158  0.690554  0.818822  0.514561  0.698034  0.747869  0.644569  0.686343  0.581442 0.0  0.791464  0.607790  0.637571  0.772785  0.494610  0.600840  0.636938  0.657602  0.811186  0.547471  0.645153  0.433250  0.563795  0.645813  0.736812  0.718596  0.530585  0.686099  0.461438  0.576234  0.633036  0.425743  0.789381  0.574745  0.602831  0.430162  0.746186  0.679588  0.631486  0.621019  0.609977  0.546424  0.709299  0.647663  0.176343  0.660143 
24  0.902479  0.999534  0.734475  0.926212  0.838524  0.899860  0.753755  0.751637  0.791546  0.940295  0.913427  0.747671  0.769001  0.860226  0.838499  0.661967  0.514775  0.790347  0.866843  0.827655  0.658945  0.912878  0.841711  0.791464 0.0  0.897416  0.821357  0.740333  0.677271  0.774237  0.812946  0.831349  0.869580  0.799707  0.876717  0.816548  0.865604  0.900581  0.896636  0.706483  0.724125  0.907777  0.817198  0.714286  0.847688  0.845382  0.886828  0.903969  0.829401  0.822032  0.828043  0.786769  0.797081  0.877917  0.779777  0.782630  0.940507  0.883526  0.757774  0.746688 
25  0.285556  0.702949  0.822095  0.409495  0.737645  0.679593  0.718580  0.440720  0.278049  0.783365  0.718224  0.744459  0.631714  0.293069  0.479485  0.776123  0.948248  0.767629  0.318684  0.570414  0.838548  0.526516  0.550409  0.607790  0.897416 0.0  0.475988  0.453850  0.786912  0.534990  0.523676  0.782701  0.489040  0.443659  0.530965  0.659444  0.517581  0.395248  0.724193  0.695036  0.751915  0.785576  0.686639  0.447132  0.343981  0.765896  0.211188  0.617972  0.564437  0.685429  0.388752  0.842071  0.478820  0.190535  0.706165  0.640993  0.350337  0.426350  0.666230  0.793639 
26  0.501044  0.715749  0.683178  0.557920  0.664135  0.551391  0.742782  0.507566  0.472596  0.661290  0.660236  0.606977  0.637865  0.463672  0.593468  0.814148  0.818292  0.874454  0.497088  0.649141  0.838749  0.676539  0.568253  0.637571  0.821357  0.475988 0.0  0.430247  0.689146  0.546147  0.546861  0.753532  0.563522  0.470151  0.510458  0.748687  0.618197  0.219784  0.848151  0.685922  0.764637  0.786468  0.684682  0.520819  0.292527  0.690189  0.328687  0.690453  0.740662  0.700110  0.385789  0.809243  0.487169  0.414792  0.793468  0.633436  0.472563  0.521205  0.694385  0.738377 
27  0.570810  0.728400  0.899170  0.605051  0.696104  0.721292  0.664312  0.767467  0.575783  0.740431  0.776159  0.785932  0.728396  0.627589  0.638740  0.879623  0.921868  0.761074  0.474816  0.773537  0.720818  0.668031  0.704065  0.772785  0.740333  0.453850  0.430247 0.0  0.840862  0.612729  0.582086  0.751199  0.534075  0.600625  0.553026  0.736936  0.662357  0.486753  0.696696  0.682487  0.841943  0.741295  0.719423  0.456002  0.614910  0.684842  0.446274  0.726468  0.600843  0.861546  0.476516  0.752800  0.602227  0.522789  0.885614  0.664221  0.446904  0.571700  0.666081  0.737608 
28  0.722138  0.476659  0.524413  0.681972  0.571932  0.542477  0.625192  0.712191  0.797584  0.441530  0.708375  0.577502  0.758379  0.770195  0.658984  0.631688  0.869430  0.548625  0.767905  0.813664  0.566859  0.739488  0.585874  0.494610  0.677271  0.786912  0.689146  0.840862 0.0  0.627913  0.607833  0.483148  0.628382  0.708778  0.562424  0.243478  0.743148  0.727679  0.637498  0.652713  0.578033  0.738666  0.534132  0.735493  0.753253  0.477009  0.785330  0.601839  0.732683  0.283113  0.717182  0.527281  0.724297  0.789796  0.211829  0.563192  0.690398  0.837709  0.672076  0.509765 
29  0.496644  0.521388  0.821721  0.462969  0.361053  0.471496  0.695321  0.620349  0.410264  0.584586  0.488280  0.644020  0.472667  0.488021  0.547117  0.753700  0.890139  0.686593  0.356726  0.582749  0.794027  0.260725  0.413342  0.600840  0.774237  0.534990  0.546147  0.612729  0.627913 0.0  0.631063  0.791104  0.522989  0.561848  0.293747  0.740531  0.270716  0.649888  0.683473  0.673820  0.774987  0.659452  0.579824  0.486806  0.614849  0.735435  0.582782  0.495431  0.607010  0.642025  0.432078  0.741195  0.535656  0.495274  0.668034  0.605031  0.458547  0.280456  0.637878  0.618044 
30  0.697345  0.611958  0.729779  0.518714  0.657468  0.531856  0.412091  0.516800  0.573364  0.631150  0.695686  0.528092  0.652174  0.505385  0.529292  0.702896  0.818167  0.653987  0.596652  0.703892  0.634116  0.617761  0.556487  0.636938  0.812946  0.523676  0.546861  0.582086  0.607833  0.631063 0.0  0.645293  0.573718  0.424741  0.642537  0.697309  0.662121  0.698283  0.845983  0.688815  0.699343  0.697742  0.662305  0.532243  0.551874  0.618628  0.604305  0.651698  0.540145  0.707636  0.502394  0.753618  0.584992  0.608335  0.764870  0.563417  0.642275  0.744373  0.541853  0.682168 
31  0.601818  0.594965  0.433416  0.781755  0.754381  0.561514  0.394174  0.549519  0.754401  0.617029  0.700703  0.611303  0.812065  0.757069  0.669370  0.620814  0.872177  0.317666  0.768337  0.713262  0.558651  0.768129  0.669590  0.657602  0.831349  0.782701  0.753532  0.751199  0.483148  0.791104  0.645293 0.0  0.904221  0.693589  0.758860  0.398455  0.754771  0.585113  0.748616  0.799392  0.294102  0.749699  0.732632  0.601469  0.758842  0.424377  0.858472  0.712641  0.724870  0.577066  0.697198  0.628056  0.681563  0.720166  0.593707  0.644945  0.756194  0.724609  0.583407  0.635900 
32  0.522139  0.695991  0.810165  0.572030  0.579229  0.626060  0.582984  0.675330  0.462563  0.671009  0.574587  0.745787  0.573420  0.472237  0.522527  0.742102  0.827426  0.870141  0.491310  0.493228  0.797541  0.403922  0.497430  0.811186  0.869580  0.489040  0.563522  0.534075  0.628382  0.522989  0.573718  0.904221 0.0  0.420326  0.437518  0.882715  0.261222  0.480231  0.598362  0.582371  0.824897  0.748346  0.726391  0.525911  0.379554  0.812075  0.483074  0.583652  0.599641  0.595239  0.442300  0.762763  0.481332  0.535996  0.769127  0.616971  0.369580  0.336815  0.555502  0.592671 
33  0.427322  0.571072  0.673572  0.513482  0.441750  0.553051  0.611390  0.374152  0.510083  0.656152  0.753050  0.652399  0.554628  0.476801  0.254601  0.696792  0.908630  0.748622  0.477460  0.573891  0.781782  0.527882  0.604337  0.547471  0.799707  0.443659  0.470151  0.600625  0.708778  0.561848  0.424741  0.693589  0.420326 0.0  0.388596  0.626802  0.727683  0.547074  0.618635  0.822724  0.656568  0.703168  0.719972  0.626479  0.483504  0.648337  0.533689  0.737313  0.653568  0.655511  0.598846  0.678492  0.412287  0.499712  0.630075  0.661814  0.523987  0.573479  0.454658  0.697477 
34  0.436001  0.612898  0.634305  0.383455  0.562012  0.530386  0.651238  0.437576  0.373267  0.719967  0.526494  0.805575  0.433299  0.438676  0.358980  0.857294  0.810444  0.771489  0.389064  0.667053  0.720299  0.352375  0.436876  0.645153  0.876717  0.530965  0.510458  0.553026  0.562424  0.293747  0.642537  0.758860  0.437518  0.388596 0.0  0.701016  0.302654  0.501366  0.678784  0.670616  0.709714  0.736528  0.591482  0.390648  0.606361  0.713771  0.541408  0.340923  0.472288  0.720311  0.458722  0.787399  0.325790  0.490371  0.675103  0.639425  0.417321  0.341020  0.666841  0.834385 
35  0.760812  0.566707  0.441781  0.670815  0.737942  0.648328  0.593773  0.739271  0.658522  0.382913  0.673933  0.484445  0.583923  0.695416  0.473662  0.568974  0.855803  0.403559  0.693368  0.588539  0.719316  0.742634  0.568892  0.433250  0.816548  0.659444  0.748687  0.736936  0.243478  0.740531  0.697309  0.398455  0.882715  0.626802  0.701016 0.0  0.728491  0.704566  0.740113  0.544265  0.487846  0.658728  0.610204  0.700231  0.704525  0.463213  0.752049  0.789418  0.620379  0.266977  0.687698  0.588342  0.637828  0.705939  0.332572  0.616599  0.769430  0.755736  0.522907  0.462366 
36  0.507168  0.624161  0.786422  0.536468  0.450996  0.595706  0.703420  0.555366  0.423028  0.709274  0.508423  0.750767  0.479627  0.444938  0.530192  0.848122  0.821877  0.784644  0.345446  0.593220  0.708848  0.313029  0.473704  0.563795  0.865604  0.517581  0.618197  0.662357  0.743148  0.270716  0.662121  0.754771  0.261222  0.727683  0.302654  0.728491 0.0  0.442315  0.636712  0.705302  0.744228  0.668374  0.601377  0.492031  0.504521  0.728483  0.510190  0.574024  0.683348  0.763052  0.488140  0.810539  0.331601  0.491447  0.713753  0.623880  0.331299  0.246494  0.585061  0.742969 
37  0.441702  0.659339  0.790076  0.497147  0.548358  0.586199  0.688060  0.636733  0.598507  0.683638  0.710403  0.703220  0.588883  0.404288  0.626937  0.826380  0.912441  0.731012  0.381473  0.747350  0.791305  0.490067  0.593472  0.645813  0.900581  0.395248  0.219784  0.486753  0.727679  0.649888  0.698283  0.585113  0.480231  0.547074  0.501366  0.704566  0.442315 0.0  0.792482  0.692680  0.784889  0.861001  0.576864  0.524466  0.191489  0.813030  0.303027  0.702714  0.576543  0.789575  0.381937  0.760847  0.481899  0.396140  0.778600  0.815924  0.433363  0.526395  0.693569  0.698248 
38  0.605980  0.696184  0.775391  0.759028  0.483208  0.627136  0.822885  0.656119  0.636070  0.652213  0.449596  0.793386  0.601385  0.766887  0.602655  0.862446  0.779693  0.731117  0.724460  0.235337  0.804599  0.625281  0.592151  0.736812  0.896636  0.724193  0.848151  0.696696  0.637498  0.683473  0.845983  0.748616  0.598362  0.618635  0.678784  0.740113  0.636712  0.792482 0.0  0.574343  0.794782  0.543209  0.687163  0.850565  0.653318  0.765644  0.691363  0.589039  0.601968  0.704218  0.648667  0.709086  0.702370  0.705815  0.645238  0.673895  0.626295  0.605986  0.659579  0.644876 
39  0.682305  0.714054  0.816348  0.656830  0.574440  0.673653  0.692237  0.701275  0.696174  0.538393  0.664470  0.559005  0.594064  0.764867  0.764614  0.760990  0.885541  0.656042  0.657321  0.499847  0.729336  0.749505  0.734576  0.718596  0.706483  0.695036  0.685922  0.682487  0.652713  0.673820  0.688815  0.799392  0.582371  0.822724  0.670616  0.544265  0.705302  0.692680  0.574343 0.0  0.691802  0.685718  0.566874  0.669580  0.770689  0.607870  0.742886  0.599270  0.569708  0.552855  0.663049  0.694511  0.692334  0.659409  0.635100  0.581359  0.748529  0.728962  0.704442  0.522136 
40  0.719233  0.629903  0.506921  0.795906  0.799140  0.689413  0.487227  0.693717  0.712646  0.684644  0.774180  0.557263  0.698592  0.766861  0.713288  0.444771  0.786778  0.492481  0.742164  0.645308  0.447462  0.745790  0.710477  0.530585  0.724125  0.751915  0.764637  0.841943  0.578033  0.774987  0.699343  0.294102  0.824897  0.656568  0.709714  0.487846  0.744228  0.784889  0.794782  0.691802 0.0  0.717620  0.710666  0.810204  0.728648  0.547348  0.681275  0.706247  0.618299  0.533873  0.685547  0.617456  0.791448  0.703686  0.562097  0.700609  0.883452  0.654581  0.599662  0.702680 
41  0.725101  0.792916  0.784729  0.774488  0.692115  0.728511  0.811000  0.763266  0.701571  0.711295  0.646419  0.738516  0.613073  0.779336  0.739789  0.728524  0.862557  0.700307  0.748014  0.614509  0.794227  0.794506  0.781316  0.686099  0.907777  0.785576  0.786468  0.741295  0.738666  0.659452  0.697742  0.749699  0.748346  0.703168  0.736528  0.658728  0.668374  0.861001  0.543209  0.685718  0.717620 0.0  0.527930  0.719783  0.751394  0.888962  0.836565  0.696161  0.614083  0.709258  0.649508  0.753958  0.715785  0.779802  0.761533  0.752859  0.775796  0.738886  0.768919  0.554183 
42  0.765908  0.432516  0.623350  0.537472  0.574461  0.504052  0.663473  0.591938  0.653384  0.614798  0.535467  0.579931  0.590547  0.590042  0.512711  0.733674  0.740741  0.710129  0.579173  0.598194  0.731327  0.605604  0.486286  0.461438  0.817198  0.686639  0.684682  0.719423  0.534132  0.579824  0.662305  0.732632  0.726391  0.719972  0.591482  0.610204  0.601377  0.576864  0.687163  0.566874  0.710666  0.527930 0.0  0.634173  0.702959  0.536670  0.678174  0.403462  0.287301  0.586821  0.613265  0.574541  0.567300  0.576777  0.671036  0.084793  0.684421  0.614188  0.538745  0.551356 
43  0.362243  0.526637  0.611542  0.210550  0.623877  0.580596  0.629354  0.466478  0.204254  0.650829  0.620534  0.670953  0.503059  0.345648  0.411001  0.780284  0.846038  0.625075  0.463258  0.726626  0.791990  0.400869  0.502284  0.576234  0.714286  0.447132  0.520819  0.456002  0.735493  0.486806  0.532243  0.601469  0.525911  0.626479  0.390648  0.700231  0.492031  0.524466  0.850565  0.669580  0.810204  0.719783  0.634173 0.0  0.435468  0.716547  0.332319  0.486294  0.600944  0.713442  0.369938  0.739496  0.197735  0.476899  0.746226  0.538551  0.429509  0.384888  0.587694  0.628151 
44  0.554107  0.455793  0.717981  0.575749  0.640347  0.651037  0.600764  0.500671  0.457759  0.725985  0.720250  0.656912  0.705813  0.343744  0.520519  0.855400  0.908936  0.837233  0.438961  0.646881  0.788608  0.553562  0.611178  0.633036  0.847688  0.343981  0.292527  0.614910  0.753253  0.614849  0.551874  0.758842  0.379554  0.483504  0.606361  0.704525  0.504521  0.191489  0.653318  0.770689  0.728648  0.751394  0.702959  0.435468 0.0  0.740321  0.137724  0.528474  0.610834  0.694402  0.418093  0.807553  0.414879  0.306111  0.775554  0.688617  0.351877  0.469811  0.733408  0.705238 
45  0.769129  0.520645  0.638106  0.706579  0.513196  0.556315  0.595633  0.586179  0.817186  0.579101  0.789460  0.407215  0.629192  0.668078  0.578836  0.551795  0.789768  0.469413  0.718690  0.732427  0.466411  0.706675  0.538893  0.425743  0.845382  0.765896  0.690189  0.684842  0.477009  0.735435  0.618628  0.424377  0.812075  0.648337  0.713771  0.463213  0.728483  0.813030  0.765644  0.607870  0.547348  0.888962  0.536670  0.716547  0.740321 0.0  0.685705  0.658043  0.591821  0.445685  0.708239  0.655496  0.671246  0.718049  0.530216  0.592765  0.636782  0.707747  0.469888  0.605059 
46  0.265602  0.681232  0.772672  0.507415  0.574892  0.603134  0.635839  0.525990  0.396305  0.763860  0.636322  0.797309  0.680637  0.391614  0.609635  0.793654  0.866087  0.772560  0.271002  0.672804  0.819505  0.435825  0.559451  0.789381  0.886828  0.211188  0.328687  0.446274  0.785330  0.582782  0.604305  0.858472  0.483074  0.533689  0.541408  0.752049  0.510190  0.303027  0.691363  0.742886  0.681275  0.836565  0.678174  0.332319  0.137724  0.685705 0.0  0.599006  0.513617  0.740391  0.282000  0.926062  0.314954  0.256599  0.695691  0.674848  0.389183  0.574579  0.720233  0.803766 
47  0.496516  0.478197  0.781457  0.500793  0.493702  0.409538  0.784689  0.559853  0.512833  0.565590  0.472804  0.514182  0.373474  0.520820  0.538375  0.672097  1.000000  0.809535  0.556951  0.631646  0.669685  0.576152  0.344820  0.574745  0.903969  0.617972  0.690453  0.726468  0.601839  0.495431  0.651698  0.712641  0.583652  0.737313  0.340923  0.789418  0.574024  0.702714  0.589039  0.599270  0.706247  0.696161  0.403462  0.486294  0.528474  0.658043  0.599006 0.0  0.360896  0.753346  0.597457  0.738854  0.474829  0.639534  0.562465  0.567128  0.634880  0.505765  0.529017  0.510649 
48  0.581412  0.616151  0.651924  0.554285  0.562596  0.539489  0.621697  0.604253  0.635278  0.523599  0.664098  0.552360  0.449954  0.633032  0.457498  0.693643  0.852743  0.720209  0.603084  0.666644  0.639352  0.629478  0.475158  0.602831  0.829401  0.564437  0.740662  0.600843  0.732683  0.607010  0.540145  0.724870  0.599641  0.653568  0.472288  0.620379  0.683348  0.576543  0.601968  0.569708  0.618299  0.614083  0.287301  0.600944  0.610834  0.591821  0.513617  0.360896 0.0  0.616402  0.637626  0.743754  0.629951  0.673940  0.536692  0.307352  0.684647  0.614295  0.620966  0.612262 
49  0.765877  0.464443  0.638254  0.622532  0.666541  0.606704  0.530631  0.672767  0.579867  0.382860  0.742963  0.392224  0.657181  0.710638  0.513785  0.547143  0.719237  0.340313  0.653211  0.675896  0.544858  0.709912  0.653150  0.430162  0.822032  0.685429  0.700110  0.861546  0.283113  0.642025  0.707636  0.577066  0.595239  0.655511  0.720311  0.266977  0.763052  0.789575  0.704218  0.552855  0.533873  0.709258  0.586821  0.713442  0.694402  0.445685  0.740391  0.753346  0.616402 0.0  0.768620  0.579332  0.808077  0.616638  0.270835  0.662805  0.720563  0.745262  0.541149  0.430053 
50  0.356098  0.579313  0.779949  0.548367  0.635252  0.561490  0.629111  0.448703  0.336506  0.748519  0.614786  0.640666  0.760480  0.210862  0.451464  0.784900  0.901886  0.858140  0.219817  0.650475  0.792190  0.446853  0.689705  0.746186  0.828043  0.388752  0.385789  0.476516  0.717182  0.432078  0.502394  0.697198  0.442300  0.598846  0.458722  0.687698  0.488140  0.381937  0.648667  0.663049  0.685547  0.649508  0.613265  0.369938  0.418093  0.708239  0.282000  0.597457  0.637626  0.768620 0.0  0.779510  0.426392  0.185328  0.845178  0.573761  0.164368  0.549538  0.616726  0.760563 
51  0.696909  0.660868  0.448084  0.830200  0.734054  0.746319  0.672710  0.751152  0.775274  0.739637  0.744423  0.608292  0.779173  0.762704  0.766672  0.372598  0.804125  0.673424  0.794578  0.745839  0.488984  0.812211  0.703493  0.679588  0.786769  0.842071  0.809243  0.752800  0.527281  0.741195  0.753618  0.628056  0.762763  0.678492  0.787399  0.588342  0.810539  0.760847  0.709086  0.694511  0.617456  0.753958  0.574541  0.739496  0.807553  0.655496  0.926062  0.738854  0.743754  0.579332  0.779510 0.0  0.643831  0.757051  0.559498  0.733000  0.776116  0.859215  0.697613  0.519330 
52  0.370486  0.540952  0.732981  0.249707  0.471888  0.417692  0.662494  0.412138  0.220851  0.720338  0.512377  0.534591  0.544064  0.416570  0.387230  0.746356  0.914625  0.699791  0.471267  0.631847  0.679397  0.378193  0.457357  0.631486  0.797081  0.478820  0.487169  0.602227  0.724297  0.535656  0.584992  0.681563  0.481332  0.412287  0.325790  0.637828  0.331601  0.481899  0.702370  0.692334  0.791448  0.715785  0.567300  0.197735  0.414879  0.671246  0.314954  0.474829  0.629951  0.808077  0.426392  0.643831 0.0  0.387174  0.644548  0.592801  0.327030  0.379124  0.612485  0.753243 
53  0.257484  0.630001  0.829833  0.378162  0.690664  0.538371  0.627113  0.535283  0.372436  0.595444  0.715508  0.716849  0.533724  0.263043  0.524259  0.694588  0.952710  0.650258  0.198987  0.600846  0.774313  0.637796  0.598123  0.621019  0.877917  0.190535  0.414792  0.522789  0.789796  0.495274  0.608335  0.720166  0.535996  0.499712  0.490371  0.705939  0.491447  0.396140  0.705815  0.659409  0.703686  0.779802  0.576777  0.476899  0.306111  0.718049  0.256599  0.639534  0.673940  0.616638  0.185328  0.757051  0.387174 0.0  0.765820  0.632785  0.389736  0.444998  0.649377  0.780265 
54  0.662145  0.607407  0.687875  0.733602  0.658626  0.652166  0.661196  0.668342  0.810916  0.376361  0.685225  0.399457  0.677918  0.666015  0.715721  0.598476  0.747415  0.438060  0.690604  0.719029  0.603322  0.859658  0.753782  0.609977  0.779777  0.706165  0.793468  0.885614  0.211829  0.668034  0.764870  0.593707  0.769127  0.630075  0.675103  0.332572  0.713753  0.778600  0.645238  0.635100  0.562097  0.761533  0.671036  0.746226  0.775554  0.530216  0.695691  0.562465  0.536692  0.270835  0.845178  0.559498  0.644548  0.765820 0.0  0.586901  0.804050  0.705582  0.568585  0.383742 
55  0.652903  0.443075  0.685860  0.552640  0.558073  0.555168  0.613630  0.601332  0.588611  0.486378  0.572337  0.571167  0.543676  0.556075  0.559839  0.723020  0.908379  0.611686  0.640124  0.541605  0.782164  0.517352  0.553321  0.546424  0.782630  0.640993  0.633436  0.664221  0.563192  0.605031  0.563417  0.644945  0.616971  0.661814  0.639425  0.616599  0.623880  0.815924  0.673895  0.581359  0.700609  0.752859  0.084793  0.538551  0.688617  0.592765  0.674848  0.567128  0.307352  0.662805  0.573761  0.733000  0.592801  0.632785  0.586901 0.0  0.581426  0.600007  0.486191  0.528084 
56  0.396853  0.743028  0.765357  0.586789  0.551516  0.648143  0.669344  0.519177  0.428639  0.753960  0.539018  0.675607  0.587208  0.288854  0.635115  0.771197  0.939231  0.740842  0.179976  0.717939  0.690699  0.401460  0.556282  0.709299  0.940507  0.350337  0.472563  0.446904  0.690398  0.458547  0.642275  0.756194  0.369580  0.523987  0.417321  0.769430  0.331299  0.433363  0.626295  0.748529  0.883452  0.775796  0.684421  0.429509  0.351877  0.636782  0.389183  0.634880  0.684647  0.720563  0.164368  0.776116  0.327030  0.389736  0.804050  0.581426 0.0  0.394235  0.622444  0.736362 
57  0.567493  0.624341  0.765653  0.413184  0.531686  0.588954  0.757854  0.399233  0.421901  0.645146  0.592996  0.587097  0.567389  0.181466  0.492826  0.822008  0.884943  0.695000  0.423948  0.653896  0.744419  0.283457  0.465274  0.647663  0.883526  0.426350  0.521205  0.571700  0.837709  0.280456  0.744373  0.724609  0.336815  0.573479  0.341020  0.755736  0.246494  0.526395  0.605986  0.728962  0.654581  0.738886  0.614188  0.384888  0.469811  0.707747  0.574579  0.505765  0.614295  0.745262  0.549538  0.859215  0.379124  0.444998  0.705582  0.600007  0.394235 0.0  0.800224  0.747152 
58  0.639454  0.312605  0.708734  0.578749  0.664547  0.395072  0.555811  0.473383  0.674801  0.573921  0.648546  0.371513  0.644189  0.646817  0.529641  0.564171  0.825200  0.588980  0.732635  0.604666  0.743933  0.771220  0.645105  0.176343  0.757774  0.666230  0.694385  0.666081  0.672076  0.637878  0.541853  0.583407  0.555502  0.454658  0.666841  0.522907  0.585061  0.693569  0.659579  0.704442  0.599662  0.768919  0.538745  0.587694  0.733408  0.469888  0.720233  0.529017  0.620966  0.541149  0.616726  0.697613  0.612485  0.649377  0.568585  0.486191  0.622444  0.800224 0.0  0.682153 
59  0.663539  0.657375  0.641110  0.702214  0.633828  0.617243  0.609419  0.740594  0.707806  0.466768  0.677761  0.437092  0.654267  0.593255  0.597155  0.695807  0.754535  0.552348  0.742524  0.830386  0.667837  0.698442  0.636268  0.660143  0.746688  0.793639  0.738377  0.737608  0.509765  0.618044  0.682168  0.635900  0.592671  0.697477  0.834385  0.462366  0.742969  0.698248  0.644876  0.522136  0.702680  0.554183  0.551356  0.628151  0.705238  0.605059  0.803766  0.510649  0.612262  0.430053  0.760563  0.519330  0.753243  0.780265  0.383742  0.528084  0.736362  0.747152  0.682153 0.0 
