89
0 0.0  0.606945  0.604166  0.263773  0.458395  0.739986  0.634597  0.543178  0.751986  0.796254  0.482408  0.720941  0.535845  0.821399  0.311581  0.588216  0.849266  0.724343  0.554809  0.529556  0.555164  0.732087  0.507358  0.582241  0.840745  0.721944  0.927174  0.714825  0.775667  0.682737  0.490892  0.571446  0.706912  0.593624  0.604409  0.809630  0.864347  0.607632  0.541206  0.873421  0.626502  0.636133  0.876917  0.666162  0.547733  0.567834  0.568746  0.543061  0.384410  0.626704  0.573121  0.467221  0.506544  0.781702  0.791381  0.536077  0.611117  0.672212  0.405069  0.227704  0.435164  0.476446  0.664170  0.671894  0.818972  0.839479  0.621518  0.379095  0.583453  0.675901  0.822688  0.669336  0.748562  0.638451  0.360141  0.691939  0.742749  0.488512  0.713815  0.661804  0.621414  0.673979  0.672312  0.747364  0.812669  0.667620  0.814825  0.710136  0.730180 
1  0.606945 0.0  0.625905  0.646844  0.654768  0.755122  0.617534  0.606426  0.450757  0.845595  0.733755  0.767612  0.528923  0.774284  0.752973  0.717751  0.682771  0.825461  0.765094  0.760543  0.542534  0.832287  0.812250  0.582602  0.926986  0.778422  0.804753  0.642549  0.871182  0.316116  0.541895  0.715164  0.593611  0.603691  0.811773  0.843102  0.774383  0.708919  0.726021  0.788763  0.637473  0.605869  0.846349  0.472544  0.619499  0.493579  0.856629  0.561586  0.643974  0.797085  0.749898  0.639860  0.620229  0.752868  0.812555  0.523439  0.747838  0.845440  0.661177  0.793321  0.578122  0.498920  0.787653  0.853715  0.741600  0.819931  0.700442  0.795934  0.667982  0.724748  0.854394  0.835186  0.824116  0.704768  0.662272  0.726295  0.849488  0.630428  0.795661  0.760999  0.811971  0.735657  0.702592  0.855195  0.818058  0.689825  0.887287  0.606575  0.777413 
2  0.604166  0.625905 0.0  0.527089  0.457813  0.629249  0.371780  0.614471  0.637089  0.736299  0.623489  0.763977  0.612238  0.754898  0.585770  0.701089  0.795035  0.798039  0.553243  0.623965  0.481969  0.810554  0.569803  0.727934  0.706511  0.697695  0.731448  0.725206  0.877595  0.599168  0.508815  0.737318  0.749716  0.561559  0.724849  0.718405  0.802455  0.526220  0.692689  0.866977  0.831803  0.705755  0.744130  0.603935  0.729701  0.530710  0.609206  0.373280  0.596995  0.798022  0.509480  0.654057  0.662192  0.667053  0.817405  0.638710  0.495095  0.806812  0.661364  0.594755  0.561757  0.282871  0.766738  0.737922  0.901150  0.821040  0.452806  0.667331  0.471199  0.712060  0.738350  0.791351  0.788578  0.725015  0.534141  0.792275  0.873888  0.755856  0.789009  0.787431  0.810872  0.695918  0.735355  0.847205  0.824784  0.767781  0.668411  0.717275  0.869974 
3  0.263773  0.646844  0.527089 0.0  0.333385  0.707487  0.723968  0.559112  0.691967  0.765220  0.516772  0.749781  0.620392  0.772673  0.222807  0.565763  0.797068  0.771689  0.557354  0.685688  0.390439  0.791319  0.491970  0.536367  0.786745  0.683031  0.769584  0.668760  0.818660  0.688084  0.439942  0.563144  0.631113  0.625788  0.606097  0.727590  0.725022  0.599863  0.476868  0.767678  0.740063  0.699011  0.649332  0.748676  0.600989  0.725083  0.793913  0.580177  0.198896  0.641901  0.452099  0.248292  0.498083  0.782860  0.769138  0.629732  0.474195  0.639070  0.438278  0.377381  0.322122  0.509118  0.731257  0.777351  0.767645  0.965967  0.592111  0.575284  0.433938  0.666441  0.807447  0.609413  0.865067  0.621812  0.494084  0.600608  0.766970  0.531002  0.672994  0.569054  0.691400  0.532064  0.572087  0.857007  0.784115  0.712645  0.651667  0.728353  0.834728 
4  0.458395  0.654768  0.457813  0.333385 0.0  0.583030  0.516452  0.541765  0.652507  0.786625  0.379778  0.606242  0.684009  0.894471  0.483341  0.717771  0.819073  0.644380  0.574506  0.691159  0.545208  0.606505  0.355864  0.578492  0.929596  0.593806  0.781482  0.728770  0.745957  0.715042  0.581124  0.511460  0.680062  0.597167  0.515499  0.773065  0.764886  0.664784  0.567621  0.776784  0.648024  0.701741  0.749792  0.654363  0.616535  0.649585  0.640064  0.529978  0.455590  0.674767  0.467696  0.388946  0.626253  0.815115  0.815295  0.641697  0.448949  0.651546  0.518920  0.648618  0.557501  0.619739  0.744581  0.706171  0.857191  0.806110  0.649926  0.603956  0.566465  0.703404  0.839934  0.677354  0.801821  0.665432  0.534669  0.691414  0.703875  0.382543  0.564093  0.711100  0.675208  0.648598  0.474717  0.733475  0.778024  0.745394  0.783281  0.737990  0.762044 
5  0.739986  0.755122  0.629249  0.707487  0.583030 0.0  0.803414  0.687867  0.805815  0.689365  0.645355  0.545785  0.713367  0.769115  0.724213  0.436426  0.895662  0.382538  0.511085  0.205289  0.795490  0.623943  0.755116  0.582792  0.683260  0.613982  0.866759  0.434736  0.772515  0.711409  0.558756  0.616208  0.693451  0.613532  0.402823  0.600070  0.736080  0.754395  0.700768  0.790086  0.670664  0.760866  0.657904  0.712724  0.723268  0.736991  0.436285  0.785543  0.525671  0.533205  0.636701  0.611521  0.650809  0.843433  0.486952  0.681137  0.704055  0.574097  0.646146  0.570033  0.716781  0.742320  0.468708  0.553668  0.775397  0.755000  0.715495  0.671362  0.693453  0.756475  0.666525  0.357199  0.674034  0.402977  0.633134  0.432740  0.779633  0.652278  0.598439  0.396248  0.370697  0.522145  0.498269  0.683344  0.742717  0.477278  0.670112  0.615245  0.736725 
6  0.634597  0.617534  0.371780  0.723968  0.516452  0.803414 0.0  0.664913  0.664277  0.833852  0.697134  0.851916  0.685594  0.801871  0.653273  0.709802  0.689044  0.793191  0.700556  0.733500  0.599600  0.820893  0.609137  0.691283  0.825085  0.716493  0.829817  0.780284  0.819213  0.571385  0.420069  0.680174  0.753616  0.608521  0.704340  0.789793  0.763585  0.722732  0.659233  0.620995  0.785056  0.700991  0.861439  0.699285  0.616312  0.487823  0.644102  0.454281  0.611994  0.711690  0.676358  0.631195  0.631059  0.779418  0.705944  0.605438  0.576453  0.909222  0.699503  0.648108  0.601438  0.487101  0.824438  0.799567  0.848860  0.891225  0.379456  0.636845  0.529489  0.626057  0.804814  0.815393  0.910807  0.894773  0.719595  0.758308  0.764353  0.613155  0.738767  0.700907  0.762536  0.633253  0.659935  0.772014  0.790418  0.728863  0.858412  0.613480  0.778790 
7  0.543178  0.606426  0.614471  0.559112  0.541765  0.687867  0.664913 0.0  0.634158  0.821221  0.694367  0.749406  0.557435  0.798768  0.521136  0.750059  0.902601  0.659358  0.667269  0.608290  0.717125  0.785117  0.681532  0.558046  0.774858  0.729395  0.886318  0.620235  0.756276  0.719202  0.575053  0.604851  0.563876  0.657608  0.668785  0.720026  0.790820  0.677652  0.527145  0.723924  0.597342  0.671350  0.784382  0.676072  0.444547  0.618381  0.650415  0.575719  0.551059  0.765105  0.602330  0.645453  0.405483  0.748316  0.646036  0.560363  0.691336  0.611614  0.405101  0.462840  0.645085  0.535113  0.653596  0.821743  0.848483  0.731462  0.833257  0.422949  0.689183  0.715526  0.715305  0.675438  0.727854  0.676059  0.565824  0.640790  0.792676  0.704817  0.643336  0.828395  0.721805  0.721716  0.717033  0.853150  0.819008  0.812893  0.792588  0.699525  0.762022 
8  0.751986  0.450757  0.637089  0.691967  0.652507  0.805815  0.664277  0.634158 0.0  0.891362  0.796247  0.758045  0.571371  0.763795  0.715076  0.694005  0.757109  0.816801  0.699915  0.771206  0.725426  0.828571  0.866639  0.728296  0.801585  0.833111  0.774633  0.784512  0.801671  0.511767  0.633831  0.732586  0.530344  0.715154  0.841963  0.834080  0.841251  0.698727  0.574709  0.658690  0.657728  0.468673  0.926820  0.512510  0.722215  0.665808  0.797494  0.660325  0.675772  0.708627  0.672038  0.720641  0.670038  0.884278  0.876800  0.623402  0.719083  0.769092  0.627801  0.646024  0.744373  0.668800  0.863515  0.829803  0.799856  0.929997  0.595872  0.665241  0.696426  0.725004  0.821056  0.725176  0.888709  0.814893  0.723667  0.797110  0.859524  0.687056  0.880147  0.738252  0.824174  0.745987  0.721816  0.812520  0.972877  0.747276  0.898235  0.523276  0.717302 
9  0.796254  0.845595  0.736299  0.765220  0.786625  0.689365  0.833852  0.821221  0.891362 0.0  0.907546  0.680155  0.823070  0.659711  0.826307  0.835181  0.952902  0.655754  0.805318  0.782626  0.840679  0.620594  0.883545  0.787891  0.541622  0.711816  0.855268  0.659774  0.591371  0.871429  0.866621  0.837889  0.819118  0.740671  0.591699  0.769603  0.630925  0.833793  0.822940  0.875996  0.931988  0.832172  0.551016  0.732868  0.820722  0.938310  0.772733  0.858194  0.715086  0.716030  0.806888  0.822270  0.765223  0.799515  0.655302  0.783201  0.788300  0.725930  0.821470  0.910126  0.809658  0.952303  0.743234  0.686060  0.203116  0.505346  0.825024  0.813636  0.821135  0.981185  0.571087  0.749758  0.526602  0.747127  0.807623  0.737437  0.583030  0.848643  0.627935  0.752042  0.647223  0.859545  0.710512  0.523194  0.432195  0.656724  0.624347  0.835518  0.477804 
10  0.482408  0.733755  0.623489  0.516772  0.379778  0.645355  0.697134  0.694367  0.796247  0.907546 0.0  0.593199  0.646061  0.675709  0.465212  0.673292  0.759700  0.649163  0.560053  0.537742  0.483923  0.765135  0.085981  0.671772  0.789105  0.730331  0.863286  0.652631  0.655518  0.607660  0.579220  0.561408  0.743305  0.624950  0.653899  0.766775  0.797902  0.543648  0.583820  0.714805  0.754878  0.640594  0.820155  0.774115  0.629721  0.634315  0.670968  0.471787  0.431927  0.691976  0.469430  0.552424  0.795090  0.843252  0.790147  0.626499  0.029359  0.675623  0.557361  0.492245  0.379967  0.469125  0.643285  0.718010  0.658136  0.799569  0.553180  0.522376  0.443200  0.604971  0.728303  0.658315  0.837235  0.703862  0.550597  0.600398  0.767062  0.527918  0.732756  0.669586  0.709914  0.507722  0.479811  0.865909  0.727445  0.739562  0.780350  0.836099  0.729435 
11  0.720941  0.767612  0.763977  0.749781  0.606242  0.545785  0.851916  0.749406  0.758045  0.680155  0.593199 0.0  0.805938  0.516863  0.820025  0.428619  0.786821  0.459636  0.577570  0.543573  0.579411  0.601819  0.675189  0.502018  0.554698  0.368288  0.795699  0.493465  0.532973  0.813365  0.688014  0.660735  0.836017  0.803514  0.485736  0.386335  0.628780  0.831817  0.598297  0.919698  0.766840  0.731370  0.759881  0.719417  0.749449  0.725038  0.511205  0.846311  0.723629  0.513414  0.724507  0.774724  0.704290  0.859376  0.561095  0.790604  0.655273  0.454507  0.679222  0.757641  0.666738  0.777117  0.470786  0.699082  0.668116  0.676587  0.853697  0.619787  0.737026  0.761635  0.485371  0.425853  0.684023  0.427015  0.622387  0.554422  0.549027  0.627550  0.075257  0.467005  0.441338  0.731647  0.702281  0.566211  0.605409  0.595429  0.726336  0.921998  0.647182 
12  0.535845  0.528923  0.612238  0.620392  0.684009  0.713367  0.685594  0.557435  0.571371  0.823070  0.646061  0.805938 0.0  0.730205  0.635315  0.781740  0.719425  0.740077  0.651528  0.742481  0.705026  0.829431  0.601039  0.605103  0.791832  0.772890  0.850158  0.740877  0.858363  0.592152  0.608683  0.600163  0.439908  0.758010  0.765482  0.674488  0.793885  0.789255  0.526420  0.756903  0.651562  0.621118  0.683977  0.445819  0.452970  0.613577  0.695785  0.603586  0.628077  0.713766  0.708514  0.603123  0.654048  0.826336  0.876331  0.493597  0.680128  0.771422  0.654255  0.543264  0.643077  0.721764  0.727383  0.842503  0.812698  0.767963  0.535214  0.649538  0.702571  0.749214  0.740972  0.718151  0.816770  0.756663  0.569433  0.763716  0.734073  0.647392  0.724083  0.643931  0.680651  0.823742  0.684845  0.710875  0.823545  0.669402  0.831338  0.660408  0.701686 
13  0.821399  0.774284  0.754898  0.772673  0.894471  0.769115  0.801871  0.798768  0.763795  0.659711  0.675709  0.516863  0.730205 0.0  0.709611  0.705721  0.920482  0.676374  0.704339  0.735838  0.736937  0.156307  0.814240  0.782793  0.644890  0.560638  0.862740  0.723095  0.345006  0.801164  0.845607  0.731949  0.861832  0.767111  0.746532  0.493085  0.559832  0.681634  0.721979  0.913789  0.752085  0.797688  0.699823  0.747917  0.754746  0.783062  0.718806  0.769260  0.731532  0.565943  0.838387  0.782999  0.777439  0.808691  0.264816  0.835382  0.799805  0.631362  0.692421  0.686169  0.687347  0.830767  0.578281  0.400274  0.651430  0.643033  0.747726  0.787435  0.840106  0.798489  0.314531  0.460958  0.620536  0.554156  0.830406  0.614165  0.457302  0.801774  0.441346  0.630391  0.464988  0.711076  0.714476  0.556377  0.537591  0.639454  0.547638  0.859218  0.476158 
14  0.311581  0.752973  0.585770  0.222807  0.483341  0.724213  0.653273  0.521136  0.715076  0.826307  0.465212  0.820025  0.635315  0.709611 0.0  0.655035  0.846226  0.768415  0.584148  0.644262  0.491994  0.831984  0.330978  0.529115  0.862688  0.753584  0.814686  0.719852  0.885950  0.588932  0.421945  0.522109  0.616339  0.593065  0.660220  0.701720  0.712221  0.517975  0.538637  0.780848  0.680877  0.645329  0.812762  0.717228  0.628496  0.549305  0.618452  0.497781  0.148408  0.700547  0.534132  0.392974  0.593900  0.748457  0.723329  0.529164  0.497528  0.620507  0.475439  0.314763  0.393380  0.459458  0.721750  0.770031  0.695886  0.798268  0.636242  0.592059  0.493361  0.763035  0.866709  0.693911  0.827942  0.732661  0.285083  0.543914  0.687404  0.548921  0.667414  0.626673  0.598371  0.678125  0.584171  0.870088  0.695514  0.649928  0.754569  0.713042  0.733968 
15  0.588216  0.717751  0.701089  0.565763  0.717771  0.436426  0.709802  0.750059  0.694005  0.835181  0.673292  0.428619  0.781740  0.705721  0.655035 0.0  0.828751  0.483326  0.600077  0.333673  0.674704  0.690438  0.760390  0.548304  0.773859  0.571376  0.881308  0.175008  0.567540  0.791360  0.593945  0.512247  0.676125  0.625364  0.258608  0.486101  0.610529  0.693540  0.662675  0.776227  0.759627  0.747010  0.760732  0.736836  0.717466  0.721914  0.462427  0.690685  0.541893  0.508879  0.768063  0.541895  0.713759  0.839751  0.559093  0.722380  0.756041  0.326459  0.596271  0.673792  0.634883  0.743858  0.390357  0.749916  0.740326  0.680433  0.663011  0.685348  0.731819  0.796943  0.789126  0.375427  0.717744  0.384742  0.653460  0.422803  0.615455  0.648804  0.501314  0.270472  0.211290  0.650756  0.683590  0.750587  0.785085  0.470920  0.681737  0.792361  0.621974 
16  0.849266  0.682771  0.795035  0.797068  0.819073  0.895662  0.689044  0.902601  0.757109  0.952902  0.759700  0.786821  0.719425  0.920482  0.846226  0.828751 0.0  0.902281  0.832875  0.901029  0.729139  0.913857  0.717795  0.849424  0.859741  0.800148  0.506804  0.883319  0.876804  0.690882  0.616578  0.800857  0.809788  0.774180  0.997852  0.835960  0.730421  0.876351  0.791544  0.778327  0.670312  0.770179  0.875308  0.800845  0.875843  0.771029  0.813533  0.746577  0.794009  0.898739  0.855540  0.731137  0.854785  0.783141  0.873134  0.697888  0.779172  0.896084  0.917457  0.811402  0.829338  0.774324  0.897651  0.952738  0.971051  0.886842  0.667314  0.808928  0.749261  0.746300  0.866851  0.867810  0.899368  0.840192  0.873815  0.875816  0.923963  0.842987  0.837800  0.906647  0.931043  0.853712  0.763849  0.900841  0.865115  0.793346  0.910784  0.705349  0.908802 
17  0.724343  0.825461  0.798039  0.771689  0.644380  0.382538  0.793191  0.659358  0.816801  0.655754  0.649163  0.459636  0.740077  0.676374  0.768415  0.483326  0.902281 0.0  0.561296  0.550118  0.685434  0.640333  0.670108  0.581323  0.689384  0.381585  0.850321  0.384162  0.613569  0.834494  0.637066  0.622548  0.816723  0.755927  0.567140  0.398483  0.792705  0.706584  0.643399  0.964630  0.798853  0.732363  0.680963  0.762589  0.724819  0.814672  0.514732  0.769493  0.721056  0.562821  0.621788  0.575817  0.622833  0.794320  0.674465  0.905598  0.580583  0.271039  0.689397  0.688271  0.694023  0.672826  0.288580  0.688056  0.654280  0.648829  0.824001  0.662520  0.610526  0.760365  0.648850  0.502502  0.479963  0.232835  0.623004  0.437709  0.649546  0.641208  0.332087  0.325548  0.346128  0.583578  0.663337  0.691111  0.734428  0.377660  0.619412  0.805667  0.606983 
18  0.554809  0.765094  0.553243  0.557354  0.574506  0.511085  0.700556  0.667269  0.699915  0.805318  0.560053  0.577570  0.651528  0.704339  0.584148  0.600077  0.832875  0.561296 0.0  0.437145  0.620885  0.709683  0.587614  0.294600  0.652733  0.652444  0.749147  0.581204  0.705567  0.741167  0.651539  0.259308  0.651971  0.577947  0.604054  0.559480  0.748943  0.730724  0.616219  0.797335  0.708361  0.714456  0.735657  0.617846  0.596099  0.633098  0.409364  0.657198  0.633529  0.634573  0.592364  0.551533  0.518580  0.792661  0.764773  0.731894  0.517060  0.618620  0.505212  0.574092  0.616424  0.707544  0.624163  0.632340  0.748705  0.826368  0.728213  0.496664  0.564515  0.726799  0.812611  0.549322  0.768147  0.474423  0.568611  0.608101  0.805601  0.515629  0.645264  0.701116  0.529603  0.518060  0.652544  0.620467  0.802280  0.513906  0.752548  0.712717  0.641192 
19  0.529556  0.760543  0.623965  0.685688  0.691159  0.205289  0.733500  0.608290  0.771206  0.782626  0.537742  0.543573  0.742481  0.735838  0.644262  0.333673  0.901029  0.550118  0.437145 0.0  0.646541  0.688952  0.555722  0.543631  0.651095  0.663601  0.847016  0.551550  0.687226  0.677850  0.718432  0.508421  0.753825  0.724542  0.343714  0.539367  0.627656  0.718837  0.667974  0.857819  0.665951  0.827272  0.678374  0.691362  0.580004  0.670250  0.425766  0.741504  0.566453  0.677797  0.609587  0.589056  0.614546  0.757687  0.684663  0.693118  0.626342  0.444453  0.689911  0.580155  0.663546  0.780746  0.527100  0.758986  0.722733  0.838195  0.725490  0.532606  0.678595  0.779979  0.615476  0.475366  0.760392  0.534376  0.598510  0.443287  0.747681  0.629413  0.732771  0.554979  0.417554  0.614803  0.577906  0.637092  0.725744  0.473343  0.833392  0.722024  0.732676 
20  0.555164  0.542534  0.481969  0.390439  0.545208  0.795490  0.599600  0.717125  0.725426  0.840679  0.483923  0.579411  0.705026  0.736937  0.491994  0.674704  0.729139  0.685434  0.620885  0.646541 0.0  0.722093  0.412626  0.632409  0.852983  0.747129  0.841930  0.739006  0.847297  0.646187  0.560417  0.600203  0.695648  0.574027  0.727685  0.669998  0.774626  0.571949  0.636054  0.894208  0.677131  0.677722  0.738966  0.619404  0.614217  0.649746  0.659035  0.446662  0.545273  0.824412  0.292677  0.689038  0.504807  0.795645  0.720241  0.593008  0.327026  0.725745  0.569212  0.516082  0.479791  0.538656  0.657120  0.730604  0.756029  0.818109  0.486640  0.628236  0.266940  0.708141  0.777387  0.673438  0.827514  0.751456  0.508428  0.711795  0.703896  0.526056  0.857948  0.609649  0.710932  0.585347  0.622545  0.763631  0.823624  0.753574  0.765894  0.653455  0.802504 
21  0.732087  0.832287  0.810554  0.791319  0.606505  0.623943  0.820893  0.785117  0.828571  0.620594  0.765135  0.601819  0.829431  0.156307  0.831984  0.690438  0.913857  0.640333  0.709683  0.688952  0.722093 0.0  0.700396  0.706613  0.481721  0.601320  0.937505  0.573833  0.324144  0.865003  0.786458  0.656888  0.859298  0.753651  0.660546  0.561004  0.457506  0.736282  0.792808  0.831067  0.857657  0.806123  0.609532  0.830659  0.777328  0.801100  0.679897  0.691912  0.758351  0.569640  0.807891  0.739343  0.677196  0.884024  0.221229  0.758195  0.664716  0.639978  0.784918  0.727761  0.736349  0.803344  0.670269  0.531126  0.489065  0.421229  0.691767  0.725275  0.670160  0.770145  0.294373  0.671489  0.554008  0.724124  0.776950  0.666249  0.500461  0.848045  0.628053  0.612096  0.643349  0.705096  0.773006  0.576501  0.499556  0.727255  0.576626  0.804611  0.440616 
22  0.507358  0.812250  0.569803  0.491970  0.355864  0.755116  0.609137  0.681532  0.866639  0.883545  0.085981  0.675189  0.601039  0.814240  0.330978  0.760390  0.717795  0.670108  0.587614  0.555722  0.412626  0.700396 0.0  0.641176  0.854940  0.762452  0.819092  0.672347  0.756180  0.749093  0.635976  0.572583  0.748772  0.575587  0.633214  0.752238  0.656405  0.535361  0.557831  0.861252  0.730018  0.806985  0.746125  0.693272  0.642707  0.641766  0.575954  0.529071  0.542294  0.761048  0.457861  0.482108  0.529726  0.787169  0.778464  0.559431  0.226351  0.725994  0.589707  0.516588  0.436153  0.605016  0.524759  0.848797  0.780445  0.815040  0.687216  0.587152  0.449465  0.674207  0.787896  0.618822  0.799515  0.706900  0.548950  0.561789  0.787364  0.452848  0.682412  0.664206  0.644286  0.637997  0.535330  0.789472  0.746897  0.642853  0.785981  0.687789  0.817825 
23  0.582241  0.582602  0.727934  0.536367  0.578492  0.582792  0.691283  0.558046  0.728296  0.787891  0.671772  0.502018  0.605103  0.782793  0.529115  0.548304  0.849424  0.581323  0.294600  0.543631  0.632409  0.706613  0.641176 0.0  0.688859  0.589432  0.821984  0.602781  0.784727  0.782769  0.655362  0.423287  0.669045  0.810517  0.545321  0.722608  0.767475  0.717167  0.493375  0.895805  0.815647  0.686817  0.661546  0.724778  0.650858  0.722606  0.419950  0.708910  0.584017  0.610528  0.624154  0.567324  0.518031  0.771389  0.697918  0.679163  0.601790  0.607871  0.562234  0.497628  0.645027  0.651080  0.690590  0.609538  0.834456  0.740830  0.775481  0.494266  0.778597  0.688706  0.719748  0.456058  0.776600  0.662060  0.532347  0.572938  0.840741  0.516668  0.625742  0.646049  0.493730  0.575369  0.682607  0.734709  0.743640  0.695486  0.833884  0.662639  0.693325 
24  0.840745  0.926986  0.706511  0.786745  0.929596  0.683260  0.825085  0.774858  0.801585  0.541622  0.789105  0.554698  0.791832  0.644890  0.862688  0.773859  0.859741  0.689384  0.652733  0.651095  0.852983  0.481721  0.854940  0.688859 0.0  0.667615  0.858270  0.657284  0.481838  0.859752  0.753940  0.790796  0.782860  0.762983  0.752583  0.513748  0.364690  0.714209  0.785452  0.813790  0.822980  0.833252  0.497493  0.867687  0.816435  0.823185  0.782614  0.862317  0.724148  0.664496  0.809601  0.821068  0.638898  0.876349  0.534588  0.930544  0.849362  0.772784  0.784567  0.881836  0.846487  0.868497  0.712551  0.319541  0.517873  0.199865  0.920325  0.742315  0.780933  0.861312  0.532360  0.686754  0.468091  0.767803  0.856082  0.670490  0.593337  0.756254  0.582928  0.564645  0.824513  0.851426  0.695951  0.048293  0.094525  0.708690  0.256205  0.841706  0.441768 
25  0.721944  0.778422  0.697695  0.683031  0.593806  0.613982  0.716493  0.729395  0.833111  0.711816  0.730331  0.368288  0.772890  0.560638  0.753584  0.571376  0.800148  0.381585  0.652444  0.663601  0.747129  0.601320  0.762452  0.589432  0.667615 0.0  0.863876  0.455559  0.635958  0.789467  0.704248  0.623949  0.735582  0.739286  0.539447  0.387144  0.725173  0.641727  0.702398  0.816795  0.790685  0.758161  0.625255  0.831974  0.708693  0.803211  0.612143  0.742535  0.670101  0.415680  0.715491  0.702870  0.766045  0.950913  0.576279  0.791634  0.769726  0.292375  0.683727  0.651157  0.762806  0.737781  0.334247  0.650057  0.691301  0.750599  0.678353  0.625363  0.733005  0.729337  0.525654  0.382194  0.658168  0.327513  0.777109  0.449662  0.535030  0.628741  0.306418  0.490928  0.393117  0.725857  0.604351  0.687922  0.621618  0.468835  0.673164  0.753713  0.684240 
26  0.927174  0.804753  0.731448  0.769584  0.781482  0.866759  0.829817  0.886318  0.774633  0.855268  0.863286  0.795699  0.850158  0.862740  0.814686  0.881308  0.506804  0.850321  0.749147  0.847016  0.841930  0.937505  0.819092  0.821984  0.858270  0.863876 0.0  0.829083  0.817565  0.698390  0.807238  0.802179  0.754007  0.788069  0.918438  0.730917  0.888952  0.849209  0.854544  0.717537  0.906060  0.737877  0.897669  0.803471  0.762541  0.763932  0.779592  0.715920  0.711203  0.955925  0.730192  0.801152  0.911963  0.764589  0.924640  0.768795  0.820591  0.887993  0.899263  0.848443  0.903886  0.711665  0.813243  0.840586  0.882327  0.812702  0.716071  0.706722  0.818371  0.758877  0.866414  0.747045  0.790919  0.871034  0.805632  0.904523  0.923095  0.852250  0.922629  0.858706  0.937446  0.813957  0.791714  0.976859  0.908772  0.785471  1.000000  0.745906  0.801941 
27  0.714825  0.642549  0.725206  0.668760  0.728770  0.434736  0.780284  0.620235  0.784512  0.659774  0.652631  0.493465  0.740877  0.723095  0.719852  0.175008  0.883319  0.384162  0.581204  0.551550  0.739006  0.573833  0.672347  0.602781  0.657284  0.455559  0.829083 0.0  0.655469  0.796379  0.774253  0.588863  0.848483  0.728450  0.255371  0.537083  0.619278  0.642310  0.570450  0.796093  0.739180  0.766364  0.721427  0.753644  0.746032  0.784626  0.504991  0.709350  0.592419  0.505988  0.794780  0.624887  0.659087  0.773900  0.674835  0.782178  0.684482  0.381604  0.640330  0.718334  0.680851  0.751655  0.000000  0.752909  0.725230  0.738726  0.739670  0.628710  0.740853  0.810677  0.731937  0.310125  0.671807  0.336894  0.694951  0.417242  0.712996  0.635971  0.578490  0.260947  0.356128  0.524076  0.561690  0.823190  0.687781  0.399252  0.661947  0.715108  0.644598 
28  0.775667  0.871182  0.877595  0.818660  0.745957  0.772515  0.819213  0.756276  0.801671  0.591371  0.655518  0.532973  0.858363  0.345006  0.885950  0.567540  0.876804  0.613569  0.705567  0.687226  0.847297  0.324144  0.756180  0.784727  0.481838  0.635958  0.817565  0.655469 0.0  0.894540  0.762891  0.710121  0.801841  0.779046  0.544291  0.606383  0.318680  0.722355  0.761641  0.796152  0.852929  0.825655  0.455891  0.812649  0.882068  0.848835  0.682567  0.832612  0.715516  0.643119  0.745738  0.727972  0.790197  0.803379  0.290869  0.781781  0.752902  0.685104  0.733575  0.747533  0.705572  0.757972  0.622357  0.410901  0.520247  0.486022  0.930133  0.842574  0.835159  0.745226  0.288909  0.659093  0.431897  0.714985  0.745807  0.656925  0.435641  0.772051  0.502702  0.576640  0.670979  0.757733  0.723245  0.436591  0.369079  0.703289  0.321099  0.809684  0.291741 
29  0.682737  0.316116  0.599168  0.688084  0.715042  0.711409  0.571385  0.719202  0.511767  0.871429  0.607660  0.813365  0.592152  0.801164  0.588932  0.791360  0.690882  0.834494  0.741167  0.677850  0.646187  0.865003  0.749093  0.782769  0.859752  0.789467  0.698390  0.796379  0.894540 0.0  0.666859  0.701040  0.496200  0.772240  0.701474  0.870705  0.743001  0.648572  0.573067  0.644252  0.539033  0.552407  0.826083  0.498642  0.659326  0.461349  0.798570  0.570254  0.667649  0.791720  0.702795  0.722693  0.650633  0.790857  0.893953  0.543367  0.763912  0.740708  0.733332  0.686349  0.770983  0.674973  0.809069  0.873140  0.756517  0.761528  0.614386  0.728845  0.818000  0.674253  0.920055  0.902110  0.794381  0.768581  0.616717  0.779615  0.844051  0.561782  0.715276  0.779073  0.717749  0.811715  0.672824  0.913652  0.920938  0.858245  0.868857  0.455214  0.710636 
30  0.490892  0.541895  0.508815  0.439942  0.581124  0.558756  0.420069  0.575053  0.633831  0.866621  0.579220  0.688014  0.608683  0.845607  0.421945  0.593945  0.616578  0.637066  0.651539  0.718432  0.560417  0.786458  0.635976  0.655362  0.753940  0.704248  0.807238  0.774253  0.762891  0.666859 0.0  0.689619  0.724504  0.664977  0.817791  0.754733  0.876385  0.641995  0.583868  0.680159  0.745659  0.724651  0.887055  0.647563  0.658045  0.494990  0.650721  0.431702  0.625675  0.917414  0.536903  0.520673  0.608965  0.704340  0.686365  0.506852  0.609889  0.692252  0.408062  0.487917  0.399417  0.506514  0.707245  0.741607  0.833123  0.779821  0.587921  0.629509  0.392441  0.667618  0.685716  0.650142  0.781362  0.593344  0.576638  0.606364  0.748018  0.544857  0.628175  0.876227  0.728426  0.705754  0.631516  0.835161  0.845500  0.727491  0.818860  0.727487  0.737083 
31  0.571446  0.715164  0.737318  0.563144  0.511460  0.616208  0.680174  0.604851  0.732586  0.837889  0.561408  0.660735  0.600163  0.731949  0.522109  0.512247  0.800857  0.622548  0.259308  0.508421  0.600203  0.656888  0.572583  0.423287  0.790796  0.623949  0.802179  0.588863  0.710121  0.701040  0.689619 0.0  0.593657  0.652390  0.533736  0.730019  0.719171  0.717029  0.516715  0.788051  0.665727  0.728461  0.706788  0.637475  0.589164  0.668238  0.485582  0.670327  0.495996  0.614602  0.634317  0.524618  0.625194  0.780125  0.760213  0.690205  0.532054  0.608442  0.592975  0.429816  0.638408  0.666370  0.686548  0.715495  0.641268  0.752798  0.767598  0.468928  0.589321  0.801900  0.751294  0.413311  0.721738  0.627639  0.524548  0.562719  0.770759  0.537600  0.769641  0.573638  0.581731  0.612907  0.618912  0.849646  0.762527  0.616784  0.817587  0.795582  0.682404 
32  0.706912  0.593611  0.749716  0.631113  0.680062  0.693451  0.753616  0.563876  0.530344  0.819118  0.743305  0.836017  0.439908  0.861832  0.616339  0.676125  0.809788  0.816723  0.651971  0.753825  0.695648  0.859298  0.748772  0.669045  0.782860  0.735582  0.754007  0.848483  0.801841  0.496200  0.724504  0.593657 0.0  0.709501  0.717294  0.819996  0.763869  0.774058  0.656577  0.674910  0.390518  0.295768  0.881739  0.422962  0.521001  0.561796  0.779957  0.582231  0.618960  0.725735  0.740999  0.685233  0.600850  0.788128  0.900820  0.453571  0.644235  0.855313  0.682793  0.558403  0.670330  0.565716  0.717307  0.786965  0.881881  0.976895  0.722414  0.714436  0.699730  0.792069  0.798691  0.816375  0.907954  0.833865  0.622196  0.716124  0.828295  0.734340  0.774893  0.694449  0.658636  0.781738  0.657556  0.835652  0.755673  0.823905  0.817523  0.713429  0.832184 
33  0.593624  0.603691  0.561559  0.625788  0.597167  0.613532  0.608521  0.657608  0.715154  0.740671  0.624950  0.803514  0.758010  0.767111  0.593065  0.625364  0.774180  0.755927  0.577947  0.724542  0.574027  0.753651  0.575587  0.810517  0.762983  0.739286  0.788069  0.728450  0.779046  0.772240  0.664977  0.652390  0.709501 0.0  0.706950  0.783599  0.809825  0.467125  0.755050  0.779655  0.816911  0.702518  0.770628  0.790970  0.603081  0.759999  0.679791  0.632800  0.688358  0.708554  0.533474  0.770329  0.773538  0.610464  0.650515  0.656119  0.667946  0.733084  0.710740  0.639770  0.467640  0.445221  0.720249  0.901519  0.811651  0.734344  0.592022  0.767288  0.619165  0.480487  0.822826  0.656396  0.754144  0.806686  0.647781  0.767745  0.894643  0.667576  0.748843  0.744273  0.791193  0.562826  0.643885  0.765121  0.800825  0.565026  0.739958  0.701201  0.846126 
34  0.604409  0.811773  0.724849  0.606097  0.515499  0.402823  0.704340  0.668785  0.841963  0.591699  0.653899  0.485736  0.765482  0.746532  0.660220  0.258608  0.997852  0.567140  0.604054  0.343714  0.727685  0.660546  0.633214  0.545321  0.752583  0.539447  0.918438  0.255371  0.544291  0.701474  0.817791  0.533736  0.717294  0.706950 0.0  0.501524  0.635724  0.649814  0.599142  0.862609  0.673701  0.702446  0.718149  0.755487  0.671163  0.669603  0.515498  0.891728  0.694721  0.568297  0.651362  0.525115  0.686249  0.774416  0.675464  0.682040  0.688764  0.353060  0.690247  0.656974  0.656602  0.651311  0.329326  0.566301  0.705397  0.730815  0.721751  0.602744  0.740478  0.712393  0.691741  0.224228  0.619334  0.363977  0.721523  0.411646  0.635410  0.571050  0.497424  0.285004  0.126756  0.730627  0.639988  0.756853  0.743932  0.353601  0.678221  0.758540  0.613734 
35  0.809630  0.843102  0.718405  0.727590  0.773065  0.600070  0.789793  0.720026  0.834080  0.769603  0.766775  0.386335  0.674488  0.493085  0.701720  0.486101  0.835960  0.398483  0.559480  0.539367  0.669998  0.561004  0.752238  0.722608  0.513748  0.387144  0.730917  0.537083  0.606383  0.870705  0.754733  0.730019  0.819996  0.783599  0.501524 0.0  0.622607  0.796054  0.793596  0.889423  0.914871  0.843491  0.675858  0.813380  0.745694  0.782116  0.598003  0.793355  0.709109  0.288981  0.771475  0.691796  0.741944  0.801953  0.630346  0.719910  0.799071  0.492160  0.762081  0.826026  0.728481  0.764343  0.443446  0.679774  0.638829  0.638920  0.755344  0.740028  0.724145  0.767843  0.540158  0.522874  0.665573  0.490270  0.722601  0.572406  0.719433  0.687504  0.355699  0.546893  0.585549  0.595684  0.540065  0.768313  0.683297  0.554805  0.671732  0.803229  0.550343 
36  0.864347  0.774383  0.802455  0.725022  0.764886  0.736080  0.763585  0.790820  0.841251  0.630925  0.797902  0.628780  0.793885  0.559832  0.712221  0.610529  0.730421  0.792705  0.748943  0.627656  0.774626  0.457506  0.656405  0.767475  0.364690  0.725173  0.888952  0.619278  0.318680  0.743001  0.876385  0.719171  0.763869  0.809825  0.635724  0.622607 0.0  0.804721  0.783746  0.770966  0.886258  0.802462  0.515287  0.681868  0.714811  0.882941  0.606437  0.837947  0.778345  0.564457  0.778027  0.875177  0.722610  0.882955  0.440687  0.756719  0.772993  0.687067  0.793639  0.796003  0.832471  0.854020  0.709528  0.368267  0.556428  0.419565  0.822969  0.736627  0.827234  0.846572  0.500547  0.706302  0.324127  0.787515  0.880061  0.592416  0.534106  0.715932  0.585706  0.684183  0.741031  0.620464  0.786150  0.434470  0.414831  0.692644  0.346203  0.950492  0.262997 
37  0.607632  0.708919  0.526220  0.599863  0.664784  0.754395  0.722732  0.677652  0.698727  0.833793  0.543648  0.831817  0.789255  0.681634  0.517975  0.693540  0.876351  0.706584  0.730724  0.718837  0.571949  0.736282  0.535361  0.717167  0.714209  0.641727  0.849209  0.642310  0.722355  0.648572  0.641995  0.717029  0.774058  0.467125  0.649814  0.796054  0.804721 0.0  0.691588  0.852455  0.890447  0.693647  0.738729  0.879342  0.685730  0.571140  0.614319  0.597285  0.731212  0.745236  0.563313  0.597905  0.738219  0.745274  0.758098  0.700183  0.495319  0.602093  0.694114  0.645358  0.631742  0.725169  0.823754  0.916966  0.837865  0.814659  0.560925  0.713242  0.669336  0.660413  0.863773  0.611515  0.785665  0.639082  0.654866  0.662925  0.732996  0.627556  0.874273  0.772202  0.861275  0.690142  0.644136  0.852170  0.829994  0.568540  0.808244  0.748845  0.880934 
38  0.541206  0.726021  0.692689  0.476868  0.567621  0.700768  0.659233  0.527145  0.574709  0.822940  0.583820  0.598297  0.526420  0.721979  0.538637  0.662675  0.791544  0.643399  0.616219  0.667974  0.636054  0.792808  0.557831  0.493375  0.785452  0.702398  0.854544  0.570450  0.761641  0.573067  0.583868  0.516715  0.656577  0.755050  0.599142  0.793596  0.783746  0.691588 0.0  0.618544  0.659729  0.591758  0.716940  0.565361  0.533020  0.767455  0.533376  0.718409  0.406871  0.717043  0.617595  0.455481  0.352550  0.819932  0.780828  0.599246  0.563296  0.663083  0.487484  0.544880  0.577851  0.630082  0.683937  0.726697  0.861982  0.833661  0.744931  0.334250  0.591304  0.789834  0.674356  0.679986  0.735116  0.624849  0.392629  0.615755  0.666229  0.386571  0.625506  0.644705  0.702066  0.716853  0.679705  0.815248  0.758913  0.622869  0.758884  0.850012  0.796831 
39  0.873421  0.788763  0.866977  0.767678  0.776784  0.790086  0.620995  0.723924  0.658690  0.875996  0.714805  0.919698  0.756903  0.913789  0.780848  0.776227  0.778327  0.964630  0.797335  0.857819  0.894208  0.831067  0.861252  0.895805  0.813790  0.816795  0.717537  0.796093  0.796152  0.644252  0.680159  0.788051  0.674910  0.779655  0.862609  0.889423  0.770966  0.852455  0.618544 0.0  0.640083  0.596623  0.924451  0.724341  0.707766  0.781563  0.794911  0.663831  0.640147  0.787239  0.717683  0.805650  0.723032  0.745905  0.888782  0.636123  0.629897  0.770672  0.785625  0.803933  0.767879  0.793380  0.884949  0.948499  0.811223  0.862639  0.788091  0.758608  0.769350  0.850338  0.777048  0.806453  0.750213  0.810320  0.759667  0.699217  0.824075  0.741921  0.807949  0.808427  0.752204  0.845363  0.774033  0.929901  0.799041  0.909486  0.899359  0.728942  0.923016 
40  0.626502  0.637473  0.831803  0.740063  0.648024  0.670664  0.785056  0.597342  0.657728  0.931988  0.754878  0.766840  0.651562  0.752085  0.680877  0.759627  0.670312  0.798853  0.708361  0.665951  0.677131  0.857657  0.730018  0.815647  0.822980  0.790685  0.906060  0.739180  0.852929  0.539033  0.745659  0.665727  0.390518  0.816911  0.673701  0.914871  0.886258  0.890447  0.659729  0.640083 0.0  0.403326  0.797070  0.518950  0.731033  0.691830  0.691793  0.678621  0.650912  0.742009  0.743429  0.637223  0.743014  0.889109  0.861935  0.595190  0.716222  0.752686  0.685357  0.727823  0.813079  0.639592  0.717297  0.816986  0.812605  0.864006  0.695692  0.721687  0.625395  0.857596  0.912033  0.765173  0.714317  0.771172  0.588293  0.734735  0.810999  0.710842  0.673335  0.834700  0.738144  0.763692  0.619760  0.796032  0.792985  0.760612  0.855083  0.741620  0.909166 
41  0.636133  0.605869  0.705755  0.699011  0.701741  0.760866  0.700991  0.671350  0.468673  0.832172  0.640594  0.731370  0.621118  0.797688  0.645329  0.747010  0.770179  0.732363  0.714456  0.827272  0.677722  0.806123  0.806985  0.686817  0.833252  0.758161  0.737877  0.766364  0.825655  0.552407  0.724651  0.728461  0.295768  0.702518  0.702446  0.843491  0.802462  0.693647  0.591758  0.596623  0.403326 0.0  0.849017  0.384823  0.719662  0.631139  0.606963  0.755968  0.628476  0.773334  0.802075  0.684068  0.744947  0.806775  0.774086  0.503665  0.677085  0.744887  0.672792  0.663378  0.599026  0.737780  0.661015  0.806542  0.921414  0.745261  0.672051  0.808726  0.763656  0.816270  0.772642  0.873967  0.785502  0.759548  0.653744  0.676907  0.741172  0.795877  0.818746  0.719362  0.738330  0.738384  0.710697  0.786898  0.907964  0.773604  0.863018  0.632745  0.850208 
42  0.876917  0.846349  0.744130  0.649332  0.749792  0.657904  0.861439  0.784382  0.926820  0.551016  0.820155  0.759881  0.683977  0.699823  0.812762  0.760732  0.875308  0.680963  0.735657  0.678374  0.738966  0.609532  0.746125  0.661546  0.497493  0.625255  0.897669  0.721427  0.455891  0.826083  0.887055  0.706788  0.881739  0.770628  0.718149  0.675858  0.515287  0.738729  0.716940  0.924451  0.797070  0.849017 0.0  0.681901  0.762625  0.872919  0.748004  0.862892  0.710303  0.748894  0.892312  0.694315  0.893342  0.812214  0.562543  0.886439  0.751260  0.736756  0.774941  0.799445  0.729342  0.802081  0.714976  0.423569  0.364396  0.488765  0.818780  0.768611  0.707873  0.797319  0.550346  0.784320  0.418527  0.548514  0.824324  0.666979  0.465567  0.808060  0.623027  0.667228  0.846384  0.686615  0.767907  0.554711  0.471119  0.640117  0.406027  0.859113  0.573809 
43  0.666162  0.472544  0.603935  0.748676  0.654363  0.712724  0.699285  0.676072  0.512510  0.732868  0.774115  0.719417  0.445819  0.747917  0.717228  0.736836  0.800845  0.762589  0.617846  0.691362  0.619404  0.830659  0.693272  0.724778  0.867687  0.831974  0.803471  0.753644  0.812649  0.498642  0.647563  0.637475  0.422962  0.790970  0.755487  0.813380  0.681868  0.879342  0.565361  0.724341  0.518950  0.384823  0.681901 0.0  0.582581  0.597643  0.825851  0.534788  0.676095  0.738551  0.630928  0.782087  0.683369  0.844635  0.932543  0.567010  0.658465  0.770159  0.607723  0.575406  0.689759  0.746153  0.709876  0.733035  0.840514  0.715870  0.714859  0.614877  0.698724  0.722657  0.864408  0.705614  0.840360  0.718076  0.603809  0.697115  0.800169  0.717486  0.717581  0.778395  0.729835  0.852857  0.728895  0.793320  0.830948  0.748680  0.856020  0.613104  0.876866 
44  0.547733  0.619499  0.729701  0.600989  0.616535  0.723268  0.616312  0.444547  0.722215  0.820722  0.629721  0.749449  0.452970  0.754746  0.628496  0.717466  0.875843  0.724819  0.596099  0.580004  0.614217  0.777328  0.642707  0.650858  0.816435  0.708693  0.762541  0.746032  0.882068  0.659326  0.658045  0.589164  0.521001  0.603081  0.671163  0.745694  0.714811  0.685730  0.533020  0.707766  0.731033  0.719662  0.762625  0.582581 0.0  0.601654  0.687969  0.727397  0.606077  0.851154  0.635054  0.456599  0.350472  0.668746  0.796731  0.562629  0.631062  0.701032  0.523613  0.539177  0.602050  0.696132  0.799692  0.767993  0.772299  0.806871  0.705041  0.444125  0.656411  0.689464  0.766264  0.624137  0.730451  0.586733  0.481521  0.590682  0.829283  0.609187  0.682739  0.635979  0.671445  0.717155  0.692076  0.730933  0.755556  0.723204  0.817371  0.663196  0.894111 
