89
0 0.0  0.696928  0.609994  0.362606  0.435168  0.574260  0.730621  0.609420  0.669572  0.861785  0.502369  0.759249  0.569898  0.771803  0.274432  0.570170  0.831342  0.700757  0.524897  0.593699  0.623081  0.795433  0.479695  0.566423  0.694597  0.753492  0.706934  0.609876  0.774539  0.632905  0.511478  0.453971  0.791466  0.675487  0.645809  0.736346  0.765646  0.682658  0.445505  0.723021  0.679322  0.687596  0.844154  0.697903  0.611763  0.734372  0.702831  0.543375  0.353267  0.613754  0.614559  0.395951  0.427278  0.764456  0.728955  0.551874  0.412756  0.696479  0.379542  0.237442  0.443571  0.500834  0.655708  0.772402  0.880451  0.846313  0.687643  0.530447  0.534501  0.658299  0.783426  0.653933  0.798835  0.673065  0.396527  0.733453  0.716059  0.678117  0.701581  0.723878  0.664444  0.682891  0.798264  0.833683  0.800603  0.585977  0.815511  0.596611  0.846903 
1  0.696928 0.0  0.564751  0.667194  0.727521  0.699247  0.602157  0.637091  0.505629  0.815615  0.590321  0.807293  0.540936  0.762388  0.684361  0.820623  0.746310  0.885284  0.721080  0.784502  0.624692  1.000000  0.672176  0.734946  0.819572  0.783490  0.861994  0.767325  0.847371  0.329887  0.532087  0.657151  0.420009  0.739957  0.795974  0.804142  0.784330  0.693125  0.657264  0.714135  0.563117  0.614562  0.830900  0.460588  0.771577  0.594211  0.720045  0.625918  0.686816  0.779092  0.728425  0.661580  0.664877  0.741007  0.873224  0.574161  0.654322  0.725806  0.730871  0.583467  0.734052  0.636960  0.666791  0.927400  0.771764  0.873284  0.563293  0.678670  0.683717  0.743543  0.847070  0.895725  0.920012  0.718329  0.519115  0.744720  0.779778  0.845404  0.755978  0.832748  0.763918  0.837780  0.733933  0.698017  0.793703  0.764715  0.828396  0.597064  0.752416 
2  0.609994  0.564751 0.0  0.583567  0.653880  0.746481  0.458274  0.671951  0.703941  0.909599  0.600785  0.746922  0.696961  0.741987  0.651752  0.696461  0.655714  0.785828  0.704801  0.700850  0.510379  0.781313  0.632265  0.674258  0.938764  0.797651  0.798080  0.736973  0.755078  0.697623  0.508979  0.661726  0.712613  0.646014  0.749518  0.849309  0.793543  0.612011  0.647635  0.794192  0.708031  0.606144  0.708641  0.637620  0.722575  0.547537  0.722471  0.429400  0.571473  0.774788  0.444870  0.587724  0.691846  0.784719  0.921269  0.621014  0.451840  0.799564  0.560659  0.700862  0.480688  0.222215  0.690097  0.868005  0.814996  0.816977  0.548967  0.602888  0.310171  0.599299  0.808437  0.789734  0.784050  0.717413  0.634633  0.682785  0.724995  0.515252  0.729436  0.699815  0.735847  0.648444  0.651112  0.799695  0.810205  0.697418  0.841326  0.694895  0.760550 
3  0.362606  0.667194  0.583567 0.0  0.360770  0.678583  0.590823  0.591700  0.592879  0.877605  0.540755  0.836798  0.643569  0.856188  0.130011  0.640022  0.736882  0.641955  0.675990  0.568958  0.460392  0.739759  0.433384  0.644078  0.837554  0.759984  0.822781  0.642980  0.659425  0.640105  0.549123  0.576006  0.716156  0.576686  0.679645  0.660949  0.686269  0.609157  0.527482  0.735075  0.808201  0.583213  0.957936  0.613418  0.538345  0.646171  0.664391  0.465406  0.186738  0.703977  0.489271  0.399835  0.573177  0.843790  0.748646  0.647587  0.463124  0.690542  0.396195  0.321796  0.363572  0.514341  0.629945  0.713050  0.792724  0.755802  0.534235  0.417729  0.534102  0.721957  0.746442  0.643830  0.751394  0.728944  0.484183  0.632630  0.685480  0.545507  0.720101  0.747531  0.647736  0.563817  0.508688  0.779381  0.792342  0.576381  0.786363  0.656986  0.689131 
4  0.435168  0.727521  0.653880  0.360770 0.0  0.599991  0.666564  0.690986  0.638208  0.748004  0.461701  0.706123  0.622043  0.714110  0.453147  0.575825  0.795381  0.768500  0.621676  0.630047  0.556410  0.728859  0.359006  0.539126  0.741034  0.632468  0.713677  0.664567  0.693455  0.756208  0.564370  0.571329  0.707164  0.641618  0.702127  0.786058  0.657796  0.615843  0.561902  0.815517  0.670324  0.691075  0.787529  0.697290  0.547912  0.650998  0.592679  0.656025  0.461315  0.680421  0.565195  0.490138  0.445656  0.688573  0.828639  0.668393  0.458368  0.793802  0.518884  0.477909  0.433334  0.504897  0.557586  0.764669  0.766476  0.767873  0.668275  0.388897  0.405172  0.822576  0.748382  0.703506  0.824409  0.703186  0.490021  0.703547  0.746154  0.522853  0.742823  0.697972  0.594670  0.523841  0.571237  0.891553  0.672970  0.593634  0.800318  0.733848  0.781544 
5  0.574260  0.699247  0.746481  0.678583  0.599991 0.0  0.769947  0.610522  0.739248  0.693725  0.670012  0.527034  0.562733  0.600443  0.693441  0.345200  0.969358  0.480668  0.535552  0.254827  0.685035  0.665923  0.727253  0.490684  0.624571  0.590001  0.931278  0.431886  0.657622  0.780552  0.693143  0.596082  0.868728  0.730688  0.410883  0.624279  0.724592  0.773661  0.543245  0.697107  0.775017  0.853009  0.788821  0.773396  0.689220  0.747023  0.443327  0.664632  0.549786  0.620425  0.670395  0.632146  0.641648  0.822247  0.681317  0.690938  0.680160  0.452601  0.515125  0.698879  0.694240  0.666804  0.475787  0.642546  0.789511  0.720867  0.735265  0.685389  0.784587  0.744887  0.630280  0.503659  0.753430  0.351393  0.647451  0.417777  0.670366  0.598019  0.556263  0.467067  0.452416  0.663851  0.651082  0.694699  0.810865  0.578392  0.712829  0.802557  0.714918 
6  0.730621  0.602157  0.458274  0.590823  0.666564  0.769947 0.0  0.721973  0.590822  0.861881  0.731748  0.773144  0.680279  0.776394  0.636547  0.641354  0.637473  0.731176  0.699688  0.712370  0.706989  0.775718  0.639064  0.761846  0.927933  0.776766  0.791293  0.780512  0.906350  0.551940  0.476934  0.809387  0.688751  0.746935  0.746154  0.724308  0.753583  0.667598  0.781984  0.795008  0.609219  0.778416  0.797080  0.633766  0.696554  0.396609  0.706412  0.465136  0.659067  0.768808  0.671898  0.695119  0.583697  0.682618  0.812942  0.563459  0.647123  0.710568  0.571171  0.582660  0.650421  0.403727  0.690965  0.853012  0.880308  0.896533  0.567211  0.693248  0.470561  0.610486  0.748050  0.777781  0.746317  0.778323  0.685608  0.658677  0.707281  0.631688  0.763552  0.695272  0.731043  0.746767  0.776187  0.874127  0.728747  0.671871  0.823216  0.663781  0.776799 
7  0.609420  0.637091  0.671951  0.591700  0.690986  0.610522  0.721973 0.0  0.672575  0.801554  0.624937  0.670109  0.593233  0.816374  0.559514  0.648405  0.791616  0.697850  0.659729  0.630073  0.590835  0.703551  0.685090  0.511024  0.892376  0.690996  0.745703  0.634531  0.754060  0.767301  0.712239  0.566011  0.612186  0.754374  0.726133  0.705714  0.865348  0.690537  0.450544  0.735656  0.545601  0.687185  0.853403  0.691710  0.363079  0.723519  0.643653  0.659891  0.689774  0.708292  0.629735  0.557003  0.259140  0.870061  0.746133  0.660107  0.600336  0.681531  0.611161  0.513806  0.652463  0.632178  0.848117  0.849030  0.866098  0.849814  0.655248  0.358416  0.629139  0.759212  0.736205  0.631287  0.744788  0.653502  0.453793  0.758172  0.768596  0.738153  0.668760  0.618972  0.681018  0.652738  0.688084  0.863659  0.835616  0.629211  0.835713  0.676897  0.813494 
8  0.669572  0.505629  0.703941  0.592879  0.638208  0.739248  0.590822  0.672575 0.0  0.923585  0.720977  0.815421  0.541590  0.793623  0.691842  0.781641  0.692604  0.732512  0.804831  0.710561  0.812227  0.923112  0.602585  0.787681  0.700196  0.826093  0.757399  0.742232  0.789708  0.629715  0.666099  0.712196  0.493038  0.639733  0.736553  0.758197  0.960532  0.655584  0.700474  0.568313  0.498697  0.492577  0.931980  0.352814  0.701370  0.630044  0.790960  0.726972  0.685972  0.776250  0.697379  0.656863  0.695794  0.916953  0.781273  0.570689  0.781258  0.636777  0.702128  0.620034  0.788483  0.657108  0.772316  0.774454  0.853947  0.810816  0.632062  0.691195  0.696066  0.856281  0.736312  0.840901  0.936276  0.923295  0.818467  0.684294  0.813849  0.748720  0.882334  0.721653  0.878004  0.777858  0.814979  0.901902  0.905949  0.733491  0.829819  0.681631  0.764977 
9  0.861785  0.815615  0.909599  0.877605  0.748004  0.693725  0.861881  0.801554  0.923585 0.0  0.864764  0.718367  0.836641  0.672721  0.843495  0.693028  0.929632  0.701294  0.785089  0.687771  0.895905  0.712911  0.757922  0.685055  0.518353  0.823915  0.840110  0.689813  0.615631  0.962343  0.789488  0.697488  0.835101  0.750549  0.769376  0.791963  0.585362  0.749281  0.770357  0.895739  0.961504  0.821960  0.477441  0.925355  0.714568  0.789373  0.746961  0.813081  0.882961  0.707005  0.816247  0.878049  0.848964  0.908382  0.629132  0.829902  0.764575  0.690090  0.909795  0.818404  0.865121  0.946557  0.654522  0.621244  0.193703  0.556472  0.727825  0.742779  0.882904  0.865251  0.605527  0.743083  0.525517  0.569289  0.773893  0.926189  0.538473  0.746523  0.687084  0.693541  0.718132  0.829924  0.694570  0.455771  0.566274  0.644744  0.519204  0.816687  0.658674 
10  0.502369  0.590321  0.600785  0.540755  0.461701  0.670012  0.731748  0.624937  0.720977  0.864764 0.0  0.637832  0.546885  0.696670  0.457395  0.664837  0.743390  0.777805  0.554406  0.654084  0.426240  0.672347  0.184477  0.511171  0.733167  0.741305  0.876043  0.529136  0.710741  0.788729  0.533410  0.601293  0.775030  0.578520  0.800924  0.739612  0.752182  0.598291  0.649598  0.849322  0.695187  0.633088  0.933997  0.722211  0.616821  0.730917  0.751548  0.603296  0.529130  0.655657  0.379092  0.516967  0.621685  0.817605  0.769765  0.673369  0.098089  0.592455  0.555659  0.491538  0.375861  0.623005  0.788309  0.788480  0.858227  0.765389  0.713488  0.538685  0.526868  0.608220  0.688407  0.565100  0.698564  0.679616  0.605903  0.662805  0.708378  0.506864  0.656409  0.619992  0.732684  0.386118  0.480744  0.886139  0.880226  0.541505  0.724889  0.733202  0.769988 
11  0.759249  0.807293  0.746922  0.836798  0.706123  0.527034  0.773144  0.670109  0.815421  0.718367  0.637832 0.0  0.734975  0.494847  0.798507  0.560543  0.951405  0.360139  0.653068  0.581369  0.679915  0.664849  0.698274  0.601256  0.770990  0.320495  0.891866  0.551092  0.658066  0.821730  0.740224  0.622732  0.975543  0.816287  0.441432  0.365181  0.558484  0.755073  0.685225  0.762375  0.872150  0.787768  0.634105  0.775560  0.843251  0.823742  0.598258  0.748989  0.783982  0.474021  0.744618  0.683546  0.725634  0.848836  0.648488  0.703958  0.659488  0.444843  0.752020  0.735708  0.689383  0.901630  0.558591  0.562357  0.681026  0.686035  0.761500  0.781097  0.706512  0.857899  0.582484  0.524296  0.736729  0.444413  0.680459  0.472486  0.532574  0.622183  0.151089  0.469980  0.570846  0.634970  0.572351  0.555233  0.709858  0.430145  0.689491  0.844924  0.600405 
12  0.569898  0.540936  0.696961  0.643569  0.622043  0.562733  0.680279  0.593233  0.541590  0.836641  0.546885  0.734975 0.0  0.811018  0.608695  0.626623  0.979482  0.732207  0.657469  0.651155  0.683180  0.828579  0.727769  0.708841  0.808477  0.750872  0.872945  0.606214  0.851064  0.595339  0.738374  0.794604  0.525044  0.788303  0.678096  0.856022  0.745232  0.794944  0.693338  0.657213  0.519800  0.549556  0.917940  0.545764  0.507535  0.576273  0.636068  0.604265  0.669010  0.708493  0.622704  0.578477  0.609771  0.814899  0.737256  0.479595  0.682740  0.684997  0.512437  0.600385  0.758607  0.610419  0.633611  0.701691  0.927890  0.909131  0.713272  0.701242  0.710174  0.584579  0.851510  0.723176  0.842570  0.712061  0.504511  0.775201  0.808025  0.653212  0.760023  0.738091  0.729074  0.776975  0.621439  0.804669  0.859024  0.815837  0.854051  0.753386  0.794946 
13  0.771803  0.762388  0.741987  0.856188  0.714110  0.600443  0.776394  0.816374  0.793623  0.672721  0.696670  0.494847  0.811018 0.0  0.756212  0.628965  0.856777  0.610835  0.763606  0.748682  0.664035  0.235841  0.828232  0.702273  0.532360  0.589662  0.798850  0.666563  0.496858  0.762083  0.710333  0.659151  0.720573  0.841628  0.654761  0.521677  0.469112  0.723641  0.806134  0.944953  0.770909  0.856035  0.709362  0.868153  0.761265  0.782381  0.778008  0.805881  0.731746  0.562209  0.899735  0.669673  0.863432  0.899277  0.332045  0.829751  0.778953  0.584613  0.761502  0.671478  0.723644  0.763745  0.656100  0.590806  0.721060  0.563219  0.818977  0.731003  0.753323  0.838243  0.361989  0.656821  0.441615  0.592508  0.802404  0.575430  0.495786  0.789077  0.457232  0.614798  0.654448  0.842803  0.613771  0.558465  0.562237  0.637612  0.640203  0.825217  0.568388 
14  0.274432  0.684361  0.651752  0.130011  0.453147  0.693441  0.636547  0.559514  0.691842  0.843495  0.457395  0.798507  0.608695  0.756212 0.0  0.678394  0.846342  0.714830  0.458960  0.657432  0.524683  0.747733  0.388212  0.452532  0.783194  0.643547  0.871794  0.648142  0.819404  0.501068  0.421408  0.539201  0.629629  0.611394  0.653557  0.847658  0.760013  0.585213  0.516550  0.833068  0.662377  0.625392  0.785823  0.726659  0.516278  0.579698  0.685655  0.461154  0.271955  0.638528  0.544933  0.328145  0.584707  0.732619  0.770089  0.605801  0.579081  0.718192  0.451166  0.282133  0.395857  0.569280  0.616469  0.785252  0.829838  0.862760  0.641829  0.654073  0.582899  0.808607  0.776722  0.692182  0.758794  0.609852  0.531711  0.692748  0.815656  0.458831  0.737166  0.667546  0.667090  0.640985  0.516600  0.831005  0.784982  0.638681  0.826195  0.739143  0.821181 
15  0.570170  0.820623  0.696461  0.640022  0.575825  0.345200  0.641354  0.648405  0.781641  0.693028  0.664837  0.560543  0.626623  0.628965  0.678394 0.0  0.910045  0.511864  0.561350  0.360256  0.694010  0.710019  0.540775  0.682977  0.729814  0.466409  0.876923  0.354599  0.604709  0.801171  0.744307  0.619323  0.831752  0.737051  0.278337  0.548800  0.771987  0.716955  0.625819  0.848756  0.814591  0.700853  0.679400  0.802108  0.644747  0.735617  0.403011  0.752388  0.541452  0.652011  0.761254  0.666838  0.716035  0.717975  0.645259  0.804757  0.714407  0.354530  0.652341  0.650594  0.691938  0.715811  0.340228  0.649651  0.634673  0.725577  0.739573  0.708119  0.820211  0.698406  0.625706  0.283455  0.775944  0.514198  0.624102  0.558847  0.699182  0.622213  0.582028  0.396157  0.240835  0.666281  0.546082  0.682724  0.649382  0.482840  0.681652  0.812080  0.623481 
16  0.831342  0.746310  0.655714  0.736882  0.795381  0.969358  0.637473  0.791616  0.692604  0.929632  0.743390  0.951405  0.979482  0.856777  0.846342  0.910045 0.0  0.947949  0.795796  0.738746  0.753762  0.770258  0.881799  0.809185  0.817347  0.762821  0.612203  0.817681  0.963507  0.796037  0.755300  0.891133  0.892062  0.714902  0.969614  0.939027  0.864147  0.827484  0.809182  0.801087  0.788480  0.831418  0.842262  0.823609  0.733039  0.679950  0.883693  0.797590  0.806901  0.910649  0.848209  0.790731  0.792744  0.817575  0.896901  0.837335  0.860741  0.816342  0.782893  0.869417  0.808795  0.930090  0.816911  0.803449  0.987922  0.820219  0.791209  0.757708  0.769249  0.769226  0.935270  0.829688  0.895122  0.835597  0.770578  0.893328  0.890268  0.672384  0.820128  0.870412  0.953342  0.803846  0.770515  0.826005  0.821100  0.831207  0.876952  0.770864  0.827156 
17  0.700757  0.885284  0.785828  0.641955  0.768500  0.480668  0.731176  0.697850  0.732512  0.701294  0.777805  0.360139  0.732207  0.610835  0.714830  0.511864  0.947949 0.0  0.617980  0.575873  0.766285  0.474636  0.657173  0.567682  0.674591  0.299213  0.855818  0.373461  0.639929  0.805536  0.813657  0.768173  0.842493  0.698541  0.384837  0.521297  0.675492  0.725300  0.742854  0.751743  0.789272  0.757514  0.638924  0.636622  0.688918  0.715602  0.521574  0.803144  0.670469  0.481902  0.799563  0.757024  0.597605  0.906838  0.614133  0.673141  0.762385  0.305016  0.678673  0.746677  0.611286  0.719736  0.360260  0.720011  0.660051  0.695185  0.813525  0.710300  0.636757  0.757362  0.583209  0.477649  0.709929  0.318938  0.718455  0.505678  0.698242  0.625165  0.504800  0.442330  0.477823  0.623789  0.597823  0.630143  0.669905  0.347279  0.667302  0.847548  0.592327 
18  0.524897  0.721080  0.704801  0.675990  0.621676  0.535552  0.699688  0.659729  0.804831  0.785089  0.554406  0.653068  0.657469  0.763606  0.458960  0.561350  0.795796  0.617980 0.0  0.507806  0.703635  0.699146  0.542340  0.223987  0.781228  0.635645  0.718589  0.598328  0.740867  0.699568  0.672004  0.347725  0.799162  0.774202  0.583409  0.644744  0.811731  0.618648  0.563591  0.737505  0.656729  0.689296  0.882563  0.679856  0.681701  0.667447  0.436749  0.693805  0.635349  0.695981  0.556559  0.542837  0.488215  0.793318  0.696170  0.684703  0.641997  0.594844  0.519181  0.636224  0.614066  0.730427  0.647465  0.680550  0.866546  0.744983  0.794982  0.643352  0.605941  0.713603  0.732714  0.558711  0.724224  0.672932  0.647533  0.670769  0.760957  0.479423  0.582670  0.570966  0.627696  0.531596  0.570402  0.780574  0.731406  0.620677  0.785763  0.809309  0.841077 
19  0.593699  0.784502  0.700850  0.568958  0.630047  0.254827  0.712370  0.630073  0.710561  0.687771  0.654084  0.581369  0.651155  0.748682  0.657432  0.360256  0.738746  0.575873  0.507806 0.0  0.602108  0.674170  0.703495  0.431648  0.742616  0.583490  0.863538  0.547002  0.726404  0.709661  0.621935  0.615993  0.762159  0.723428  0.308375  0.690312  0.748251  0.693237  0.580956  0.776004  0.766717  0.752358  0.759583  0.702130  0.658314  0.680473  0.237604  0.619635  0.605272  0.562647  0.653352  0.550963  0.612980  0.781566  0.633003  0.791516  0.591461  0.595713  0.659150  0.603135  0.731423  0.710769  0.432133  0.684203  0.803281  0.734858  0.634270  0.615091  0.663026  0.733396  0.650892  0.389311  0.764307  0.568467  0.565147  0.408482  0.584432  0.638260  0.666124  0.374927  0.390163  0.595267  0.700270  0.703821  0.892368  0.536444  0.723269  0.749544  0.792161 
20  0.623081  0.624692  0.510379  0.460392  0.556410  0.685035  0.706989  0.590835  0.812227  0.895905  0.426240  0.679915  0.683180  0.664035  0.524683  0.694010  0.753762  0.766285  0.703635  0.602108 0.0  0.852713  0.251408  0.639715  0.597741  0.545014  0.823055  0.599936  0.932383  0.683080  0.528839  0.683213  0.668246  0.661666  0.640409  0.631033  0.764915  0.619107  0.548767  0.790599  0.754019  0.603063  0.763423  0.650300  0.559229  0.608684  0.703535  0.588174  0.469581  0.793854  0.307949  0.481436  0.640331  0.746997  0.896509  0.708648  0.394599  0.734240  0.588146  0.537991  0.484373  0.542998  0.770481  0.821957  0.856235  0.726788  0.544901  0.608417  0.474858  0.587174  0.743839  0.808231  0.843970  0.738700  0.588408  0.583877  0.689518  0.578818  0.687984  0.738611  0.625753  0.618510  0.634365  0.734967  0.844300  0.785504  0.781792  0.644593  0.814961 
21  0.795433  1.000000  0.781313  0.739759  0.728859  0.665923  0.775718  0.703551  0.923112  0.712911  0.672347  0.664849  0.828579  0.235841  0.747733  0.710019  0.770258  0.474636  0.699146  0.674170  0.852713 0.0  0.664119  0.752113  0.466068  0.706792  0.900333  0.642470  0.391533  0.849386  0.774100  0.724658  0.823498  0.837648  0.659677  0.403259  0.445571  0.646458  0.661426  0.829110  0.788225  0.799066  0.641661  0.811880  0.793069  0.825124  0.593792  0.852465  0.782732  0.552657  0.793578  0.736370  0.654757  0.836097  0.182335  0.727095  0.749821  0.594814  0.709839  0.771982  0.827429  0.834192  0.602221  0.496839  0.619906  0.657509  0.716459  0.720799  0.594356  0.845074  0.273038  0.664129  0.516952  0.606599  0.928583  0.558832  0.505322  0.770101  0.411298  0.573154  0.567139  0.912189  0.737623  0.640319  0.529739  0.628630  0.455164  0.815926  0.409679 
22  0.479695  0.672176  0.632265  0.433384  0.359006  0.727253  0.639064  0.685090  0.602585  0.757922  0.184477  0.698274  0.727769  0.828232  0.388212  0.540775  0.881799  0.657173  0.542340  0.703495  0.251408  0.664119 0.0  0.552509  0.828612  0.782505  0.772169  0.571302  0.826198  0.718878  0.480770  0.628425  0.689300  0.628549  0.663928  0.753006  0.712817  0.587019  0.403774  0.646329  0.742369  0.636828  0.738415  0.702010  0.608537  0.587576  0.570345  0.512883  0.443012  0.783896  0.431303  0.394913  0.595843  0.724155  0.875162  0.623351  0.183763  0.663748  0.534322  0.510487  0.527404  0.512263  0.670408  0.822039  0.831646  0.770626  0.601202  0.540823  0.538597  0.737154  0.793008  0.586690  0.815286  0.750688  0.546667  0.588374  0.761270  0.556012  0.817503  0.661331  0.714971  0.631731  0.512991  0.735866  0.897381  0.678433  0.808346  0.665265  0.881583 
23  0.566423  0.734946  0.674258  0.644078  0.539126  0.490684  0.761846  0.511024  0.787681  0.685055  0.511171  0.601256  0.708841  0.702273  0.452532  0.682977  0.809185  0.567682  0.223987  0.431648  0.639715  0.752113  0.552509 0.0  0.769862  0.644449  0.832581  0.626245  0.714479  0.759278  0.674970  0.347834  0.617097  0.717977  0.548727  0.679133  0.892522  0.601099  0.503987  0.796839  0.704479  0.683774  0.787445  0.588224  0.483308  0.643405  0.577867  0.701774  0.487609  0.684175  0.607078  0.580619  0.594061  0.846538  0.801690  0.529082  0.649140  0.589946  0.580571  0.457590  0.621873  0.600675  0.540984  0.812739  0.710939  0.850217  0.731287  0.473748  0.657473  0.755782  0.728837  0.672517  0.679848  0.614246  0.400887  0.578927  0.802362  0.473480  0.633661  0.557835  0.542923  0.471735  0.645853  0.762896  0.672336  0.588522  0.772293  0.781615  0.722795 
24  0.694597  0.819572  0.938764  0.837554  0.741034  0.624571  0.927933  0.892376  0.700196  0.518353  0.733167  0.770990  0.808477  0.532360  0.783194  0.729814  0.817347  0.674591  0.781228  0.742616  0.597741  0.466068  0.828612  0.769862 0.0  0.533772  0.880480  0.700522  0.547508  0.841647  0.882290  0.809076  0.834875  0.795528  0.684750  0.657818  0.322379  0.880703  0.853149  0.929397  0.884740  0.819951  0.382382  0.767836  0.850813  0.818156  0.659527  0.857852  0.795666  0.712245  0.786976  0.816062  0.778452  0.887421  0.562707  0.808795  0.800659  0.634817  0.796916  0.790338  0.761866  0.872026  0.709156  0.436808  0.541228  0.253746  0.933775  0.841744  0.896558  0.755316  0.544189  0.645000  0.424146  0.701802  0.842701  0.717606  0.564928  0.859854  0.615029  0.644478  0.736161  0.764041  0.763651  0.087345  0.115684  0.664759  0.368390  0.842543  0.503083 
25  0.753492  0.783490  0.797651  0.759984  0.632468  0.590001  0.776766  0.690996  0.826093  0.823915  0.741305  0.320495  0.750872  0.589662  0.643547  0.466409  0.762821  0.299213  0.635645  0.583490  0.545014  0.706792  0.782505  0.644449  0.533772 0.0  0.946159  0.437362  0.677469  0.635492  0.776055  0.587155  0.808164  0.771480  0.478906  0.432463  0.638371  0.790060  0.745568  0.762253  0.790284  0.742411  0.767297  0.867753  0.565575  0.619653  0.615123  0.810877  0.783920  0.400635  0.703928  0.698257  0.695696  0.844934  0.561051  0.788276  0.777715  0.350640  0.713873  0.735777  0.624277  0.905089  0.450641  0.652291  0.701991  0.683026  0.752393  0.661868  0.767945  0.666108  0.671904  0.492269  0.643644  0.385709  0.768100  0.476848  0.626312  0.661254  0.323745  0.482454  0.416450  0.607347  0.600095  0.657014  0.704831  0.447348  0.664760  0.895464  0.581646 
26  0.706934  0.861994  0.798080  0.822781  0.713677  0.931278  0.791293  0.745703  0.757399  0.840110  0.876043  0.891866  0.872945  0.798850  0.871794  0.876923  0.612203  0.855818  0.718589  0.863538  0.823055  0.900333  0.772169  0.832581  0.880480  0.946159 0.0  0.838459  0.909648  0.717890  0.840986  0.902060  0.815582  0.881321  0.841154  0.793133  0.888214  0.837781  0.796288  0.815076  0.881252  0.732954  0.804184  0.684600  0.633613  0.749441  0.775807  0.799914  0.768599  0.829377  0.792638  0.922159  0.798770  0.690533  0.961181  0.665896  0.811005  0.805352  0.873649  0.783214  0.814007  0.753659  0.739227  0.895124  0.925595  0.845397  0.674846  0.869011  0.887743  0.765127  0.806958  0.820556  0.849387  0.836514  0.794363  0.814146  0.840566  0.808277  0.882100  0.843590  0.841875  0.843200  0.811363  0.859756  0.978956  0.832608  0.924648  0.781539  0.862630 
27  0.609876  0.767325  0.736973  0.642980  0.664567  0.431886  0.780512  0.634531  0.742232  0.689813  0.529136  0.551092  0.606214  0.666563  0.648142  0.354599  0.817681  0.373461  0.598328  0.547002  0.599936  0.642470  0.571302  0.626245  0.700522  0.437362  0.838459 0.0  0.695886  0.797227  0.804120  0.681510  0.707182  0.697428  0.334197  0.556242  0.628728  0.667769  0.613095  0.720236  0.746487  0.776556  0.736459  0.762015  0.678586  0.771042  0.528641  0.770013  0.731894  0.535069  0.704867  0.743766  0.696167  0.733670  0.558679  0.549186  0.729942  0.242929  0.724702  0.722173  0.728198  0.734224  0.083149  0.730660  0.710943  0.726397  0.788920  0.639242  0.678177  0.796981  0.692485  0.376633  0.766777  0.349075  0.619802  0.497132  0.654179  0.529352  0.553176  0.216131  0.236254  0.634718  0.548184  0.593657  0.653839  0.460443  0.682347  0.761750  0.657623 
28  0.774539  0.847371  0.755078  0.659425  0.693455  0.657622  0.906350  0.754060  0.789708  0.615631  0.710741  0.658066  0.851064  0.496858  0.819404  0.604709  0.963507  0.639929  0.740867  0.726404  0.932383  0.391533  0.826198  0.714479  0.547508  0.677469  0.909648  0.695886 0.0  0.833333  0.866749  0.739010  0.808389  0.801249  0.656885  0.633276  0.387870  0.803495  0.722075  0.910033  0.797703  0.774585  0.552180  0.872034  0.816165  0.813539  0.669138  0.811257  0.709314  0.546559  0.697319  0.781094  0.753803  0.863883  0.300851  0.923704  0.821052  0.749210  0.704625  0.743914  0.795662  0.726814  0.642183  0.475123  0.652763  0.532418  0.793180  0.751151  0.634157  0.811338  0.237556  0.645819  0.502093  0.580371  0.751961  0.711569  0.520399  0.674392  0.639767  0.617636  0.555599  0.728489  0.730980  0.463389  0.470426  0.562757  0.539836  0.866075  0.278175 
29  0.632905  0.329887  0.697623  0.640105  0.756208  0.780552  0.551940  0.767301  0.629715  0.962343  0.788729  0.821730  0.595339  0.762083  0.501068  0.801171  0.796037  0.805536  0.699568  0.709661  0.683080  0.849386  0.718878  0.759278  0.841647  0.635492  0.717890  0.797227  0.833333 0.0  0.568444  0.720770  0.687967  0.605483  0.707062  0.681256  0.724080  0.644106  0.645708  0.698402  0.642714  0.464357  0.766940  0.609510  0.608864  0.496496  0.729679  0.627236  0.721882  0.811203  0.604837  0.689665  0.692943  0.744029  0.796474  0.572959  0.702142  0.864419  0.710652  0.679013  0.675484  0.589314  0.793302  0.832925  0.839201  0.981470  0.652971  0.717773  0.802703  0.704639  0.831949  0.752852  0.871385  0.824361  0.748853  0.752702  0.833836  0.709373  0.889726  0.705545  0.733163  0.738271  0.806893  0.991722  0.749536  0.677786  0.854295  0.586409  0.857862 
30  0.511478  0.532087  0.508979  0.549123  0.564370  0.693143  0.476934  0.712239  0.666099  0.789488  0.533410  0.740224  0.738374  0.710333  0.421408  0.744307  0.755300  0.813657  0.672004  0.621935  0.528839  0.774100  0.480770  0.674970  0.882290  0.776055  0.840986  0.804120  0.866749  0.568444 0.0  0.658146  0.728160  0.615995  0.730509  0.718116  0.808846  0.628444  0.617348  0.683115  0.658534  0.725364  0.844880  0.621981  0.618704  0.469174  0.627236  0.300675  0.530730  0.727097  0.542940  0.571052  0.575193  0.769567  0.881140  0.495305  0.626830  0.772645  0.507921  0.507859  0.407565  0.478680  0.708411  0.795528  0.812921  0.832489  0.515658  0.560788  0.438469  0.671197  0.834018  0.638705  0.750451  0.683773  0.686281  0.679660  0.794113  0.658952  0.664699  0.703101  0.678906  0.627333  0.685345  0.818749  0.773994  0.748166  0.769960  0.578414  0.794649 
31  0.453971  0.657151  0.661726  0.576006  0.571329  0.596082  0.809387  0.566011  0.712196  0.697488  0.601293  0.622732  0.794604  0.659151  0.539201  0.619323  0.891133  0.768173  0.347725  0.615993  0.683213  0.724658  0.628425  0.347834  0.809076  0.587155  0.902060  0.681510  0.739010  0.720770  0.658146 0.0  0.659364  0.646645  0.526416  0.665079  0.729049  0.749083  0.650400  0.828999  0.739133  0.768859  0.755588  0.666505  0.638197  0.695965  0.469330  0.639714  0.598794  0.574578  0.496992  0.425610  0.557444  0.717655  0.659584  0.550078  0.537952  0.687573  0.549029  0.446274  0.657416  0.584681  0.514411  0.784887  0.837013  0.726888  0.601078  0.596201  0.710278  0.850308  0.679630  0.507099  0.768555  0.651827  0.436262  0.661877  0.679859  0.417786  0.637219  0.504509  0.547774  0.556405  0.560110  0.646867  0.690582  0.614189  0.806159  0.762063  0.874107 
32  0.791466  0.420009  0.712613  0.716156  0.707164  0.868728  0.688751  0.612186  0.493038  0.835101  0.775030  0.975543  0.525044  0.720573  0.629629  0.831752  0.892062  0.842493  0.799162  0.762159  0.668246  0.823498  0.689300  0.617097  0.834875  0.808164  0.815582  0.707182  0.808389  0.687967  0.728160  0.659364 0.0  0.694029  0.694499  0.903450  0.836689  0.777635  0.706732  0.649172  0.529059  0.293792  0.841076  0.294101  0.642709  0.633809  0.718272  0.645576  0.629195  0.668718  0.708601  0.635708  0.653213  0.795096  0.852164  0.575118  0.701459  0.688154  0.610101  0.595453  0.770706  0.621448  0.708110  0.837473  0.808490  0.774389  0.747590  0.608109  0.685923  0.773167  0.777457  0.806571  0.929696  0.759351  0.546137  0.737304  0.870882  0.537122  0.730257  0.786892  0.803190  0.814830  0.642848  0.857911  0.753796  0.809836  0.796346  0.610101  0.870281 
33  0.675487  0.739957  0.646014  0.576686  0.641618  0.730688  0.746935  0.754374  0.639733  0.750549  0.578520  0.816287  0.788303  0.841628  0.611394  0.737051  0.714902  0.698541  0.774202  0.723428  0.661666  0.837648  0.628549  0.717977  0.795528  0.771480  0.881321  0.697428  0.801249  0.605483  0.615995  0.646645  0.694029 0.0  0.681112  0.809269  0.750657  0.488926  0.691332  0.835236  0.724118  0.733632  0.751007  0.758593  0.666176  0.752930  0.625141  0.582224  0.602537  0.857566  0.456089  0.541130  0.735212  0.759827  0.757391  0.623182  0.581272  0.730052  0.662292  0.584233  0.486612  0.541484  0.724554  0.838974  0.751852  0.765230  0.651922  0.713230  0.569185  0.495729  0.802014  0.724882  0.852625  0.838479  0.710723  0.717999  0.693972  0.633859  0.766371  0.715157  0.729677  0.715318  0.681462  0.826031  0.838890  0.788138  0.857892  0.674959  0.831338 
34  0.645809  0.795974  0.749518  0.679645  0.702127  0.410883  0.746154  0.726133  0.736553  0.769376  0.800924  0.441432  0.678096  0.654761  0.653557  0.278337  0.969614  0.384837  0.583409  0.308375  0.640409  0.659677  0.663928  0.548727  0.684750  0.478906  0.841154  0.334197  0.656885  0.707062  0.730509  0.526416  0.694499  0.681112 0.0  0.428515  0.571436  0.662902  0.586459  0.843260  0.765452  0.697394  0.737316  0.727106  0.646989  0.752670  0.449558  0.644173  0.556669  0.475010  0.812196  0.572657  0.636682  0.801712  0.629393  0.754106  0.772592  0.298891  0.630282  0.658290  0.738367  0.735424  0.250324  0.768314  0.784293  0.687314  0.708227  0.527623  0.702345  0.835071  0.733323  0.221429  0.670270  0.454608  0.699673  0.371158  0.696612  0.563601  0.440614  0.235932  0.084743  0.623114  0.424194  0.802793  0.671262  0.666040  0.709254  0.697552  0.630833 
35  0.736346  0.804142  0.849309  0.660949  0.786058  0.624279  0.724308  0.705714  0.758197  0.791963  0.739612  0.365181  0.856022  0.521677  0.847658  0.548800  0.939027  0.521297  0.644744  0.690312  0.631033  0.403259  0.753006  0.679133  0.657818  0.432463  0.793133  0.556242  0.633276  0.681256  0.718116  0.665079  0.903450  0.809269  0.428515 0.0  0.570943  0.816006  0.741543  0.803251  0.711110  0.811675  0.583595  0.754798  0.805998  0.904722  0.645455  0.761357  0.696377  0.306914  0.745557  0.817365  0.653177  0.887094  0.470583  0.790286  0.598519  0.506654  0.686587  0.719982  0.668722  0.862710  0.591882  0.691967  0.720573  0.723742  0.754659  0.661023  0.684724  0.730678  0.526095  0.503458  0.597543  0.487559  0.746052  0.582300  0.543834  0.645576  0.322398  0.503746  0.554719  0.666803  0.664262  0.649900  0.598457  0.491248  0.563493  0.842039  0.707444 
36  0.765646  0.784330  0.793543  0.686269  0.657796  0.724592  0.753583  0.865348  0.960532  0.585362  0.752182  0.558484  0.745232  0.469112  0.760013  0.771987  0.864147  0.675492  0.811731  0.748251  0.764915  0.445571  0.712817  0.892522  0.322379  0.638371  0.888214  0.628728  0.387870  0.724080  0.808846  0.729049  0.836689  0.750657  0.571436  0.570943 0.0  0.781674  0.800076  0.860677  0.870766  0.853630  0.501797  0.789836  0.742288  0.739153  0.651041  0.835732  0.829882  0.695239  0.865294  0.755729  0.736533  0.845381  0.565537  0.801026  0.803049  0.529386  0.778870  0.688014  0.876028  0.835176  0.682046  0.320432  0.585452  0.484004  0.893054  0.810582  0.800063  0.832291  0.453397  0.659793  0.379528  0.604733  0.675340  0.715718  0.579405  0.699915  0.581682  0.679630  0.839477  0.831426  0.754338  0.415160  0.462530  0.691411  0.420004  0.857903  0.257639 
37  0.682658  0.693125  0.612011  0.609157  0.615843  0.773661  0.667598  0.690537  0.655584  0.749281  0.598291  0.755073  0.794944  0.723641  0.585213  0.716955  0.827484  0.725300  0.618648  0.693237  0.619107  0.646458  0.587019  0.601099  0.880703  0.790060  0.837781  0.667769  0.803495  0.644106  0.628444  0.749083  0.777635  0.488926  0.662902  0.816006  0.781674 0.0  0.722745  0.769387  0.809731  0.826528  0.946942  0.738601  0.607833  0.758012  0.716024  0.762500  0.601693  0.616272  0.558228  0.730389  0.711978  0.694660  0.730244  0.791121  0.664526  0.720386  0.652449  0.622293  0.575486  0.603769  0.707026  0.776035  0.800138  0.793980  0.569602  0.660458  0.604308  0.586949  0.665616  0.728691  0.666943  0.890584  0.664419  0.785812  0.766559  0.579594  0.699779  0.702247  0.750273  0.637582  0.587310  0.916346  0.800480  0.721702  0.877943  0.627125  0.816572 
38  0.445505  0.657264  0.647635  0.527482  0.561902  0.543245  0.781984  0.450544  0.700474  0.770357  0.649598  0.685225  0.693338  0.806134  0.516550  0.625819  0.809182  0.742854  0.563591  0.580956  0.548767  0.661426  0.403774  0.503987  0.853149  0.745568  0.796288  0.613095  0.722075  0.645708  0.617348  0.650400  0.706732  0.691332  0.586459  0.741543  0.800076  0.722745 0.0  0.607203  0.625181  0.705222  0.800867  0.622390  0.334620  0.587873  0.702508  0.590146  0.598142  0.782979  0.591744  0.386398  0.394426  0.797257  0.697571  0.603016  0.616870  0.655998  0.448617  0.384011  0.605588  0.664809  0.645565  0.753687  0.859370  0.703352  0.634257  0.427124  0.660956  0.714874  0.763859  0.667268  0.847397  0.772878  0.416436  0.686139  0.699893  0.571930  0.642328  0.603337  0.599057  0.625677  0.665982  0.732249  0.829127  0.659495  0.678455  0.797558  0.868637 
39  0.723021  0.714135  0.794192  0.735075  0.815517  0.697107  0.795008  0.735656  0.568313  0.895739  0.849322  0.762375  0.657213  0.944953  0.833068  0.848756  0.801087  0.751743  0.737505  0.776004  0.790599  0.829110  0.646329  0.796839  0.929397  0.762253  0.815076  0.720236  0.910033  0.698402  0.683115  0.828999  0.649172  0.835236  0.843260  0.803251  0.860677  0.769387  0.607203 0.0  0.667700  0.641265  0.840438  0.671697  0.775307  0.625497  0.751117  0.698261  0.805121  0.821826  0.792986  0.721963  0.722311  0.786065  0.995196  0.708922  0.742977  0.781962  0.769001  0.713903  0.798664  0.780555  0.854167  0.929048  0.990666  0.835314  0.770725  0.664434  0.775633  0.810783  0.843671  0.801916  0.941849  0.831971  0.636643  0.847283  0.823890  0.685878  0.820078  0.846437  0.833059  0.770011  0.600564  0.853707  0.810686  0.835683  0.883904  0.677015  0.767402 
40  0.679322  0.563117  0.708031  0.808201  0.670324  0.775017  0.609219  0.545601  0.498697  0.961504  0.695187  0.872150  0.519800  0.770909  0.662377  0.814591  0.788480  0.789272  0.656729  0.766717  0.754019  0.788225  0.742369  0.704479  0.884740  0.790284  0.881252  0.746487  0.797703  0.642714  0.658534  0.739133  0.529059  0.724118  0.765452  0.711110  0.870766  0.809731  0.625181  0.667700 0.0  0.332217  0.811502  0.488054  0.662743  0.690536  0.711482  0.728644  0.760434  0.811994  0.723217  0.659207  0.665336  0.760259  0.868577  0.672457  0.551521  0.801600  0.676002  0.718431  0.691088  0.714058  0.667613  0.961717  0.760816  0.835648  0.760233  0.799789  0.703577  0.704658  0.824155  0.805646  0.775039  0.736651  0.699162  0.706363  0.892476  0.691489  0.804615  0.790709  0.803946  0.724259  0.674797  0.860280  0.818510  0.747675  0.799825  0.701156  0.821284 
41  0.687596  0.614562  0.606144  0.583213  0.691075  0.853009  0.778416  0.687185  0.492577  0.821960  0.633088  0.787768  0.549556  0.856035  0.625392  0.700853  0.831418  0.757514  0.689296  0.752358  0.603063  0.799066  0.636828  0.683774  0.819951  0.742411  0.732954  0.776556  0.774585  0.464357  0.725364  0.768859  0.293792  0.733632  0.697394  0.811675  0.853630  0.826528  0.705222  0.641265  0.332217 0.0  0.832953  0.441245  0.583923  0.657065  0.742841  0.567562  0.635455  0.752529  0.714746  0.671666  0.728813  0.755399  0.791810  0.541607  0.607394  0.857903  0.706575  0.634441  0.648587  0.702960  0.824125  0.818232  0.862353  0.944787  0.667633  0.703270  0.686778  0.718295  0.837095  0.731005  0.857289  0.769939  0.646386  0.720847  0.829852  0.693809  0.657533  0.802678  0.596500  0.924534  0.742167  0.866749  0.796202  0.775406  0.842843  0.652639  0.834314 
42  0.844154  0.830900  0.708641  0.957936  0.787529  0.788821  0.797080  0.853403  0.931980  0.477441  0.933997  0.634105  0.917940  0.709362  0.785823  0.679400  0.842262  0.638924  0.882563  0.759583  0.763423  0.641661  0.738415  0.787445  0.382382  0.767297  0.804184  0.736459  0.552180  0.766940  0.844880  0.755588  0.841076  0.751007  0.737316  0.583595  0.501797  0.946942  0.800867  0.840438  0.811502  0.832953 0.0  0.768353  0.755552  0.796650  0.701173  0.862700  0.744820  0.678958  0.885819  0.835200  0.839429  0.768785  0.517039  0.770323  0.731090  0.660905  0.801762  0.728579  0.815731  0.723485  0.720560  0.404929  0.402022  0.502964  0.791192  0.869580  0.832462  0.776366  0.573287  0.734817  0.457261  0.818413  0.767068  0.646207  0.514842  0.800144  0.633196  0.686303  0.725898  0.691386  0.800762  0.418779  0.472600  0.645453  0.493744  0.978892  0.603062 
43  0.697903  0.460588  0.637620  0.613418  0.697290  0.773396  0.633766  0.691710  0.352814  0.925355  0.722211  0.775560  0.545764  0.868153  0.726659  0.802108  0.823609  0.636622  0.679856  0.702130  0.650300  0.811880  0.702010  0.588224  0.767836  0.867753  0.684600  0.762015  0.872034  0.609510  0.621981  0.666505  0.294101  0.758593  0.727106  0.754798  0.789836  0.738601  0.622390  0.671697  0.488054  0.441245  0.768353 0.0  0.755927  0.612493  0.659386  0.690977  0.567394  0.758799  0.573252  0.637335  0.631212  0.708451  0.941855  0.544874  0.793701  0.711818  0.671929  0.614027  0.688859  0.824274  0.794429  0.827583  0.832304  0.895278  0.689420  0.687730  0.582097  0.885616  0.848130  0.758337  0.820082  0.810820  0.678807  0.807244  0.783458  0.769620  0.826166  0.715266  0.818632  0.801473  0.672085  0.809137  0.831015  0.766527  0.865993  0.684606  0.732691 
44  0.611763  0.771577  0.722575  0.538345  0.547912  0.689220  0.696554  0.363079  0.701370  0.714568  0.616821  0.843251  0.507535  0.761265  0.516278  0.644747  0.733039  0.688918  0.681701  0.658314  0.559229  0.793069  0.608537  0.483308  0.850813  0.565575  0.633613  0.678586  0.816165  0.608864  0.618704  0.638197  0.642709  0.666176  0.646989  0.805998  0.742288  0.607833  0.334620  0.775307  0.662743  0.583923  0.755552  0.755927 0.0  0.657835  0.595166  0.611127  0.674055  0.832971  0.661179  0.535940  0.289520  0.829346  0.715023  0.640469  0.672469  0.765259  0.529969  0.577285  0.562135  0.695728  0.707809  0.793404  0.869832  0.811222  0.594877  0.323469  0.577787  0.670595  0.752169  0.593555  0.784406  0.739511  0.278243  0.787267  0.688044  0.559487  0.757568  0.723302  0.668121  0.650330  0.610536  0.817995  0.786731  0.824453  0.905271  0.739221  0.826710 
