89
0 0.0  0.653831  0.564333  0.446469  0.462400  0.742950  0.640443  0.431564  0.722025  0.784498  0.544572  0.800326  0.599526  0.763367  0.334784  0.684979  0.845409  0.706660  0.595784  0.679579  0.515253  0.810260  0.489577  0.516055  0.755900  0.690103  0.782362  0.635139  0.687017  0.627350  0.488631  0.485745  0.646585  0.625711  0.721885  0.894195  0.798424  0.683614  0.463504  0.738571  0.694542  0.660855  0.758604  0.619501  0.518137  0.608092  0.578145  0.631062  0.414860  0.665721  0.538414  0.270911  0.510559  0.782490  0.739414  0.669695  0.497614  0.680173  0.383259  0.184880  0.544254  0.580569  0.556768  0.856623  0.837013  0.760610  0.639224  0.452167  0.457483  0.646657  0.797534  0.542882  0.716534  0.591930  0.455817  0.703191  0.762517  0.513189  0.749082  0.708716  0.674812  0.604344  0.547852  0.797371  0.716301  0.670012  0.732559  0.653824  0.785723 
1  0.653831 0.0  0.580729  0.682866  0.658959  0.683132  0.705716  0.655008  0.467245  0.838920  0.654713  0.775364  0.679623  0.799960  0.632757  0.658802  0.751155  0.771363  0.769428  0.798045  0.632292  0.819206  0.747477  0.706404  0.956450  0.800735  0.715410  0.802407  0.796606  0.388091  0.661134  0.663469  0.559897  0.724553  0.779876  0.793967  0.815818  0.622088  0.570215  0.635833  0.539037  0.567878  0.902980  0.542762  0.683634  0.523805  0.773445  0.660936  0.621207  0.727719  0.708937  0.712066  0.679210  0.742934  0.878772  0.441460  0.689667  0.677979  0.619707  0.652253  0.643821  0.653748  0.840645  0.821891  0.860713  0.863474  0.605374  0.653551  0.596256  0.729346  0.822721  0.739911  0.850468  0.726656  0.642805  0.782817  0.801744  0.746083  0.748819  0.725235  0.769804  0.786464  0.714365  0.845877  0.888662  0.717790  0.783200  0.555833  0.806822 
2  0.564333  0.580729 0.0  0.469644  0.683818  0.692695  0.590707  0.724546  0.597734  0.812095  0.507328  0.767159  0.637511  0.832642  0.613212  0.758247  0.806759  0.780841  0.617776  0.731644  0.412600  0.700619  0.506111  0.661935  0.779540  0.746138  0.856769  0.722611  0.766679  0.704715  0.457948  0.751062  0.690926  0.512952  0.608920  0.637073  0.853581  0.603289  0.731613  0.753386  0.651155  0.593302  0.742459  0.730777  0.599656  0.530772  0.698969  0.419792  0.475300  0.795475  0.527360  0.614582  0.631186  0.717105  0.734413  0.618730  0.637713  0.651325  0.652989  0.681227  0.525098  0.326111  0.639775  0.842282  0.710514  0.743680  0.510105  0.617644  0.388104  0.672421  0.797805  0.717405  0.838269  0.776912  0.526042  0.769288  0.731650  0.517078  0.781020  0.723745  0.692673  0.667812  0.603479  0.790061  0.793498  0.719759  0.787197  0.577068  0.847028 
3  0.446469  0.682866  0.469644 0.0  0.381685  0.647609  0.580599  0.720327  0.751227  0.808980  0.451446  0.698209  0.643241  0.805846  0.277488  0.537270  0.802408  0.688747  0.599861  0.614452  0.575103  0.755047  0.446932  0.581537  0.811535  0.639656  0.751060  0.722515  0.679537  0.710201  0.471083  0.550964  0.694628  0.565075  0.724631  0.515053  0.771853  0.670659  0.535570  0.826724  0.580891  0.674218  0.916657  0.679786  0.622221  0.655748  0.740714  0.547714  0.169521  0.744532  0.418955  0.331064  0.606078  0.790900  0.844677  0.627005  0.486445  0.787003  0.406067  0.366164  0.333631  0.382197  0.643018  0.835832  0.803841  0.718648  0.602819  0.496426  0.432155  0.674629  0.727871  0.635131  0.819788  0.704593  0.494096  0.606544  0.915276  0.485140  0.721151  0.791526  0.579020  0.545128  0.621137  0.734540  0.754104  0.699663  0.687968  0.701567  0.758204 
4  0.462400  0.658959  0.683818  0.381685 0.0  0.606552  0.594913  0.533109  0.740227  0.875664  0.413529  0.730831  0.614195  0.712228  0.471067  0.730568  0.754347  0.731278  0.573400  0.571445  0.577536  0.687121  0.433729  0.641484  0.949579  0.781557  0.859246  0.691871  0.645608  0.555064  0.473924  0.516771  0.675254  0.638382  0.603011  0.829319  0.712950  0.673021  0.497210  0.969630  0.612408  0.698702  0.724401  0.639312  0.565213  0.639293  0.585843  0.551560  0.363207  0.717303  0.520373  0.346401  0.717426  0.756917  0.746615  0.623497  0.329395  0.680480  0.642122  0.447039  0.530220  0.520289  0.626303  0.767357  0.859750  0.771432  0.629213  0.612959  0.492955  0.660351  0.698045  0.598367  0.837248  0.589443  0.533860  0.503094  0.751602  0.528794  0.706445  0.651728  0.581529  0.563561  0.559680  0.830419  0.759570  0.636948  0.760948  0.707521  0.678277 
5  0.742950  0.683132  0.692695  0.647609  0.606552 0.0  0.678166  0.706335  0.928032  0.810222  0.749920  0.603463  0.667028  0.551971  0.684007  0.273394  0.788796  0.474192  0.599280  0.250167  0.734943  0.595661  0.581593  0.547120  0.694438  0.525836  0.964290  0.427521  0.724104  0.751337  0.642961  0.585211  0.670620  0.723381  0.379892  0.578853  0.701105  0.685154  0.572728  0.786610  0.662310  0.764977  0.624269  0.732308  0.692839  0.752046  0.391376  0.783495  0.671432  0.562838  0.638829  0.658480  0.605085  0.896703  0.793678  0.846619  0.655249  0.509613  0.670739  0.734489  0.651886  0.719730  0.415650  0.619942  0.627873  0.693811  0.641168  0.638987  0.664794  0.758230  0.673547  0.437066  0.713677  0.639774  0.617102  0.431543  0.647309  0.529735  0.510575  0.545823  0.380990  0.492946  0.603210  0.780442  0.720715  0.530005  0.766258  0.792375  0.720804 
6  0.640443  0.705716  0.590707  0.580599  0.594913  0.678166 0.0  0.683454  0.562589  0.921863  0.721499  0.753278  0.608690  0.837791  0.518589  0.721952  0.674814  0.877163  0.673251  0.652124  0.577245  0.740897  0.681159  0.692850  0.824314  0.801183  0.797605  0.654972  0.731561  0.562997  0.464242  0.722012  0.689102  0.557579  0.814754  0.821718  0.800315  0.605959  0.589094  0.749445  0.654408  0.732652  0.871074  0.594642  0.623602  0.240623  0.593655  0.496220  0.589205  0.744236  0.661727  0.679614  0.588264  0.749456  0.878675  0.470890  0.599935  0.695807  0.567897  0.557072  0.579582  0.407131  0.720078  0.859292  0.862648  0.845450  0.614413  0.689719  0.531211  0.686413  0.874940  0.731223  0.733957  0.765957  0.695993  0.669774  0.739807  0.734734  0.709304  0.721717  0.680197  0.621302  0.622345  0.792078  0.879724  0.853045  0.858382  0.518028  0.830256 
7  0.431564  0.655008  0.724546  0.720327  0.533109  0.706335  0.683454 0.0  0.658693  0.886646  0.714533  0.737149  0.464007  0.774198  0.638009  0.639572  0.719998  0.733210  0.495405  0.653601  0.693222  0.794694  0.663467  0.593362  0.723574  0.661758  0.745986  0.642266  0.733655  0.674981  0.580835  0.638476  0.716229  0.786464  0.631470  0.744274  0.787323  0.777735  0.519198  0.743111  0.677125  0.602919  0.859785  0.536135  0.361377  0.652994  0.693030  0.585958  0.496255  0.704566  0.636159  0.489172  0.495848  0.730497  0.789304  0.597555  0.747710  0.664660  0.563926  0.524511  0.717543  0.727856  0.694652  0.827057  0.831421  0.858281  0.700909  0.351651  0.618823  0.727522  0.694213  0.652543  0.861569  0.617087  0.564937  0.680693  0.689247  0.695175  0.734878  0.664287  0.624492  0.629527  0.577123  0.763402  0.778114  0.718450  0.800802  0.693150  0.665423 
8  0.722025  0.467245  0.597734  0.751227  0.740227  0.928032  0.562589  0.658693 0.0  0.963848  0.772133  0.719449  0.497376  0.844049  0.765440  0.775562  0.844915  0.647564  0.722327  0.744152  0.789209  0.895573  0.700327  0.738264  0.913436  0.822383  0.703117  0.807181  0.977468  0.607277  0.588672  0.768591  0.558233  0.683107  0.757364  0.794626  0.871607  0.780544  0.726620  0.654522  0.485633  0.538526  0.970845  0.495017  0.665600  0.684269  0.738600  0.665664  0.717770  0.721033  0.735940  0.660283  0.755997  0.783567  0.761201  0.558769  0.652974  0.832724  0.749646  0.659524  0.759998  0.695051  0.642659  0.779528  0.854300  0.874788  0.618142  0.688735  0.703790  0.784927  0.762603  0.860500  0.910998  0.842040  0.688176  0.745963  0.864127  0.824715  0.791324  0.825079  0.734533  0.745182  0.708262  0.696005  0.806258  0.719997  0.860988  0.619863  0.911374 
9  0.784498  0.838920  0.812095  0.808980  0.875664  0.810222  0.921863  0.886646  0.963848 0.0  0.733349  0.673477  0.819353  0.606356  0.866591  0.787340  0.834801  0.665073  0.867625  0.729809  0.857991  0.740707  0.722560  0.767045  0.528962  0.724236  0.947133  0.778083  0.604850  0.837832  0.907828  0.765047  0.805091  0.755756  0.699004  0.671563  0.507160  0.661193  0.833073  0.877938  0.793443  0.869170  0.493673  0.854342  0.855524  0.886338  0.808092  0.896580  0.775192  0.586929  0.731051  0.878443  0.896677  0.919502  0.608267  0.705132  0.729222  0.693474  0.806424  0.757939  0.708121  0.906859  0.725612  0.539308  0.182709  0.367520  0.721060  0.746760  0.804637  0.802053  0.587383  0.645467  0.647161  0.750672  0.834782  0.781163  0.696138  0.779915  0.727551  0.753802  0.711937  0.685373  0.850096  0.461204  0.527182  0.790928  0.461411  0.848518  0.480260 
10  0.544572  0.654713  0.507328  0.451446  0.413529  0.749920  0.721499  0.714533  0.772133  0.733349 0.0  0.647865  0.730054  0.721645  0.433953  0.648921  0.757421  0.728910  0.533152  0.591945  0.361709  0.683682  0.263721  0.556912  0.807813  0.588126  0.806243  0.759100  0.802311  0.610784  0.503884  0.569920  0.726443  0.598563  0.692818  0.642992  0.800743  0.648286  0.645819  0.798059  0.771365  0.706259  0.688988  0.651451  0.669609  0.639585  0.496420  0.543204  0.441114  0.656899  0.437276  0.417545  0.659256  0.663565  0.735816  0.587088  0.099637  0.669339  0.572377  0.612028  0.411410  0.446485  0.666028  0.718508  0.806860  0.834992  0.604851  0.612378  0.434034  0.596963  0.747434  0.623426  0.837129  0.651115  0.517996  0.664093  0.700770  0.533976  0.635039  0.622317  0.731481  0.534997  0.621145  0.761178  0.705195  0.678357  0.703324  0.665498  0.770003 
11  0.800326  0.775364  0.767159  0.698209  0.730831  0.603463  0.753278  0.737149  0.719449  0.673477  0.647865 0.0  0.785781  0.551832  0.761851  0.561801  0.806005  0.450559  0.595293  0.557435  0.728151  0.531943  0.726243  0.645666  0.633307  0.352066  0.899903  0.469286  0.654783  0.856616  0.829287  0.665679  0.761211  0.712287  0.598256  0.408546  0.534159  0.702672  0.727190  0.880851  0.818872  0.668523  0.685914  0.914656  0.736331  0.811049  0.556655  0.721687  0.679316  0.402352  0.681698  0.705198  0.732331  0.879865  0.479823  0.746750  0.756463  0.466834  0.660057  0.673040  0.769873  0.726757  0.511151  0.620902  0.646001  0.614956  0.759394  0.782415  0.792746  0.730031  0.444230  0.527971  0.622701  0.355908  0.739946  0.503205  0.583178  0.670629  0.151656  0.536455  0.375661  0.538197  0.652060  0.580002  0.645483  0.488548  0.634264  0.851197  0.655175 
12  0.599526  0.679623  0.637511  0.643241  0.614195  0.667028  0.608690  0.464007  0.497376  0.819353  0.730054  0.785781 0.0  0.842157  0.693283  0.699598  0.773477  0.665855  0.762669  0.713641  0.739047  0.833412  0.686079  0.707234  0.769991  0.748169  0.743701  0.742212  0.726961  0.615580  0.619604  0.674656  0.366242  0.724750  0.698722  0.814989  0.801461  0.717017  0.507507  0.568321  0.475623  0.459201  0.786515  0.390301  0.605045  0.712061  0.603786  0.612873  0.641056  0.735320  0.743474  0.645750  0.581226  0.925209  0.763947  0.618006  0.649358  0.622681  0.483651  0.620454  0.638436  0.632670  0.684840  0.790009  0.849782  0.704155  0.654686  0.556186  0.603200  0.705161  0.783794  0.845489  0.765169  0.668191  0.704209  0.679727  0.846580  0.620975  0.802513  0.734500  0.671966  0.795019  0.747293  0.815093  0.769806  0.781209  0.823686  0.662270  0.891959 
13  0.763367  0.799960  0.832642  0.805846  0.712228  0.551971  0.837791  0.774198  0.844049  0.606356  0.721645  0.551832  0.842157 0.0  0.787369  0.541809  0.787965  0.664376  0.678977  0.583028  0.749609  0.305545  0.704655  0.671661  0.533272  0.612680  0.833194  0.657480  0.374443  0.792533  0.862919  0.682129  0.853653  0.716802  0.636567  0.554573  0.466231  0.650081  0.805250  0.933775  0.858571  0.770876  0.616295  0.802164  0.750669  0.815775  0.734228  0.839868  0.674341  0.596858  0.671965  0.643094  0.861987  0.810133  0.292077  0.808512  0.737600  0.567531  0.765345  0.779258  0.605551  0.774466  0.652312  0.509190  0.581442  0.565694  0.765849  0.738522  0.783802  0.801901  0.300128  0.611154  0.450602  0.604319  0.786414  0.503129  0.540697  0.694471  0.499155  0.551168  0.633313  0.660782  0.717247  0.558167  0.532655  0.570654  0.469700  0.899301  0.379658 
14  0.334784  0.632757  0.613212  0.277488  0.471067  0.684007  0.518589  0.638009  0.765440  0.866591  0.433953  0.761851  0.693283  0.787369 0.0  0.652700  0.695776  0.846027  0.611512  0.668693  0.538178  0.758952  0.505536  0.452858  0.790849  0.679780  0.782504  0.657589  0.787903  0.548375  0.469496  0.563312  0.626390  0.699846  0.663567  0.651943  0.813447  0.660022  0.568340  0.851520  0.778370  0.662666  0.827440  0.589555  0.562086  0.543965  0.648194  0.485594  0.276745  0.607671  0.513158  0.351638  0.541679  0.811905  0.597931  0.556008  0.520506  0.617511  0.349991  0.298893  0.365499  0.464358  0.659163  0.854178  0.804188  0.902112  0.637936  0.470382  0.458050  0.550102  0.841918  0.712169  0.803174  0.703136  0.560066  0.676894  0.823067  0.550310  0.695296  0.685114  0.687437  0.614055  0.625740  0.850046  0.741423  0.688834  0.828059  0.761100  0.823029 
15  0.684979  0.658802  0.758247  0.537270  0.730568  0.273394  0.721952  0.639572  0.775562  0.787340  0.648921  0.561801  0.699598  0.541809  0.652700 0.0  0.907123  0.474386  0.573319  0.304379  0.630591  0.632042  0.649893  0.493599  0.639392  0.521901  0.914457  0.238577  0.686615  0.661234  0.720708  0.668226  0.779969  0.683898  0.259168  0.593810  0.665360  0.697624  0.690777  0.880727  0.678664  0.727579  0.878490  0.817638  0.695490  0.659792  0.457135  0.651007  0.618009  0.673114  0.683290  0.557601  0.719596  0.737676  0.676866  0.736254  0.539945  0.367144  0.606387  0.719541  0.714577  0.730753  0.343800  0.689402  0.730885  0.746630  0.785029  0.563269  0.617167  0.760652  0.657518  0.333904  0.691908  0.532257  0.735556  0.379943  0.635242  0.596474  0.472870  0.248545  0.183126  0.628377  0.578656  0.758582  0.670797  0.409971  0.664533  0.749439  0.691236 
16  0.845409  0.751155  0.806759  0.802408  0.754347  0.788796  0.674814  0.719998  0.844915  0.834801  0.757421  0.806005  0.773477  0.787965  0.695776  0.907123 0.0  0.804012  0.846803  0.765677  0.865577  0.666290  0.805037  0.878173  0.793131  0.805823  0.544467  0.796786  0.903476  0.700956  0.760614  0.726359  0.681532  0.885501  0.790892  0.764378  0.821337  0.863281  0.845953  0.798535  0.667394  0.746055  0.850029  0.660201  0.853489  0.596212  0.785177  0.687951  0.782948  0.797241  0.706488  0.767134  0.780076  0.757416  0.781392  0.738999  0.896085  0.846763  0.718264  0.685150  0.819984  0.729030  0.853506  0.932923  0.791947  0.918671  0.686217  0.763116  0.776934  0.851955  0.910712  0.844135  0.854978  0.798338  0.867618  0.788210  0.752780  0.873153  0.805870  0.906320  0.861706  0.865870  0.794221  0.832087  0.765206  0.775288  0.815104  0.665692  0.845457 
17  0.706660  0.771363  0.780841  0.688747  0.731278  0.474192  0.877163  0.733210  0.647564  0.665073  0.728910  0.450559  0.665855  0.664376  0.846027  0.474386  0.804012 0.0  0.554068  0.570245  0.708670  0.668016  0.651806  0.649619  0.779066  0.289970  0.871361  0.328787  0.604323  0.866115  0.821614  0.636283  0.726984  0.757167  0.420901  0.454160  0.731222  0.586989  0.721372  0.872384  0.845183  0.777910  0.682438  0.690992  0.746789  0.676020  0.574144  0.802930  0.724771  0.394322  0.791574  0.662160  0.678997  0.674399  0.573691  0.808416  0.632106  0.274561  0.687344  0.653734  0.754047  0.616219  0.364042  0.652385  0.648036  0.675448  0.785081  0.738872  0.770356  0.733619  0.665075  0.437538  0.636452  0.211712  0.678949  0.457666  0.700300  0.675848  0.440206  0.547655  0.547611  0.612708  0.603872  0.660835  0.641819  0.465751  0.687145  0.874773  0.703570 
18  0.595784  0.769428  0.617776  0.599861  0.573400  0.599280  0.673251  0.495405  0.722327  0.867625  0.533152  0.595293  0.762669  0.678977  0.611512  0.573319  0.846803  0.554068 0.0  0.503717  0.595732  0.724008  0.645101  0.130334  0.720655  0.547213  0.815682  0.566470  0.663561  0.723043  0.560436  0.288585  0.678461  0.640513  0.531701  0.664015  0.800569  0.733432  0.609264  0.796819  0.747805  0.772429  0.727335  0.738648  0.558889  0.720752  0.358412  0.581885  0.527352  0.536449  0.658535  0.560960  0.605845  0.772982  0.727629  0.703325  0.607568  0.527273  0.489792  0.515719  0.558344  0.736244  0.457852  0.739307  0.721489  0.727530  0.775336  0.476358  0.629416  0.812980  0.689961  0.558934  0.690207  0.511815  0.420705  0.642685  0.735914  0.527408  0.638571  0.577753  0.542053  0.519064  0.631449  0.654950  0.761027  0.658502  0.668871  0.761996  0.757600 
19  0.679579  0.798045  0.731644  0.614452  0.571445  0.250167  0.652124  0.653601  0.744152  0.729809  0.591945  0.557435  0.713641  0.583028  0.668693  0.304379  0.765677  0.570245  0.503717 0.0  0.752895  0.822222  0.660243  0.606866  0.685303  0.472281  0.842507  0.528885  0.754462  0.622099  0.639011  0.535144  0.610101  0.800527  0.406150  0.576502  0.647083  0.711439  0.589139  0.782230  0.769977  0.690493  0.808640  0.816203  0.699915  0.698310  0.246533  0.650248  0.597110  0.484308  0.683191  0.623933  0.658971  0.876269  0.716923  0.653316  0.649750  0.452377  0.710855  0.591319  0.605152  0.732780  0.388106  0.674492  0.761154  0.806710  0.701654  0.582597  0.720341  0.880865  0.693770  0.512938  0.703675  0.435390  0.674444  0.375836  0.770486  0.634119  0.493324  0.526200  0.278018  0.615259  0.546649  0.602757  0.746282  0.516904  0.750023  0.767062  0.663614 
20  0.515253  0.632292  0.412600  0.575103  0.577536  0.734943  0.577245  0.693222  0.789209  0.857991  0.361709  0.728151  0.739047  0.749609  0.538178  0.630591  0.865577  0.708670  0.595732  0.752895 0.0  0.792213  0.419690  0.612788  0.792909  0.614039  0.906036  0.696045  0.861997  0.586535  0.501624  0.591089  0.718057  0.565655  0.714950  0.753206  0.731742  0.530041  0.544148  0.788763  0.744272  0.772039  0.828235  0.679338  0.570903  0.508696  0.742186  0.440647  0.579764  0.661678  0.203106  0.445659  0.681414  0.819995  0.874253  0.510758  0.372880  0.704824  0.543247  0.544772  0.487254  0.575000  0.744092  0.717855  0.862571  0.819239  0.660334  0.725071  0.462784  0.617462  0.667366  0.681228  0.864598  0.704232  0.705074  0.669987  0.840587  0.468044  0.706449  0.744439  0.604048  0.613816  0.542369  0.774281  0.843115  0.665190  0.795280  0.620397  0.706417 
21  0.810260  0.819206  0.700619  0.755047  0.687121  0.595661  0.740897  0.794694  0.895573  0.740707  0.683682  0.531943  0.833412  0.305545  0.758952  0.632042  0.666290  0.668016  0.724008  0.822222  0.792213 0.0  0.721345  0.678001  0.567548  0.639556  0.961412  0.632727  0.395588  0.866807  0.640127  0.737220  0.856881  0.645303  0.641377  0.486892  0.494930  0.825357  0.696033  0.789494  0.869109  0.859631  0.575450  0.764489  0.746276  0.817106  0.687803  0.792010  0.753641  0.515303  0.813347  0.773470  0.681811  0.803325  0.285883  0.776001  0.743795  0.644326  0.740460  0.637971  0.753553  0.909235  0.663232  0.477660  0.589571  0.608688  0.851046  0.656601  0.678361  0.853169  0.263575  0.659883  0.552612  0.544261  0.879968  0.749488  0.552426  0.736165  0.573156  0.544071  0.586752  0.716729  0.768348  0.589793  0.579463  0.713301  0.449554  0.902932  0.560916 
22  0.489577  0.747477  0.506111  0.446932  0.433729  0.581593  0.681159  0.663467  0.700327  0.722560  0.263721  0.726243  0.686079  0.704655  0.505536  0.649893  0.805037  0.651806  0.645101  0.660243  0.419690  0.721345 0.0  0.583212  0.755881  0.788986  0.938827  0.590176  0.797739  0.657083  0.515705  0.539350  0.610085  0.606257  0.715076  0.737361  0.811515  0.679796  0.643000  0.829434  0.883522  0.749047  0.862830  0.702762  0.580359  0.545190  0.698704  0.555197  0.428538  0.702775  0.456408  0.541852  0.584551  0.687752  0.673923  0.665440  0.179488  0.695155  0.442665  0.473441  0.315366  0.509306  0.690476  0.827897  0.777755  0.734134  0.631772  0.523348  0.425242  0.633857  0.753718  0.607648  0.647892  0.619698  0.658466  0.733898  0.631964  0.496002  0.743774  0.528060  0.731998  0.530075  0.463862  0.819407  0.731029  0.706912  0.765662  0.678692  0.819442 
23  0.516055  0.706404  0.661935  0.581537  0.641484  0.547120  0.692850  0.593362  0.738264  0.767045  0.556912  0.645666  0.707234  0.671661  0.452858  0.493599  0.878173  0.649619  0.130334  0.606866  0.612788  0.678001  0.583212 0.0  0.842535  0.615865  0.711427  0.545663  0.709086  0.724005  0.626171  0.334337  0.653031  0.731025  0.629956  0.667293  0.693266  0.693899  0.374888  0.794141  0.595864  0.687914  0.698612  0.782604  0.621630  0.727627  0.506874  0.687204  0.590534  0.649652  0.669791  0.493541  0.673689  0.828642  0.643074  0.684423  0.566459  0.663522  0.591352  0.587123  0.619252  0.693836  0.517510  0.729824  0.780479  0.691177  0.687884  0.602564  0.670055  0.642365  0.604414  0.511839  0.722317  0.537812  0.493593  0.569693  0.734324  0.513803  0.729631  0.607593  0.536369  0.476771  0.554084  0.809293  0.670161  0.686586  0.701459  0.837533  0.726776 
24  0.755900  0.956450  0.779540  0.811535  0.949579  0.694438  0.824314  0.723574  0.913436  0.528962  0.807813  0.633307  0.769991  0.533272  0.790849  0.639392  0.793131  0.779066  0.720655  0.685303  0.792909  0.567548  0.755881  0.842535 0.0  0.572499  0.843075  0.758199  0.456423  0.910585  0.744223  0.628462  0.822737  0.816803  0.666901  0.567842  0.399195  0.781648  0.738482  0.744834  0.824835  0.810378  0.482417  0.813339  0.827481  0.875297  0.662168  0.823686  0.802415  0.699384  0.805901  0.742027  0.900602  0.794381  0.539838  0.741612  0.740530  0.711945  0.728735  0.740527  0.859089  0.777633  0.757692  0.374285  0.458693  0.168659  0.784231  0.831957  0.749105  0.918757  0.554930  0.713625  0.274803  0.733716  0.797339  0.752643  0.595794  0.774000  0.618024  0.741669  0.725066  0.719913  0.798721  0.103552  0.193204  0.656471  0.219485  0.857083  0.348193 
25  0.690103  0.800735  0.746138  0.639656  0.781557  0.525836  0.801183  0.661758  0.822383  0.724236  0.588126  0.352066  0.748169  0.612680  0.679780  0.521901  0.805823  0.289970  0.547213  0.472281  0.614039  0.639556  0.788986  0.615865  0.572499 0.0  0.935610  0.463898  0.630838  0.790988  0.779122  0.645196  0.733563  0.732620  0.536142  0.443989  0.679813  0.739591  0.699022  0.837142  0.863610  0.868414  0.736780  0.816672  0.643441  0.728367  0.575488  0.716382  0.749754  0.353269  0.822104  0.681270  0.614887  0.969994  0.562550  0.662506  0.626687  0.401634  0.637645  0.701231  0.773449  0.781280  0.443935  0.425957  0.665073  0.678866  0.760450  0.652856  0.709510  0.708964  0.670186  0.546117  0.680390  0.357438  0.842140  0.506696  0.707063  0.593900  0.222525  0.447010  0.428700  0.652379  0.624852  0.646863  0.582802  0.468634  0.681003  0.805727  0.524391 
26  0.782362  0.715410  0.856769  0.751060  0.859246  0.964290  0.797605  0.745986  0.703117  0.947133  0.806243  0.899903  0.743701  0.833194  0.782504  0.914457  0.544467  0.871361  0.815682  0.842507  0.906036  0.961412  0.938827  0.711427  0.843075  0.935610 0.0  0.838920  0.917375  0.776978  0.843701  0.879801  0.791612  0.874144  0.791296  0.857994  0.874653  0.899872  0.823510  0.915295  0.874693  0.872795  0.899700  0.841151  0.777493  0.728587  0.768642  0.725062  0.814485  0.783548  0.810100  0.851748  0.812252  0.801608  0.947826  0.813941  0.731129  0.937137  0.784911  0.723717  0.791770  0.878697  0.921551  0.904274  0.809798  0.876412  0.655464  0.705417  0.805354  0.695555  0.925783  0.704798  0.882588  0.897733  0.695625  0.842711  0.898875  0.885284  0.832274  0.887611  0.787232  0.789528  0.712537  0.910488  0.885069  0.894629  0.975154  0.725804  0.961405 
27  0.635139  0.802407  0.722611  0.722515  0.691871  0.427521  0.654972  0.642266  0.807181  0.778083  0.759100  0.469286  0.742212  0.657480  0.657589  0.238577  0.796786  0.328787  0.566470  0.528885  0.696045  0.632727  0.590176  0.545663  0.758199  0.463898  0.838920 0.0  0.667625  0.812979  0.713819  0.691520  0.712509  0.745949  0.319531  0.522580  0.705270  0.788966  0.682244  0.743162  0.760209  0.738647  0.681207  0.876492  0.713056  0.687489  0.463014  0.733364  0.684944  0.692578  0.675391  0.672286  0.669845  0.928782  0.576981  0.700318  0.555319  0.337002  0.723410  0.588531  0.679124  0.766745  0.064465  0.579261  0.677436  0.606400  0.744558  0.657311  0.724233  0.688741  0.673828  0.452123  0.653023  0.340822  0.757125  0.382600  0.598855  0.764677  0.490532  0.255464  0.267973  0.589208  0.605201  0.607518  0.710923  0.507391  0.685769  0.672742  0.724163 
28  0.687017  0.796606  0.766679  0.679537  0.645608  0.724104  0.731561  0.733655  0.977468  0.604850  0.802311  0.654783  0.726961  0.374443  0.787903  0.686615  0.903476  0.604323  0.663561  0.754462  0.861997  0.395588  0.797739  0.709086  0.456423  0.630838  0.917375  0.667625 0.0  0.862874  0.758138  0.657695  0.854022  0.754509  0.698835  0.554038  0.366907  0.751666  0.669961  0.822073  0.739784  0.905049  0.536495  0.763417  0.753937  0.827483  0.588505  0.803122  0.821743  0.530449  0.660365  0.762600  0.789425  0.868736  0.387917  0.807109  0.789550  0.645092  0.875443  0.753252  0.848413  0.760212  0.662053  0.446502  0.668177  0.491084  0.857251  0.790256  0.829753  0.767792  0.234759  0.685109  0.368563  0.603127  0.748993  0.675784  0.543933  0.736442  0.634850  0.698408  0.714082  0.692874  0.596182  0.572970  0.473754  0.696202  0.421203  0.857825  0.391158 
29  0.627350  0.388091  0.704715  0.710201  0.555064  0.751337  0.562997  0.674981  0.607277  0.837832  0.610784  0.856616  0.615580  0.792533  0.548375  0.661234  0.700956  0.866115  0.723043  0.622099  0.586535  0.866807  0.657083  0.724005  0.910585  0.790988  0.776978  0.812979  0.862874 0.0  0.593669  0.638183  0.533039  0.653995  0.841930  0.740592  0.827035  0.701941  0.711050  0.718656  0.635165  0.589606  0.801772  0.498150  0.687363  0.476888  0.691992  0.584793  0.733101  0.801214  0.643695  0.646194  0.607314  0.804794  0.763538  0.502401  0.732519  0.780932  0.683884  0.587275  0.616175  0.568315  0.687201  0.912488  0.809418  0.839669  0.585458  0.632389  0.741179  0.762828  0.722671  0.818522  0.736803  0.751001  0.619926  0.811261  0.740160  0.633830  0.789282  0.833536  0.760369  0.783834  0.711215  0.888541  0.773211  0.678357  0.945388  0.560731  0.874315 
30  0.488631  0.661134  0.457948  0.471083  0.473924  0.642961  0.464242  0.580835  0.588672  0.907828  0.503884  0.829287  0.619604  0.862919  0.469496  0.720708  0.760614  0.821614  0.560436  0.639011  0.501624  0.640127  0.515705  0.626171  0.744223  0.779122  0.843701  0.713819  0.758138  0.593669 0.0  0.672905  0.648241  0.647036  0.631039  0.775640  0.803656  0.711030  0.577668  0.690051  0.690434  0.727081  0.804529  0.640085  0.530223  0.522517  0.637157  0.311866  0.569162  0.696764  0.613290  0.470535  0.712205  0.780236  0.753233  0.548195  0.553035  0.704957  0.380227  0.524403  0.484038  0.545542  0.627021  0.728446  0.849588  0.869232  0.662116  0.616880  0.517577  0.695648  0.762630  0.739839  0.792533  0.683576  0.600290  0.732810  0.816288  0.570803  0.754281  0.713466  0.601668  0.709069  0.624369  0.762673  0.859257  0.718970  0.889472  0.641347  0.783024 
31  0.485745  0.663469  0.751062  0.550964  0.516771  0.585211  0.722012  0.638476  0.768591  0.765047  0.569920  0.665679  0.674656  0.682129  0.563312  0.668226  0.726359  0.636283  0.288585  0.535144  0.591089  0.737220  0.539350  0.334337  0.628462  0.645196  0.879801  0.691520  0.657695  0.638183  0.672905 0.0  0.658456  0.611717  0.568560  0.756712  0.837788  0.725668  0.447577  0.708522  0.722364  0.699791  0.793942  0.706392  0.632382  0.642162  0.462420  0.601584  0.485060  0.621346  0.628479  0.428389  0.530039  0.704051  0.709262  0.667794  0.550109  0.608825  0.436860  0.552202  0.561274  0.791369  0.607366  0.836420  0.743571  0.719310  0.715964  0.527576  0.574875  0.824166  0.664197  0.660263  0.797154  0.597179  0.564444  0.472518  0.778800  0.347641  0.593190  0.670909  0.594674  0.622428  0.613910  0.810559  0.781724  0.607808  0.684990  0.663368  0.686739 
32  0.646585  0.559897  0.690926  0.694628  0.675254  0.670620  0.689102  0.716229  0.558233  0.805091  0.726443  0.761211  0.366242  0.853653  0.626390  0.779969  0.681532  0.726984  0.678461  0.610101  0.718057  0.856881  0.610085  0.653031  0.822737  0.733563  0.791612  0.712509  0.854022  0.533039  0.648241  0.658456 0.0  0.738548  0.733014  0.791358  0.861455  0.776994  0.655250  0.675718  0.427352  0.286755  0.791415  0.426581  0.488114  0.681383  0.742679  0.689835  0.697171  0.834217  0.667208  0.633699  0.698258  0.852583  0.765451  0.627269  0.714071  0.795052  0.580286  0.737084  0.615310  0.641804  0.742932  0.796589  0.924912  0.808113  0.727408  0.741755  0.575667  0.744614  0.830120  0.624871  0.799498  0.673711  0.697907  0.752950  0.745782  0.674911  0.810461  0.821457  0.822519  0.839791  0.676472  0.853739  0.783976  0.834367  0.846104  0.673424  0.806741 
33  0.625711  0.724553  0.512952  0.565075  0.638382  0.723381  0.557579  0.786464  0.683107  0.755756  0.598563  0.712287  0.724750  0.716802  0.699846  0.683898  0.885501  0.757167  0.640513  0.800527  0.565655  0.645303  0.606257  0.731025  0.816803  0.732620  0.874144  0.745949  0.754509  0.653995  0.647036  0.611717  0.738548 0.0  0.690557  0.782531  0.867033  0.460963  0.643147  0.800411  0.800031  0.610411  0.878951  0.742101  0.624672  0.622043  0.696879  0.530153  0.745729  0.702357  0.564487  0.675965  0.708679  0.659677  0.803526  0.621505  0.524914  0.667771  0.616737  0.667872  0.566291  0.567771  0.703961  0.784049  0.813672  0.739418  0.628139  0.690032  0.533770  0.514609  0.759963  0.597118  0.711903  0.717294  0.795473  0.751743  0.747731  0.718966  0.739106  0.814962  0.734482  0.628247  0.772504  0.754027  0.885448  0.664229  0.881066  0.669819  0.781029 
34  0.721885  0.779876  0.608920  0.724631  0.603011  0.379892  0.814754  0.631470  0.757364  0.699004  0.692818  0.598256  0.698722  0.636567  0.663567  0.259168  0.790892  0.420901  0.531701  0.406150  0.714950  0.641377  0.715076  0.629956  0.666901  0.536142  0.791296  0.319531  0.698835  0.841930  0.631039  0.568560  0.733014  0.690557 0.0  0.653120  0.671981  0.738850  0.655207  0.878266  0.682590  0.730802  0.694450  0.753595  0.557766  0.624992  0.432834  0.656511  0.700233  0.478536  0.677698  0.649004  0.632285  0.720083  0.802422  0.783614  0.720301  0.365401  0.787598  0.575121  0.669681  0.860124  0.245319  0.724814  0.743959  0.752786  0.612293  0.604029  0.676308  0.716601  0.601424  0.259371  0.731744  0.245849  0.576831  0.438460  0.576820  0.478923  0.661828  0.278950  0.015819  0.653402  0.566189  0.761792  0.672438  0.466768  0.631748  0.755995  0.694386 
35  0.894195  0.793967  0.637073  0.515053  0.829319  0.578853  0.821718  0.744274  0.794626  0.671563  0.642992  0.408546  0.814989  0.554573  0.651943  0.593810  0.764378  0.454160  0.664015  0.576502  0.753206  0.486892  0.737361  0.667293  0.567842  0.443989  0.857994  0.522580  0.554038  0.740592  0.775640  0.756712  0.791358  0.782531  0.653120 0.0  0.545500  0.787637  0.605424  0.752723  0.811269  0.794726  0.694694  0.761807  0.786011  0.709668  0.563796  0.780479  0.705852  0.230725  0.642201  0.762531  0.562059  0.948009  0.531095  0.828838  0.728511  0.419791  0.742312  0.770530  0.704529  0.743602  0.574101  0.546716  0.710521  0.678296  0.739376  0.759689  0.663491  0.791370  0.606046  0.504350  0.606464  0.534675  0.786577  0.634200  0.550500  0.738881  0.328471  0.634692  0.483013  0.629387  0.689979  0.713425  0.648094  0.666884  0.672543  0.766059  0.594553 
36  0.798424  0.815818  0.853581  0.771853  0.712950  0.701105  0.800315  0.787323  0.871607  0.507160  0.800743  0.534159  0.801461  0.466231  0.813447  0.665360  0.821337  0.731222  0.800569  0.647083  0.731742  0.494930  0.811515  0.693266  0.399195  0.679813  0.874653  0.705270  0.366907  0.827035  0.803656  0.837788  0.861455  0.867033  0.671981  0.545500 0.0  0.821839  0.799685  0.893387  0.807974  0.735728  0.490209  0.788379  0.765526  0.722769  0.769022  0.755156  0.688251  0.636679  0.824801  0.722818  0.668555  0.767720  0.457195  0.835949  0.943972  0.648471  0.833687  0.823343  0.736280  0.693638  0.659365  0.290149  0.544115  0.416974  0.772458  0.809727  0.817146  0.748460  0.456854  0.674378  0.265566  0.614702  0.810792  0.673552  0.506235  0.623587  0.626468  0.638796  0.574833  0.749146  0.626029  0.388717  0.411403  0.560166  0.310910  0.781879  0.151165 
37  0.683614  0.622088  0.603289  0.670659  0.673021  0.685154  0.605959  0.777735  0.780544  0.661193  0.648286  0.702672  0.717017  0.650081  0.660022  0.697624  0.863281  0.586989  0.733432  0.711439  0.530041  0.825357  0.679796  0.693899  0.781648  0.739591  0.899872  0.788966  0.751666  0.701941  0.711030  0.725668  0.776994  0.460963  0.738850  0.787637  0.821839 0.0  0.715967  0.700742  0.806248  0.803043  0.781457  0.784443  0.657352  0.647332  0.732899  0.715493  0.594506  0.658336  0.497298  0.711334  0.676019  0.759640  0.764617  0.767758  0.672228  0.796000  0.752565  0.698294  0.583594  0.645573  0.619072  0.731855  0.812635  0.723247  0.631308  0.727875  0.600597  0.578837  0.856919  0.628479  0.773527  0.769682  0.805550  0.683818  0.821681  0.525196  0.647682  0.745019  0.662205  0.606333  0.686301  0.733079  0.844026  0.741904  0.641894  0.657820  0.683922 
38  0.463504  0.570215  0.731613  0.535570  0.497210  0.572728  0.589094  0.519198  0.726620  0.833073  0.645819  0.727190  0.507507  0.805250  0.568340  0.690777  0.845953  0.721372  0.609264  0.589139  0.544148  0.696033  0.643000  0.374888  0.738482  0.699022  0.823510  0.682244  0.669961  0.711050  0.577668  0.447577  0.655250  0.643147  0.655207  0.605424  0.799685  0.715967 0.0  0.722784  0.551199  0.586047  0.782703  0.691678  0.475023  0.601084  0.608088  0.599613  0.592261  0.701208  0.563119  0.483160  0.447168  0.760894  0.785764  0.556466  0.599308  0.611079  0.473968  0.538912  0.596132  0.702905  0.504385  0.804645  0.802003  0.811904  0.677097  0.207092  0.628599  0.672515  0.701358  0.624811  0.772585  0.671642  0.424980  0.637730  0.734034  0.547159  0.688702  0.675331  0.481410  0.582172  0.590999  0.742057  0.789630  0.714433  0.737071  0.730945  0.808702 
39  0.738571  0.635833  0.753386  0.826724  0.969630  0.786610  0.749445  0.743111  0.654522  0.877938  0.798059  0.880851  0.568321  0.933775  0.851520  0.880727  0.798535  0.872384  0.796819  0.782230  0.788763  0.789494  0.829434  0.794141  0.744834  0.837142  0.915295  0.743162  0.822073  0.718656  0.690051  0.708522  0.675718  0.800411  0.878266  0.752723  0.893387  0.700742  0.722784 0.0  0.550318  0.708043  0.885296  0.589401  0.743732  0.760427  0.843654  0.702775  0.795631  0.804949  0.655717  0.766364  0.824827  0.786301  0.924608  0.775441  0.799374  0.814170  0.820256  0.890401  0.766175  0.603967  0.821582  0.823957  0.919023  0.842973  0.858875  0.704741  0.751781  0.863046  0.818126  0.857748  0.821472  0.684280  0.814349  0.938773  0.821844  0.830594  0.826835  0.791478  0.812914  0.803920  0.832880  0.924474  0.919357  0.816541  0.844316  0.806328  0.811932 
40  0.694542  0.539037  0.651155  0.580891  0.612408  0.662310  0.654408  0.677125  0.485633  0.793443  0.771365  0.818872  0.475623  0.858571  0.778370  0.678664  0.667394  0.845183  0.747805  0.769977  0.744272  0.869109  0.883522  0.595864  0.824835  0.863610  0.874693  0.760209  0.739784  0.635165  0.690434  0.722364  0.427352  0.800031  0.682590  0.811269  0.807974  0.806248  0.551199  0.550318 0.0  0.334049  0.844564  0.501206  0.588183  0.679918  0.751358  0.671411  0.619552  0.726604  0.738281  0.607444  0.688548  0.939166  0.790288  0.742950  0.742795  0.779838  0.684751  0.670600  0.712506  0.749517  0.739018  0.798432  0.856494  0.774806  0.692957  0.537253  0.651669  0.793117  0.800694  0.762207  0.796374  0.729563  0.511605  0.787774  0.829079  0.695746  0.839773  0.699541  0.796254  0.859720  0.797541  0.843303  0.752079  0.782299  0.843783  0.683060  0.784904 
41  0.660855  0.567878  0.593302  0.674218  0.698702  0.764977  0.732652  0.602919  0.538526  0.869170  0.706259  0.668523  0.459201  0.770876  0.662666  0.727579  0.746055  0.777910  0.772429  0.690493  0.772039  0.859631  0.749047  0.687914  0.810378  0.868414  0.872795  0.738647  0.905049  0.589606  0.727081  0.699791  0.286755  0.610411  0.730802  0.794726  0.735728  0.803043  0.586047  0.708043  0.334049 0.0  0.882070  0.541115  0.625157  0.563762  0.716781  0.624377  0.538268  0.732016  0.722940  0.709943  0.655480  0.811202  0.847166  0.499496  0.758084  0.791450  0.689014  0.681036  0.746440  0.673810  0.765148  0.850759  0.879878  0.839605  0.741936  0.673748  0.547319  0.718435  0.765978  0.771919  0.819047  0.684300  0.605761  0.709547  0.782640  0.765851  0.808154  0.730863  0.653493  0.763279  0.709386  0.816575  0.792890  0.808851  0.676633  0.616891  0.803522 
42  0.758604  0.902980  0.742459  0.916657  0.724401  0.624269  0.871074  0.859785  0.970845  0.493673  0.688988  0.685914  0.786515  0.616295  0.827440  0.878490  0.850029  0.682438  0.727335  0.808640  0.828235  0.575450  0.862830  0.698612  0.482417  0.736780  0.899700  0.681207  0.536495  0.801772  0.804529  0.793942  0.791415  0.878951  0.694450  0.694694  0.490209  0.781457  0.782703  0.885296  0.844564  0.882070 0.0  0.839792  0.729953  0.765289  0.845222  0.818649  0.795274  0.646498  0.797152  0.759865  0.820525  0.874383  0.621882  0.757383  0.797285  0.684155  0.644083  0.770373  0.725355  0.827292  0.545155  0.478951  0.409934  0.481685  0.762006  0.730808  0.822336  0.724241  0.633415  0.589947  0.417078  0.615775  0.778766  0.788856  0.518620  0.765480  0.659899  0.739351  0.626211  0.753703  0.769542  0.402193  0.385676  0.693362  0.438069  0.808040  0.530051 
43  0.619501  0.542762  0.730777  0.679786  0.639312  0.732308  0.594642  0.536135  0.495017  0.854342  0.651451  0.914656  0.390301  0.802164  0.589555  0.817638  0.660201  0.690992  0.738648  0.816203  0.679338  0.764489  0.702762  0.782604  0.813339  0.816672  0.841151  0.876492  0.763417  0.498150  0.640085  0.706392  0.426581  0.742101  0.753595  0.761807  0.788379  0.784443  0.691678  0.589401  0.501206  0.541115  0.839792 0.0  0.625883  0.570554  0.772339  0.642265  0.666842  0.740667  0.606159  0.653533  0.508571  0.750265  0.729391  0.450503  0.631854  0.739331  0.727184  0.709692  0.642685  0.499979  0.676376  0.899464  0.869801  0.809720  0.657474  0.689080  0.650300  0.730820  0.745919  0.682553  0.828480  0.800542  0.536166  0.767232  0.781859  0.672570  0.788448  0.628078  0.714226  0.684410  0.724919  0.790573  0.861661  0.674475  0.800549  0.580471  0.780705 
44  0.518137  0.683634  0.599656  0.622221  0.565213  0.692839  0.623602  0.361377  0.665600  0.855524  0.669609  0.736331  0.605045  0.750669  0.562086  0.695490  0.853489  0.746789  0.558889  0.699915  0.570903  0.746276  0.580359  0.621630  0.827481  0.643441  0.777493  0.713056  0.753937  0.687363  0.530223  0.632382  0.488114  0.624672  0.557766  0.786011  0.765526  0.657352  0.475023  0.743732  0.588183  0.625157  0.729953  0.625883 0.0  0.684674  0.589983  0.672278  0.687274  0.673532  0.617098  0.488644  0.487701  0.785347  0.680489  0.682671  0.642874  0.763041  0.547648  0.632255  0.539525  0.669879  0.677263  0.815273  0.836550  0.810176  0.575011  0.415385  0.566501  0.662513  0.777295  0.702945  0.856928  0.679193  0.382403  0.570722  0.752759  0.698113  0.861772  0.613144  0.670288  0.576082  0.711306  0.806909  0.776605  0.621609  0.847053  0.654516  0.739780 
