89
0 0.0  0.681679  0.640324  0.330262  0.414756  0.593312  0.505467  0.589730  0.740579  0.793895  0.518994  0.705600  0.588585  0.801920  0.333521  0.639958  0.802213  0.712797  0.568517  0.473833  0.504089  0.696542  0.485307  0.523878  0.768227  0.699904  0.752756  0.689038  0.728476  0.600350  0.441502  0.470196  0.606425  0.627533  0.665064  0.620613  0.845275  0.684913  0.524969  0.778757  0.699656  0.700339  0.716770  0.611993  0.526897  0.528716  0.630346  0.579177  0.321147  0.599087  0.573615  0.282712  0.453185  0.696930  0.675392  0.497292  0.483598  0.658066  0.364142  0.196250  0.361867  0.562797  0.663805  0.681923  0.600003  0.714864  0.682589  0.413572  0.470388  0.720971  0.829283  0.591437  0.720034  0.689314  0.298525  0.658059  0.752474  0.531952  0.809624  0.524072  0.693351  0.584240  0.560983  0.639234  0.740412  0.773708  0.716115  0.686553  0.714792 
1  0.681679 0.0  0.684063  0.653730  0.694190  0.667713  0.583832  0.677356  0.454038  0.774200  0.711319  0.693613  0.411939  0.713744  0.636966  0.698876  0.696723  0.680766  0.596543  0.745968  0.640644  0.713002  0.603083  0.622067  0.902195  0.806073  0.775518  0.644261  0.781260  0.330346  0.532211  0.588137  0.490158  0.683894  0.686172  0.673166  0.686197  0.661554  0.759049  0.762694  0.537073  0.669120  0.731019  0.518064  0.586316  0.583166  0.734378  0.492757  0.710896  0.723205  0.670709  0.656889  0.588531  0.776747  0.793070  0.473774  0.681667  0.677314  0.606122  0.594002  0.627317  0.518156  0.869939  0.831220  0.840198  0.794132  0.653617  0.732300  0.565724  0.745419  0.714870  0.773239  0.847092  0.819089  0.601032  0.761210  0.752697  0.609420  0.770690  0.699932  0.750342  0.540265  0.677160  0.764623  0.844632  0.780711  0.700724  0.541020  0.832375 
2  0.640324  0.684063 0.0  0.553488  0.664666  0.582806  0.455051  0.667711  0.484734  0.804837  0.606355  0.816842  0.622269  0.801758  0.480562  0.575066  0.822358  0.768654  0.613744  0.655552  0.539287  0.746768  0.538408  0.683208  0.796478  0.758489  0.732151  0.690866  0.759979  0.560586  0.505807  0.632781  0.752401  0.502447  0.689843  0.700560  0.796241  0.589201  0.650297  0.715201  0.634834  0.608542  0.763062  0.692544  0.714695  0.439603  0.680707  0.360832  0.549467  0.657224  0.536820  0.615210  0.637806  0.823051  0.797383  0.591426  0.553503  0.634730  0.541821  0.548628  0.399450  0.300430  0.668625  0.745909  0.963357  0.785360  0.538657  0.646481  0.393716  0.571622  0.764154  0.706881  0.840023  0.834391  0.598853  0.561691  0.767059  0.607841  0.661348  0.771215  0.709954  0.537572  0.659382  0.880621  0.751149  0.734290  0.744432  0.561477  0.757739 
3  0.330262  0.653730  0.553488 0.0  0.359248  0.540279  0.570599  0.481204  0.572960  0.718208  0.478450  0.634723  0.558824  0.741591  0.157209  0.694611  0.727758  0.717774  0.589874  0.686298  0.505992  0.768076  0.502880  0.612635  0.705020  0.678847  0.722763  0.645036  0.733173  0.663582  0.482603  0.570584  0.609670  0.642861  0.636261  0.659198  0.741489  0.579141  0.563562  0.698556  0.659971  0.694900  0.688968  0.687981  0.658626  0.611337  0.525908  0.494006  0.185208  0.731237  0.498953  0.346103  0.569737  0.725183  0.737549  0.534118  0.453449  0.592680  0.402672  0.382499  0.354985  0.639923  0.648560  0.706577  0.731382  0.734132  0.585259  0.469018  0.512015  0.660293  0.687202  0.653097  0.763393  0.657285  0.592082  0.691899  0.777968  0.461242  0.693665  0.539918  0.646438  0.649122  0.602357  0.773333  0.738443  0.660186  0.694850  0.640437  0.680139 
4  0.414756  0.694190  0.664666  0.359248 0.0  0.653138  0.694059  0.547340  0.700384  0.716491  0.404763  0.678802  0.692082  0.692642  0.472811  0.649262  0.771164  0.569238  0.463566  0.604784  0.512902  0.690803  0.330220  0.486006  0.823880  0.692838  0.828587  0.591005  0.643814  0.707129  0.472279  0.523793  0.663439  0.723309  0.639428  0.713159  0.617275  0.581540  0.546983  0.657074  0.772159  0.671635  0.746180  0.699720  0.515775  0.692378  0.498366  0.582902  0.394114  0.797726  0.492842  0.371404  0.616807  0.829865  0.776998  0.603419  0.370084  0.664415  0.488977  0.441505  0.473741  0.579953  0.615807  0.747055  0.773523  0.840320  0.577019  0.463760  0.489452  0.627304  0.717330  0.635416  0.747598  0.587655  0.599497  0.625821  0.635712  0.424279  0.644169  0.760729  0.652593  0.631564  0.604107  0.761629  0.774798  0.523074  0.802990  0.828229  0.800255 
5  0.593312  0.667713  0.582806  0.540279  0.653138 0.0  0.730545  0.562693  0.580848  0.632837  0.549579  0.557817  0.621559  0.739946  0.737194  0.258315  0.612024  0.461219  0.401642  0.266889  0.541974  0.597050  0.543644  0.493853  0.699356  0.541918  0.857715  0.507816  0.539235  0.852826  0.771551  0.581093  0.663943  0.702385  0.387911  0.554789  0.594450  0.655134  0.667315  0.799278  0.769032  0.611913  0.705007  0.614949  0.604963  0.620011  0.332776  0.770405  0.597767  0.594248  0.507245  0.552892  0.614578  0.780257  0.578205  0.713226  0.648617  0.504711  0.567713  0.561349  0.669611  0.713044  0.417036  0.756274  0.750431  0.703708  0.659527  0.773010  0.616044  0.724941  0.653640  0.301977  0.623495  0.503412  0.637170  0.540784  0.595318  0.611401  0.571997  0.410627  0.394925  0.584025  0.556817  0.663030  0.730622  0.410645  0.612808  0.761600  0.599395 
6  0.505467  0.583832  0.455051  0.570599  0.694059  0.730545 0.0  0.672565  0.534601  0.801680  0.669280  0.793419  0.627085  0.740443  0.607747  0.802624  0.706691  0.687547  0.673125  0.647806  0.534660  0.759116  0.560691  0.685951  0.831419  0.722060  0.709480  0.740913  0.691093  0.518414  0.477050  0.523553  0.534416  0.640330  0.763920  0.834945  0.800681  0.663729  0.677384  0.725090  0.611796  0.725124  0.831532  0.660061  0.624331  0.370755  0.554323  0.501030  0.658220  0.704558  0.612728  0.611251  0.679295  0.739657  0.846624  0.614683  0.562573  0.769128  0.496620  0.479055  0.590164  0.398900  0.710946  0.749004  0.830021  0.779262  0.484728  0.614282  0.484484  0.613983  0.717938  0.694924  0.781928  0.739435  0.696849  0.599125  0.694342  0.701568  0.668252  0.752392  0.643918  0.698697  0.709477  0.781818  0.913891  0.761056  0.841393  0.474031  0.743635 
7  0.589730  0.677356  0.667711  0.481204  0.547340  0.562693  0.672565 0.0  0.611825  0.803776  0.580424  0.612021  0.562570  0.737384  0.579604  0.607393  0.908699  0.626505  0.551945  0.586094  0.609452  0.731125  0.566760  0.618567  0.659572  0.596692  0.885765  0.661166  0.652740  0.693373  0.738441  0.582129  0.511467  0.652748  0.633900  0.651662  0.723961  0.685133  0.481822  0.644764  0.510926  0.635307  0.714388  0.618252  0.448296  0.618230  0.683243  0.583940  0.543160  0.716848  0.813366  0.576170  0.295362  0.717446  0.864059  0.617664  0.696564  0.665564  0.511190  0.556761  0.625797  0.546816  0.614936  0.739531  0.819270  0.795374  0.596618  0.368089  0.615571  0.747618  0.712326  0.679084  0.816041  0.624124  0.506278  0.707167  0.644529  0.681590  0.673088  0.670454  0.626426  0.615922  0.700871  0.857985  0.702441  0.599987  0.780390  0.698780  0.668519 
8  0.740579  0.454038  0.484734  0.572960  0.700384  0.580848  0.534601  0.611825 0.0  0.784283  0.597796  0.686114  0.486425  0.742022  0.734547  0.802494  0.670743  0.771230  0.673126  0.827947  0.667383  0.723467  0.678543  0.612412  0.764368  0.753811  0.791266  0.805572  0.744585  0.342539  0.721235  0.681026  0.508287  0.769920  0.633660  0.667670  0.848781  0.667743  0.708467  0.720369  0.423417  0.454490  0.838650  0.462661  0.657060  0.621654  0.710768  0.671620  0.589863  0.722417  0.667370  0.626486  0.609075  0.779278  0.864371  0.553953  0.709122  0.817118  0.713119  0.613407  0.650312  0.670741  0.668169  0.787998  0.816523  0.794845  0.692304  0.635934  0.646530  0.652318  0.814584  0.713468  0.763742  0.814284  0.608050  0.754752  0.817264  0.659342  0.804643  0.760095  0.771270  0.664997  0.620256  0.900694  0.828355  0.725958  0.789148  0.608147  0.801967 
9  0.793895  0.774200  0.804837  0.718208  0.716491  0.632837  0.801680  0.803776  0.784283 0.0  0.790023  0.587716  0.849947  0.631116  0.787714  0.644104  0.838726  0.713713  0.704540  0.650414  0.904333  0.494186  0.721860  0.808866  0.443869  0.783008  0.910315  0.681506  0.592819  0.852913  0.727254  0.752517  0.966857  0.784619  0.676222  0.829099  0.561287  0.761661  0.804269  0.845475  0.873363  0.859783  0.479418  0.885429  0.779577  0.795868  0.712215  0.840858  0.688466  0.660104  0.772976  0.674831  0.771517  0.865038  0.665988  0.848362  0.679749  0.716509  0.784527  0.875452  0.846049  0.746802  0.737009  0.583208  0.180309  0.524737  0.784807  0.832881  0.757578  0.856078  0.620674  0.662799  0.457086  0.690891  0.658949  0.825230  0.580908  0.812810  0.718767  0.891861  0.624855  0.807064  0.766817  0.529109  0.556528  0.798778  0.509192  0.829744  0.530200 
10  0.518994  0.711319  0.606355  0.478450  0.404763  0.549579  0.669280  0.580424  0.597796  0.790023 0.0  0.722235  0.687478  0.720080  0.476954  0.733841  0.763458  0.690949  0.658438  0.635539  0.337038  0.676050  0.204670  0.615232  0.708991  0.735749  0.824652  0.716512  0.843073  0.624530  0.463364  0.587712  0.700373  0.740235  0.656227  0.692299  0.675573  0.593996  0.526834  0.648170  0.758624  0.715045  0.723501  0.580487  0.709575  0.609783  0.573632  0.558683  0.349893  0.801076  0.369800  0.393492  0.600740  0.788915  0.806821  0.561092  0.199421  0.641604  0.508348  0.462565  0.443104  0.636659  0.629206  0.778497  0.880874  0.627796  0.693725  0.413774  0.587210  0.645664  0.816498  0.609315  0.775306  0.640737  0.540804  0.668348  0.786963  0.491984  0.648911  0.616873  0.611487  0.517340  0.530938  0.685753  0.769191  0.675340  0.731318  0.644477  0.761984 
11  0.705600  0.693613  0.816842  0.634723  0.678802  0.557817  0.793419  0.612021  0.686114  0.587716  0.722235 0.0  0.707308  0.503789  0.688672  0.532293  0.848713  0.458779  0.561051  0.550767  0.688379  0.528093  0.629101  0.624120  0.715370  0.237972  0.797456  0.487861  0.505860  0.757021  0.692040  0.616592  0.761090  0.741265  0.529401  0.318002  0.665253  0.727160  0.594987  0.798831  0.791472  0.678815  0.602890  0.862500  0.712166  0.728353  0.564770  0.768295  0.631110  0.306953  0.650062  0.717323  0.664970  0.788330  0.519324  0.674502  0.634903  0.493194  0.832256  0.711374  0.600002  0.832125  0.418912  0.647862  0.645380  0.633021  0.825745  0.713416  0.708775  0.808039  0.567491  0.496908  0.565203  0.459611  0.700749  0.427228  0.567731  0.711667  0.191130  0.369816  0.409319  0.577924  0.586329  0.673859  0.668667  0.448534  0.635758  0.792302  0.630573 
12  0.588585  0.411939  0.622269  0.558824  0.692082  0.621559  0.627085  0.562570  0.486425  0.849947  0.687478  0.707308 0.0  0.656562  0.699190  0.709477  0.715753  0.713685  0.595440  0.686367  0.667231  0.786846  0.589351  0.626609  0.685389  0.727768  0.711887  0.732329  0.785767  0.542469  0.544463  0.635655  0.417689  0.714727  0.711260  0.747225  0.781784  0.788631  0.619749  0.601232  0.576552  0.486883  0.833502  0.558355  0.485334  0.545557  0.696068  0.615572  0.646272  0.690135  0.661125  0.514893  0.556515  0.762279  0.825026  0.544899  0.734509  0.682898  0.555049  0.549444  0.641183  0.550703  0.766314  0.736164  0.721860  0.708512  0.645567  0.594343  0.619208  0.692337  0.777091  0.635661  0.897513  0.705734  0.625667  0.723505  0.798494  0.693245  0.724363  0.686972  0.598707  0.619751  0.707607  0.706050  0.812190  0.605437  0.755478  0.612423  0.702123 
13  0.801920  0.713744  0.801758  0.741591  0.692642  0.739946  0.740443  0.737384  0.742022  0.631116  0.720080  0.503789  0.656562 0.0  0.641716  0.642924  0.941696  0.553331  0.700343  0.634445  0.771947  0.235031  0.704652  0.723534  0.607176  0.484294  0.867160  0.526846  0.323739  0.751118  0.784542  0.642576  0.823092  0.767439  0.598565  0.480532  0.488750  0.744011  0.629086  0.812955  0.752241  0.828151  0.583427  0.884101  0.815390  0.721446  0.626003  0.676741  0.760843  0.476222  0.678705  0.746941  0.741798  0.801368  0.266418  0.798767  0.699559  0.589598  0.699023  0.635562  0.801663  0.823673  0.641159  0.515305  0.685459  0.535018  0.923049  0.697989  0.665915  0.791304  0.392405  0.542372  0.606907  0.546727  0.759003  0.585237  0.396939  0.716721  0.462946  0.623183  0.625969  0.747470  0.650115  0.446132  0.526541  0.599520  0.534592  0.820662  0.576030 
14  0.333521  0.636966  0.480562  0.157209  0.472811  0.737194  0.607747  0.579604  0.734547  0.787714  0.476954  0.688672  0.699190  0.641716 0.0  0.579165  0.834620  0.619217  0.640420  0.602698  0.536684  0.774539  0.388234  0.544300  0.872902  0.616035  0.779735  0.614208  0.756752  0.628944  0.454067  0.559825  0.724724  0.578270  0.663531  0.793483  0.757344  0.617069  0.581475  0.727848  0.653969  0.639274  0.809956  0.651787  0.561089  0.610835  0.597175  0.564708  0.210674  0.714193  0.429167  0.433153  0.515959  0.708939  0.637028  0.623801  0.529747  0.665371  0.471306  0.340791  0.390316  0.560114  0.614012  0.856559  0.774774  0.795669  0.556007  0.480333  0.473122  0.707158  0.685056  0.717013  0.687794  0.810308  0.470143  0.621057  0.851501  0.551517  0.636155  0.654387  0.715830  0.494359  0.452596  0.788035  0.765630  0.615327  0.756784  0.697877  0.781732 
15  0.639958  0.698876  0.575066  0.694611  0.649262  0.258315  0.802624  0.607393  0.802494  0.644104  0.733841  0.532293  0.709477  0.642924  0.579165 0.0  0.736076  0.481047  0.585771  0.453167  0.618088  0.535377  0.633072  0.474743  0.634018  0.513398  0.850903  0.221812  0.596416  0.816789  0.589304  0.572526  0.735128  0.734476  0.229475  0.521889  0.584263  0.684489  0.727698  0.836689  0.683658  0.740358  0.729808  0.790167  0.674542  0.800082  0.440277  0.654972  0.593267  0.573146  0.643873  0.682745  0.671454  0.793622  0.562881  0.702219  0.667117  0.394433  0.613923  0.624346  0.631475  0.688145  0.260554  0.627881  0.714856  0.660571  0.717852  0.672543  0.712033  0.747659  0.672463  0.357790  0.615395  0.501861  0.715578  0.366646  0.614309  0.664223  0.493557  0.425030  0.187797  0.489585  0.536792  0.682973  0.751370  0.511430  0.710699  0.666892  0.641784 
16  0.802213  0.696723  0.822358  0.727758  0.771164  0.612024  0.706691  0.908699  0.670743  0.838726  0.763458  0.848713  0.715753  0.941696  0.834620  0.736076 0.0  0.836190  0.856613  0.827911  0.760552  0.815015  0.701940  0.763621  0.836393  0.737476  0.434857  0.786876  0.794038  0.703640  0.773045  0.815179  0.857087  0.745838  0.770466  0.712261  0.794151  0.806122  0.781477  0.719087  0.810233  0.743490  0.783901  0.800920  0.705202  0.697091  0.749295  0.774118  0.770392  0.883912  0.814869  0.738402  0.807276  0.696400  0.960537  0.736268  0.835389  0.854717  0.802033  0.845904  0.778020  0.678687  0.718541  0.869327  0.857552  0.926016  0.662338  0.718676  0.738363  0.696843  0.823417  0.874500  0.859286  0.919020  0.674447  0.788349  0.820096  0.853332  0.801656  0.836209  0.816620  0.737549  0.821134  0.880027  0.821019  0.757265  0.945993  0.745962  0.872319 
17  0.712797  0.680766  0.768654  0.717774  0.569238  0.461219  0.687547  0.626505  0.771230  0.713713  0.690949  0.458779  0.713685  0.553331  0.619217  0.481047  0.836190 0.0  0.598894  0.540694  0.542570  0.507649  0.669202  0.658646  0.635044  0.410578  0.795202  0.472206  0.599611  0.738169  0.660374  0.598018  0.705646  0.817607  0.477150  0.424967  0.686430  0.675643  0.610678  0.709471  0.736836  0.694737  0.598519  0.654164  0.739777  0.729644  0.591248  0.643629  0.720210  0.439859  0.678221  0.630820  0.777310  0.769943  0.692895  0.642397  0.677586  0.344606  0.652840  0.712691  0.734205  0.673716  0.432257  0.587059  0.516708  0.690134  0.597844  0.590700  0.670152  0.636938  0.588020  0.357578  0.610983  0.276482  0.684668  0.434490  0.684448  0.645177  0.429315  0.367223  0.360901  0.732293  0.569982  0.497509  0.679969  0.412011  0.658375  0.844858  0.723841 
18  0.568517  0.596543  0.613744  0.589874  0.463566  0.401642  0.673125  0.551945  0.673126  0.704540  0.658438  0.561051  0.595440  0.700343  0.640420  0.585771  0.856613  0.598894 0.0  0.482207  0.648513  0.700709  0.625720  0.245140  0.660856  0.603601  0.802732  0.505826  0.699985  0.611761  0.623308  0.414035  0.643603  0.753542  0.601182  0.653957  0.779086  0.533310  0.625217  0.743809  0.684888  0.602640  0.710336  0.739272  0.595612  0.690379  0.464911  0.643057  0.507218  0.706298  0.605766  0.503645  0.438746  0.713334  0.614811  0.668862  0.580146  0.589779  0.515988  0.570866  0.609567  0.656465  0.582344  0.712419  0.813090  0.677621  0.639522  0.498388  0.592168  0.662280  0.741850  0.509596  0.652183  0.545235  0.601277  0.591699  0.618066  0.470186  0.720028  0.583754  0.555775  0.544696  0.512377  0.740628  0.718523  0.658698  0.712352  0.870970  0.652300 
19  0.473833  0.745968  0.655552  0.686298  0.604784  0.266889  0.647806  0.586094  0.827947  0.650414  0.635539  0.550767  0.686367  0.634445  0.602698  0.453167  0.827911  0.540694  0.482207 0.0  0.612864  0.714912  0.524116  0.526299  0.708553  0.589275  0.724032  0.347380  0.701943  0.760193  0.743800  0.493509  0.780998  0.712027  0.431459  0.507014  0.689766  0.610174  0.610856  0.763958  0.655467  0.654297  0.677264  0.708690  0.539236  0.684601  0.247827  0.748143  0.591044  0.622448  0.635731  0.651296  0.701495  0.767352  0.557136  0.674150  0.552494  0.525790  0.595247  0.735852  0.605694  0.694741  0.450310  0.760567  0.753836  0.708930  0.712066  0.596638  0.576323  0.686627  0.752510  0.340485  0.750864  0.384179  0.550057  0.456137  0.629558  0.475420  0.614727  0.397719  0.529158  0.631401  0.498543  0.811571  0.675591  0.471057  0.672415  0.731385  0.716521 
20  0.504089  0.640644  0.539287  0.505992  0.512902  0.541974  0.534660  0.609452  0.667383  0.904333  0.337038  0.688379  0.667231  0.771947  0.536684  0.618088  0.760552  0.542570  0.648513  0.612864 0.0  0.777311  0.464249  0.578214  0.784075  0.642753  0.711558  0.656664  0.709781  0.593315  0.486162  0.567471  0.678998  0.592159  0.637920  0.836363  0.810253  0.483775  0.574833  0.590885  0.735639  0.733279  0.787174  0.744310  0.570157  0.610619  0.691441  0.530318  0.354578  0.706857  0.196798  0.410093  0.661039  0.820766  0.809647  0.669442  0.380442  0.644772  0.505718  0.587415  0.374575  0.568035  0.691458  0.761559  0.699001  0.751587  0.517474  0.542053  0.423666  0.665019  0.683459  0.580500  0.801780  0.657403  0.518487  0.719279  0.734239  0.490966  0.665384  0.723635  0.733171  0.595684  0.466088  0.768847  0.764384  0.619234  0.722043  0.614402  0.763117 
21  0.696542  0.713002  0.746768  0.768076  0.690803  0.597050  0.759116  0.731125  0.723467  0.494186  0.676050  0.528093  0.786846  0.235031  0.774539  0.535377  0.815015  0.507649  0.700709  0.714912  0.777311 0.0  0.730000  0.521317  0.514295  0.601865  0.839737  0.679337  0.383724  0.726733  0.778218  0.921843  0.808444  0.716679  0.620249  0.426283  0.517541  0.835284  0.714144  0.881421  0.786078  0.743797  0.536740  0.839970  0.670857  0.837762  0.657811  0.713844  0.696210  0.579692  0.825419  0.743012  0.753077  0.891214  0.223384  0.803579  0.794498  0.628091  0.828752  0.730617  0.763714  0.840956  0.602082  0.495239  0.598224  0.584212  0.807082  0.675010  0.757501  0.731555  0.235263  0.743365  0.495473  0.678327  0.694857  0.620152  0.453260  0.633319  0.562091  0.570964  0.515281  0.688300  0.664819  0.547247  0.585172  0.650491  0.583051  0.840543  0.505847 
22  0.485307  0.603083  0.538408  0.502880  0.330220  0.543644  0.560691  0.566760  0.678543  0.721860  0.204670  0.629101  0.589351  0.704652  0.388234  0.633072  0.701940  0.669202  0.625720  0.524116  0.464249  0.730000 0.0  0.610078  0.821024  0.692116  0.742244  0.666117  0.655636  0.671810  0.554285  0.622319  0.688012  0.602797  0.717906  0.669141  0.728744  0.680852  0.605901  0.694260  0.633937  0.658352  0.662046  0.702372  0.606976  0.540252  0.694707  0.595678  0.365390  0.731055  0.382191  0.533126  0.516840  0.632280  0.659504  0.561354  0.220469  0.705515  0.527160  0.508174  0.365258  0.506571  0.787712  0.763750  0.761304  0.696083  0.595015  0.622265  0.527790  0.571148  0.751367  0.528717  0.778315  0.743497  0.620506  0.544982  0.728271  0.403437  0.773488  0.619945  0.594410  0.474572  0.482298  0.750875  0.742158  0.700603  0.752287  0.633186  0.755320 
23  0.523878  0.622067  0.683208  0.612635  0.486006  0.493853  0.685951  0.618567  0.612412  0.808866  0.615232  0.624120  0.626609  0.723534  0.544300  0.474743  0.763621  0.658646  0.245140  0.526299  0.578214  0.521317  0.610078 0.0  0.760769  0.611490  0.776421  0.500138  0.664993  0.699476  0.639783  0.313311  0.672734  0.529704  0.456672  0.729826  0.661723  0.616023  0.445576  0.689313  0.741182  0.641286  0.688773  0.606082  0.462468  0.605981  0.524633  0.557616  0.582490  0.549682  0.647530  0.419472  0.543087  0.810605  0.622014  0.607605  0.646133  0.588163  0.449948  0.602702  0.546634  0.611559  0.531026  0.730583  0.789284  0.784369  0.758408  0.426234  0.640412  0.682160  0.677879  0.504091  0.806370  0.650214  0.475379  0.604853  0.647253  0.425244  0.571873  0.592293  0.486635  0.591178  0.600321  0.858351  0.775774  0.551139  0.718880  0.645435  0.697951 
24  0.768227  0.902195  0.796478  0.705020  0.823880  0.699356  0.831419  0.659572  0.764368  0.443869  0.708991  0.715370  0.685389  0.607176  0.872902  0.634018  0.836393  0.635044  0.660856  0.708553  0.784075  0.514295  0.821024  0.760769 0.0  0.557349  0.917831  0.729287  0.382053  0.823958  0.762092  0.701085  0.713317  0.808972  0.766713  0.640126  0.381212  0.731376  0.750389  0.927577  0.831439  0.723377  0.470783  0.644195  0.824637  0.798863  0.710684  0.771987  0.789915  0.582959  0.677437  0.726734  0.748691  0.991199  0.538338  0.757452  0.713673  0.679321  0.778513  0.811382  0.733274  0.833815  0.766056  0.399298  0.538707  0.180367  0.784904  0.785631  0.682445  0.805457  0.333672  0.604908  0.331961  0.633284  0.836675  0.628083  0.442137  0.733961  0.699924  0.735301  0.604976  0.632022  0.743284  0.138988  0.146261  0.675938  0.279130  0.863010  0.404368 
25  0.699904  0.806073  0.758489  0.678847  0.692838  0.541918  0.722060  0.596692  0.753811  0.783008  0.735749  0.237972  0.727768  0.484294  0.616035  0.513398  0.737476  0.410578  0.603601  0.589275  0.642753  0.601865  0.692116  0.611490  0.557349 0.0  0.951787  0.460592  0.592008  0.757807  0.668067  0.647668  0.796816  0.721693  0.537693  0.477214  0.659289  0.797312  0.667839  0.760909  0.823509  0.731636  0.754001  0.746563  0.610354  0.756793  0.594488  0.771699  0.679373  0.398619  0.752467  0.585634  0.645093  0.795811  0.543672  0.800900  0.761450  0.392717  0.788533  0.665474  0.709710  0.684521  0.388480  0.592785  0.686758  0.861587  0.828989  0.635968  0.682957  0.755070  0.541735  0.418145  0.601853  0.301760  0.701167  0.533140  0.592337  0.630580  0.306984  0.364737  0.370714  0.609875  0.565988  0.571328  0.687016  0.477055  0.629190  0.808752  0.620247 
26  0.752756  0.775518  0.732151  0.722763  0.828587  0.857715  0.709480  0.885765  0.791266  0.910315  0.824652  0.797456  0.711887  0.867160  0.779735  0.850903  0.434857  0.795202  0.802732  0.724032  0.711558  0.839737  0.742244  0.776421  0.917831  0.951787 0.0  0.785323  0.898797  0.742308  0.739010  0.743701  0.912965  0.685441  0.905877  0.816553  0.835842  0.749122  0.938289  0.756752  0.829636  0.776739  0.944418  0.689168  0.744821  0.803185  0.933758  0.756735  0.731874  0.799768  0.809082  0.771504  0.796501  0.767364  0.847193  0.839509  0.746289  0.803130  0.837410  0.810757  0.729809  0.786686  0.701476  0.858064  0.840402  0.881136  0.826189  0.728377  0.730729  0.705772  0.829881  0.834799  0.762945  0.857386  0.850671  0.837051  0.879074  0.779826  0.824491  0.853141  0.811932  0.719190  0.755093  0.865681  0.861082  0.829579  0.798901  0.626727  0.792567 
27  0.689038  0.644261  0.690866  0.645036  0.591005  0.507816  0.740913  0.661166  0.805572  0.681506  0.716512  0.487861  0.732329  0.526846  0.614208  0.221812  0.786876  0.472206  0.505826  0.347380  0.656664  0.679337  0.666117  0.500138  0.729287  0.460592  0.785323 0.0  0.606862  0.863305  0.634913  0.545502  0.737350  0.590852  0.340160  0.448524  0.549517  0.706967  0.655606  0.801846  0.759966  0.690473  0.632401  0.728106  0.668303  0.706124  0.521742  0.679683  0.590405  0.480925  0.604065  0.527191  0.732247  0.805183  0.531711  0.726449  0.693410  0.204326  0.628835  0.634471  0.646017  0.695158  0.049531  0.567918  0.627731  0.653161  0.738369  0.681781  0.701998  0.680722  0.668931  0.311330  0.650432  0.325944  0.567142  0.338028  0.554687  0.566827  0.494095  0.263741  0.319778  0.585582  0.624622  0.591715  0.689091  0.421113  0.734998  0.725425  0.565782 
28  0.728476  0.781260  0.759979  0.733173  0.643814  0.539235  0.691093  0.652740  0.744585  0.592819  0.843073  0.505860  0.785767  0.323739  0.756752  0.596416  0.794038  0.599611  0.699985  0.701943  0.709781  0.383724  0.655636  0.664993  0.382053  0.592008  0.898797  0.606862 0.0  0.802633  0.917658  0.740447  0.803249  0.696130  0.665961  0.640381  0.414411  0.728596  0.643609  0.840614  0.740890  0.857268  0.482557  0.742378  0.783172  0.883243  0.771506  0.773645  0.799142  0.621386  0.771568  0.731103  0.744485  0.738587  0.298300  0.833910  0.710345  0.615906  0.678619  0.818975  0.810401  0.893349  0.665327  0.394986  0.549811  0.524109  0.827169  0.717898  0.766344  0.764241  0.271779  0.598145  0.506817  0.494849  0.639925  0.610864  0.430322  0.661448  0.589589  0.507304  0.749178  0.767614  0.716852  0.469671  0.408753  0.563897  0.478274  0.870672  0.440035 
29  0.600350  0.330346  0.560586  0.663582  0.707129  0.852826  0.518414  0.693373  0.342539  0.852913  0.624530  0.757021  0.542469  0.751118  0.628944  0.816789  0.703640  0.738169  0.611761  0.760193  0.593315  0.726733  0.671810  0.699476  0.823958  0.757807  0.742308  0.863305  0.802633 0.0  0.543149  0.746206  0.496027  0.706839  0.833717  0.788856  0.814112  0.744179  0.669851  0.655212  0.660244  0.481567  0.908910  0.522315  0.682613  0.512667  0.704626  0.507333  0.738843  0.716514  0.663996  0.689771  0.565642  0.763250  0.690828  0.491081  0.733466  0.772064  0.583117  0.596822  0.614558  0.553883  0.712548  0.743196  0.822940  0.783827  0.637677  0.682516  0.693446  0.760593  0.735558  0.774371  0.836036  0.640225  0.653154  0.695633  0.810886  0.712463  0.783062  0.748540  0.729960  0.792633  0.718612  0.876945  0.848277  0.677973  0.821792  0.509814  0.820278 
30  0.441502  0.532211  0.505807  0.482603  0.472279  0.771551  0.477050  0.738441  0.721235  0.727254  0.463364  0.692040  0.544463  0.784542  0.454067  0.589304  0.773045  0.660374  0.623308  0.743800  0.486162  0.778218  0.554285  0.639783  0.762092  0.668067  0.739010  0.634913  0.917658  0.543149 0.0  0.596039  0.556981  0.708505  0.777745  0.764225  0.814865  0.566706  0.533954  0.698690  0.625682  0.668986  0.829038  0.589816  0.589722  0.581408  0.573613  0.400026  0.469660  0.749369  0.534939  0.424433  0.578598  0.722610  0.746939  0.560370  0.524254  0.675362  0.513676  0.472371  0.480860  0.490038  0.746408  0.747220  0.823515  0.820828  0.625397  0.469242  0.411994  0.532078  0.670007  0.621273  0.724956  0.761251  0.412076  0.639045  0.769454  0.593458  0.687792  0.659771  0.786983  0.583345  0.630261  0.681758  0.817944  0.712423  0.795103  0.606790  0.733283 
31  0.470196  0.588137  0.632781  0.570584  0.523793  0.581093  0.523553  0.582129  0.681026  0.752517  0.587712  0.616592  0.635655  0.642576  0.559825  0.572526  0.815179  0.598018  0.414035  0.493509  0.567471  0.921843  0.622319  0.313311  0.701085  0.647668  0.743701  0.545502  0.740447  0.746206  0.596039 0.0  0.645989  0.662245  0.589162  0.673052  0.574918  0.587786  0.579603  0.787709  0.671322  0.679940  0.713839  0.647883  0.612788  0.582275  0.440703  0.697550  0.569750  0.666971  0.613769  0.483616  0.513028  0.725775  0.763657  0.669459  0.552440  0.557329  0.558463  0.544692  0.538775  0.647301  0.494819  0.777257  0.704298  0.724461  0.769915  0.702880  0.661992  0.607431  0.773278  0.640383  0.593969  0.462625  0.554045  0.605175  0.657745  0.384397  0.609822  0.610351  0.609039  0.572745  0.383244  0.702825  0.634424  0.661663  0.715984  0.812933  0.687084 
32  0.606425  0.490158  0.752401  0.609670  0.663439  0.663943  0.534416  0.511467  0.508287  0.966857  0.700373  0.761090  0.417689  0.823092  0.724724  0.735128  0.857087  0.705646  0.643603  0.780998  0.678998  0.808444  0.688012  0.672734  0.713317  0.796816  0.912965  0.737350  0.803249  0.496027  0.556981  0.645989 0.0  0.708176  0.766839  0.832148  0.843164  0.570724  0.639784  0.596131  0.456069  0.306145  0.747305  0.342458  0.639843  0.587521  0.755953  0.688015  0.652744  0.714313  0.731008  0.553439  0.673372  0.759742  0.873706  0.476015  0.648575  0.664659  0.678710  0.668640  0.627065  0.547287  0.722551  0.850245  0.755330  0.719966  0.640394  0.642233  0.580605  0.742011  0.776650  0.671286  0.769461  0.763300  0.557800  0.671098  0.742813  0.724644  0.806421  0.712187  0.936515  0.646395  0.711119  0.809294  0.679567  0.794262  0.792181  0.589629  0.732486 
33  0.627533  0.683894  0.502447  0.642861  0.723309  0.702385  0.640330  0.652748  0.769920  0.784619  0.740235  0.741265  0.714727  0.767439  0.578270  0.734476  0.745838  0.817607  0.753542  0.712027  0.592159  0.716679  0.602797  0.529704  0.808972  0.721693  0.685441  0.590852  0.696130  0.706839  0.708505  0.662245  0.708176 0.0  0.599784  0.689357  0.696270  0.371580  0.628191  0.651680  0.858316  0.827797  0.770056  0.679415  0.795699  0.699006  0.702524  0.711970  0.674296  0.652169  0.574717  0.599348  0.724616  0.601348  0.771156  0.655667  0.613759  0.761807  0.659353  0.587794  0.545286  0.631473  0.657921  0.810681  0.807085  0.789460  0.563315  0.718125  0.613875  0.574294  0.787629  0.684773  0.782551  0.748864  0.693745  0.680395  0.740570  0.686468  0.694452  0.739427  0.641726  0.546798  0.517845  0.827525  0.791809  0.697089  0.831406  0.681596  0.850224 
34  0.665064  0.686172  0.689843  0.636261  0.639428  0.387911  0.763920  0.633900  0.633660  0.676222  0.656227  0.529401  0.711260  0.598565  0.663531  0.229475  0.770466  0.477150  0.601182  0.431459  0.637920  0.620249  0.717906  0.456672  0.766713  0.537693  0.905877  0.340160  0.665961  0.833717  0.777745  0.589162  0.766839  0.599784 0.0  0.587073  0.580115  0.641713  0.649587  0.772673  0.768521  0.708075  0.711109  0.713527  0.630694  0.678074  0.529930  0.638128  0.620803  0.511247  0.577405  0.717706  0.639823  0.720189  0.598606  0.692805  0.700583  0.349429  0.631922  0.700042  0.622723  0.586597  0.191152  0.625884  0.733491  0.710788  0.657867  0.639789  0.743733  0.878765  0.697540  0.212591  0.655693  0.498395  0.649616  0.401491  0.573925  0.588929  0.511808  0.271589  0.242762  0.653916  0.553927  0.623285  0.749398  0.472815  0.653319  0.762888  0.593675 
35  0.620613  0.673166  0.700560  0.659198  0.713159  0.554789  0.834945  0.651662  0.667670  0.829099  0.692299  0.318002  0.747225  0.480532  0.793483  0.521889  0.712261  0.424967  0.653957  0.507014  0.836363  0.426283  0.669141  0.729826  0.640126  0.477214  0.816553  0.448524  0.640381  0.788856  0.764225  0.673052  0.832148  0.689357  0.587073 0.0  0.577654  0.761147  0.623157  0.770344  0.749966  0.792072  0.649349  0.712083  0.766154  0.687903  0.628552  0.740935  0.653066  0.338920  0.782891  0.717810  0.698558  0.868465  0.464518  0.770296  0.802263  0.495815  0.724846  0.730020  0.560746  0.816448  0.570073  0.561296  0.745605  0.599082  0.671841  0.632713  0.711553  0.731358  0.562908  0.529190  0.599744  0.500043  0.724569  0.441887  0.612642  0.568657  0.443549  0.503275  0.457877  0.552837  0.602102  0.626889  0.676615  0.564818  0.655882  0.773528  0.651812 
36  0.845275  0.686197  0.796241  0.741489  0.617275  0.594450  0.800681  0.723961  0.848781  0.561287  0.675573  0.665253  0.781784  0.488750  0.757344  0.584263  0.794151  0.686430  0.779086  0.689766  0.810253  0.517541  0.728744  0.661723  0.381212  0.659289  0.835842  0.549517  0.414411  0.814112  0.814865  0.574918  0.843164  0.696270  0.580115  0.577654 0.0  0.830431  0.796038  0.729447  0.825458  0.821733  0.460013  0.755985  0.738033  0.821591  0.642205  0.818852  0.687682  0.701442  0.698499  0.660862  0.729941  0.859676  0.477536  0.778234  0.814577  0.593233  0.776114  0.670597  0.809174  0.861472  0.586190  0.273537  0.556647  0.405679  0.742783  0.795110  0.744550  0.691108  0.446640  0.707472  0.269334  0.638593  0.731565  0.581016  0.423480  0.803845  0.661379  0.728833  0.591874  0.600716  0.745580  0.448529  0.442275  0.628078  0.351917  0.806173  0.289635 
37  0.684913  0.661554  0.589201  0.579141  0.581540  0.655134  0.663729  0.685133  0.667743  0.761661  0.593996  0.727160  0.788631  0.744011  0.617069  0.684489  0.806122  0.675643  0.533310  0.610174  0.483775  0.835284  0.680852  0.616023  0.731376  0.797312  0.749122  0.706967  0.728596  0.744179  0.566706  0.587786  0.570724  0.371580  0.641713  0.761147  0.830431 0.0  0.760769  0.769276  0.730208  0.735756  0.727817  0.736370  0.758959  0.605678  0.529403  0.633317  0.515057  0.713457  0.557371  0.610074  0.682478  0.770362  0.734526  0.615455  0.607485  0.698928  0.676293  0.567904  0.550031  0.588591  0.670350  0.738734  0.768086  0.829585  0.589339  0.620795  0.623796  0.526072  0.746685  0.713622  0.818287  0.743660  0.613698  0.559592  0.736120  0.633686  0.669378  0.699354  0.608925  0.563942  0.597438  0.671169  0.733497  0.724536  0.850920  0.713303  0.769889 
38  0.524969  0.759049  0.650297  0.563562  0.546983  0.667315  0.677384  0.481822  0.708467  0.804269  0.526834  0.594987  0.619749  0.629086  0.581475  0.727698  0.781477  0.610678  0.625217  0.610856  0.574833  0.714144  0.605901  0.445576  0.750389  0.667839  0.938289  0.655606  0.643609  0.669851  0.533954  0.579603  0.639784  0.628191  0.649587  0.623157  0.796038  0.760769 0.0  0.664715  0.597920  0.684682  0.760357  0.579559  0.499507  0.640657  0.560628  0.609154  0.480370  0.809297  0.615537  0.481931  0.328205  0.810069  0.720671  0.555536  0.571718  0.639698  0.483167  0.438609  0.553305  0.649714  0.668830  0.700144  0.843748  0.767027  0.785994  0.323509  0.584814  0.703866  0.794055  0.622942  0.672050  0.771129  0.429739  0.675130  0.784338  0.562588  0.656817  0.582149  0.614710  0.635241  0.669832  0.770477  0.880836  0.728929  0.714166  0.638560  0.770816 
39  0.778757  0.762694  0.715201  0.698556  0.657074  0.799278  0.725090  0.644764  0.720369  0.845475  0.648170  0.798831  0.601232  0.812955  0.727848  0.836689  0.719087  0.709471  0.743809  0.763958  0.590885  0.881421  0.694260  0.689313  0.927577  0.760909  0.756752  0.801846  0.840614  0.655212  0.698690  0.787709  0.596131  0.651680  0.772673  0.770344  0.729447  0.769276  0.664715 0.0  0.630973  0.639743  0.852962  0.588969  0.732967  0.638035  0.750800  0.815966  0.772408  0.765626  0.597446  0.658017  0.803485  0.817609  0.787948  0.636554  0.733125  0.816039  0.744180  0.711719  0.710906  0.784123  0.704882  0.830364  0.858608  0.943283  0.705887  0.544470  0.737159  0.743636  0.751694  0.765840  0.775426  0.747066  0.666509  0.784958  0.784594  0.688223  0.674977  0.855575  0.761102  0.760238  0.725768  0.726019  0.848363  0.804340  0.851056  0.791373  0.836027 
40  0.699656  0.537073  0.634834  0.659971  0.772159  0.769032  0.611796  0.510926  0.423417  0.873363  0.758624  0.791472  0.576552  0.752241  0.653969  0.683658  0.810233  0.736836  0.684888  0.655467  0.735639  0.786078  0.633937  0.741182  0.831439  0.823509  0.829636  0.759966  0.740890  0.660244  0.625682  0.671322  0.456069  0.858316  0.768521  0.749966  0.825458  0.730208  0.597920  0.630973 0.0  0.356228  0.807051  0.391269  0.647139  0.670446  0.752732  0.657125  0.707867  0.728280  0.626169  0.641633  0.653960  0.801931  0.734592  0.630512  0.696366  0.754759  0.549912  0.744891  0.665991  0.612527  0.782851  0.812754  0.842575  0.789594  0.589177  0.661737  0.667624  0.690431  0.655532  0.595014  0.773448  0.723322  0.716327  0.862744  0.779592  0.696712  0.750674  0.721251  0.703342  0.728490  0.815895  0.840036  0.908397  0.779273  0.898892  0.755875  0.675069 
41  0.700339  0.669120  0.608542  0.694900  0.671635  0.611913  0.725124  0.635307  0.454490  0.859783  0.715045  0.678815  0.486883  0.828151  0.639274  0.740358  0.743490  0.694737  0.602640  0.654297  0.733279  0.743797  0.658352  0.641286  0.723377  0.731636  0.776739  0.690473  0.857268  0.481567  0.668986  0.679940  0.306145  0.827797  0.708075  0.792072  0.821733  0.735756  0.684682  0.639743  0.356228 0.0  0.678388  0.408049  0.549830  0.538619  0.690042  0.663729  0.669041  0.782906  0.699730  0.595112  0.601180  0.687730  0.691141  0.636306  0.787322  0.611775  0.632096  0.609909  0.560040  0.597393  0.798881  0.843669  0.906694  0.756436  0.667918  0.670009  0.598129  0.816566  0.737267  0.729931  0.839895  0.737076  0.526393  0.705407  0.790046  0.666588  0.694149  0.795592  0.701710  0.665470  0.782749  0.777210  0.805792  0.808344  0.792249  0.668793  0.823595 
42  0.716770  0.731019  0.763062  0.688968  0.746180  0.705007  0.831532  0.714388  0.838650  0.479418  0.723501  0.602890  0.833502  0.583427  0.809956  0.729808  0.783901  0.598519  0.710336  0.677264  0.787174  0.536740  0.662046  0.688773  0.470783  0.754001  0.944418  0.632401  0.482557  0.908910  0.829038  0.713839  0.747305  0.770056  0.711109  0.649349  0.460013  0.727817  0.760357  0.852962  0.807051  0.678388 0.0  0.877030  0.784869  0.795535  0.704560  0.812592  0.839860  0.534436  0.771814  0.760452  0.781347  0.727979  0.528330  0.810511  0.719540  0.546602  0.826153  0.774799  0.730368  1.000000  0.673414  0.423260  0.438717  0.236676  0.791293  0.739387  0.774507  0.700772  0.508212  0.574751  0.494195  0.609957  0.859107  0.663230  0.569948  0.731098  0.494533  0.779164  0.709254  0.709645  0.778435  0.419910  0.373678  0.735943  0.462828  0.756174  0.591426 
43  0.611993  0.518064  0.692544  0.687981  0.699720  0.614949  0.660061  0.618252  0.462661  0.885429  0.580487  0.862500  0.558355  0.884101  0.651787  0.790167  0.800920  0.654164  0.739272  0.708690  0.744310  0.839970  0.702372  0.606082  0.644195  0.746563  0.689168  0.728106  0.742378  0.522315  0.589816  0.647883  0.342458  0.679415  0.713527  0.712083  0.755985  0.736370  0.579559  0.588969  0.391269  0.408049  0.877030 0.0  0.587476  0.584089  0.842292  0.616412  0.505421  0.770213  0.718249  0.671522  0.589809  0.850353  0.850902  0.467352  0.749689  0.658998  0.561778  0.564386  0.563118  0.537648  0.679019  0.796794  0.806921  0.860395  0.716619  0.608796  0.623527  0.723778  0.798337  0.726648  0.786954  0.750445  0.629298  0.675761  0.794119  0.698380  0.756875  0.771717  0.705410  0.674018  0.708347  0.744439  0.771781  0.813506  0.836460  0.672352  0.719654 
44  0.526897  0.586316  0.714695  0.658626  0.515775  0.604963  0.624331  0.448296  0.657060  0.779577  0.709575  0.712166  0.485334  0.815390  0.561089  0.674542  0.705202  0.739777  0.595612  0.539236  0.570157  0.670857  0.606976  0.462468  0.824637  0.610354  0.744821  0.668303  0.783172  0.682613  0.589722  0.612788  0.639843  0.795699  0.630694  0.766154  0.738033  0.758959  0.499507  0.732967  0.647139  0.549830  0.784869  0.587476 0.0  0.694677  0.664013  0.659153  0.476688  0.803936  0.569277  0.558639  0.347776  0.730738  0.781136  0.518649  0.647013  0.644238  0.412162  0.538477  0.634862  0.589466  0.642127  0.696157  0.842009  0.746174  0.657803  0.391356  0.550954  0.755621  0.820070  0.714262  0.746766  0.734353  0.390438  0.634304  0.747734  0.701661  0.697909  0.557201  0.689770  0.593589  0.565986  0.679942  0.775824  0.698601  0.824782  0.663205  0.764524 
