89
0 0.0  0.579366  0.516293  0.409912  0.464783  0.611030  0.600228  0.597499  0.704914  0.783509  0.477886  0.679996  0.570639  0.717045  0.351050  0.630949  0.813128  0.653990  0.505130  0.666313  0.545936  0.788199  0.551738  0.550501  0.818482  0.744557  0.893588  0.731238  0.864552  0.536552  0.596726  0.573372  0.574125  0.703956  0.664100  0.772882  0.769522  0.687770  0.502438  0.718103  0.594147  0.684940  0.882403  0.758535  0.523786  0.537954  0.672321  0.530097  0.334100  0.723819  0.539112  0.477419  0.584503  0.615077  0.802913  0.632663  0.504288  0.668450  0.238969  0.175738  0.496586  0.584132  0.743767  0.852482  0.746887  0.778120  0.756682  0.522058  0.575858  0.682851  0.746944  0.623500  0.778059  0.583972  0.392942  0.762241  0.683318  0.553491  0.762846  0.576911  0.750798  0.660192  0.657584  0.780422  0.769762  0.628876  0.717870  0.664212  0.686168 
1  0.579366 0.0  0.521562  0.712652  0.521516  0.683502  0.615502  0.696567  0.527531  0.781886  0.592437  0.822738  0.490055  0.879757  0.631383  0.729922  0.776173  0.771269  0.682624  0.677761  0.684375  0.789238  0.668855  0.714440  0.781818  0.828843  0.814158  0.749004  0.749131  0.359950  0.596084  0.703701  0.523873  0.626104  0.719655  0.741183  0.889048  0.701951  0.607626  0.740939  0.529878  0.619981  0.852237  0.425820  0.649339  0.552835  0.754009  0.565887  0.705457  0.916799  0.702606  0.710840  0.652846  0.821785  0.733177  0.455779  0.555103  0.840972  0.593609  0.701633  0.736514  0.631302  0.760718  0.917446  0.883281  0.866608  0.625880  0.622778  0.625842  0.782836  0.745280  0.731859  0.859009  0.912141  0.681818  0.896682  0.880059  0.790038  0.840582  0.766699  0.772128  0.673395  0.743222  0.910859  0.914136  0.787469  0.725292  0.562655  0.769912 
2  0.516293  0.521562 0.0  0.508643  0.535743  0.707317  0.475998  0.687195  0.633870  0.786120  0.634606  0.865492  0.591444  0.817462  0.591225  0.757320  0.807895  0.779378  0.678344  0.590194  0.547582  0.744417  0.540861  0.736084  0.735785  0.685139  0.787038  0.739871  0.794726  0.597598  0.467190  0.684849  0.735379  0.653315  0.752825  0.796162  0.726703  0.597475  0.594527  0.721794  0.814511  0.699390  0.885375  0.646705  0.673361  0.389561  0.715894  0.452580  0.552672  0.724178  0.532433  0.580866  0.693480  0.711091  0.763608  0.475840  0.638572  0.712448  0.728664  0.559327  0.541941  0.316668  0.768612  0.825396  0.893879  0.846698  0.485539  0.621760  0.440717  0.577631  0.894715  0.699876  0.918147  0.757362  0.633008  0.635683  0.719463  0.648959  0.708449  0.657669  0.775563  0.619036  0.658929  0.863406  0.835298  0.803726  0.867120  0.663595  0.901466 
3  0.409912  0.712652  0.508643 0.0  0.354341  0.546920  0.657667  0.672233  0.651007  0.790173  0.477756  0.663500  0.650810  0.725998  0.139709  0.650034  0.811249  0.613830  0.554519  0.761809  0.557670  0.857670  0.426204  0.550636  0.813825  0.529522  0.835076  0.714222  0.809730  0.725244  0.518026  0.637648  0.718280  0.570249  0.685855  0.688893  0.837591  0.642244  0.570439  0.753443  0.677158  0.746171  0.743434  0.555553  0.561304  0.635874  0.818618  0.541210  0.283988  0.701603  0.518387  0.355488  0.564580  0.721813  0.748170  0.497949  0.615036  0.745905  0.464742  0.406306  0.281174  0.544650  0.791003  0.703042  0.839753  0.773022  0.605142  0.431007  0.483811  0.761532  0.913209  0.721849  0.753198  0.610282  0.454644  0.631034  0.671774  0.423867  0.778094  0.705134  0.705127  0.604401  0.611856  0.769778  0.801922  0.708182  0.719851  0.603173  0.738764 
4  0.464783  0.521516  0.535743  0.354341 0.0  0.665152  0.695335  0.616414  0.854977  0.861143  0.370831  0.812045  0.529176  0.689115  0.377779  0.723868  0.796131  0.747178  0.414195  0.487105  0.546928  0.809557  0.430138  0.449108  0.780128  0.620802  0.879211  0.683753  0.843530  0.608824  0.552430  0.587705  0.648035  0.726941  0.667860  0.672023  0.687427  0.661297  0.613989  0.680961  0.660592  0.792483  0.756633  0.615876  0.588003  0.648984  0.528864  0.582384  0.435241  0.734954  0.519626  0.448202  0.493221  0.672145  0.757706  0.683874  0.394045  0.693993  0.534139  0.407621  0.505137  0.614735  0.681880  0.692347  0.846423  0.862269  0.677943  0.582339  0.486375  0.616984  0.733224  0.587930  0.774275  0.680827  0.680676  0.713051  0.810033  0.265640  0.680056  0.761280  0.708554  0.660029  0.376638  0.825888  0.797640  0.727578  0.747852  0.740205  0.706208 
5  0.611030  0.683502  0.707317  0.546920  0.665152 0.0  0.746036  0.728155  0.770535  0.639917  0.691908  0.600429  0.609481  0.709064  0.649104  0.361173  0.874507  0.579639  0.418639  0.254682  0.797372  0.591877  0.600627  0.558765  0.737978  0.561738  0.880002  0.477867  0.674855  0.818283  0.701684  0.470042  0.737570  0.786383  0.342120  0.639309  0.618674  0.702498  0.562297  0.870709  0.734550  0.758973  0.609671  0.786290  0.635746  0.706318  0.473486  0.714673  0.563023  0.496624  0.738176  0.680579  0.707160  0.767941  0.588285  0.701918  0.752455  0.401387  0.630535  0.584361  0.642240  0.741877  0.415842  0.669201  0.790913  0.708901  0.686190  0.704390  0.655223  0.814783  0.652375  0.390848  0.687164  0.393764  0.751009  0.478511  0.681905  0.636997  0.641735  0.343925  0.386274  0.584380  0.569439  0.710271  0.721234  0.466136  0.694226  0.767549  0.622216 
6  0.600228  0.615502  0.475998  0.657667  0.695335  0.746036 0.0  0.728402  0.655160  0.839318  0.629716  0.757297  0.625127  0.934774  0.562034  0.735078  0.807162  0.831520  0.772089  0.792222  0.556256  0.744859  0.652866  0.784266  0.777152  0.847207  0.778874  0.705606  0.879406  0.573865  0.529277  0.658604  0.703514  0.574460  0.763193  0.836619  0.910019  0.713608  0.634877  0.764729  0.587458  0.832788  0.841095  0.710277  0.624301  0.268785  0.693804  0.466072  0.651147  0.768750  0.641229  0.638884  0.686617  0.863605  0.759335  0.477092  0.622092  0.784931  0.526772  0.567111  0.584314  0.367319  0.797489  0.826167  0.854930  0.825159  0.431566  0.685114  0.484663  0.652521  0.802708  0.728761  0.870640  0.751944  0.610489  0.738190  0.822149  0.675983  0.772012  0.763129  0.772306  0.669823  0.758933  0.913940  0.783511  0.724774  0.835128  0.572724  0.928463 
7  0.597499  0.696567  0.687195  0.672233  0.616414  0.728155  0.728402 0.0  0.624452  0.845037  0.757265  0.689165  0.596976  0.721445  0.548461  0.601469  0.883939  0.787722  0.594136  0.677958  0.649182  0.752546  0.660823  0.536436  0.832840  0.705390  0.846757  0.643296  0.850687  0.809184  0.699903  0.628126  0.553434  0.744697  0.690007  0.763020  0.836651  0.654383  0.513580  0.728794  0.595090  0.670201  0.801998  0.635653  0.341800  0.643853  0.614617  0.720633  0.490279  0.723969  0.773365  0.618212  0.358992  0.794543  0.784450  0.608665  0.612931  0.735434  0.465290  0.584927  0.658621  0.647407  0.763324  0.853570  0.862083  0.839400  0.710781  0.429576  0.665022  0.754789  0.764143  0.781151  0.743987  0.695252  0.514299  0.632316  0.847739  0.685927  0.806726  0.706704  0.630550  0.713003  0.566788  0.815134  0.819797  0.695453  0.805705  0.790818  0.887315 
8  0.704914  0.527531  0.633870  0.651007  0.854977  0.770535  0.655160  0.624452 0.0  0.948263  0.687816  0.732656  0.573681  0.885847  0.704153  0.849559  0.694793  0.758904  0.808475  0.812972  0.762525  0.852951  0.499711  0.709992  0.851421  0.827107  0.707544  0.869594  0.810837  0.444804  0.660895  0.663433  0.474070  0.718644  0.715878  0.808718  0.874329  0.663324  0.661505  0.643793  0.586813  0.566156  0.840526  0.504090  0.736042  0.540559  0.738806  0.704801  0.734232  0.928859  0.675800  0.737943  0.603538  0.812138  0.844437  0.625481  0.723672  0.609543  0.555638  0.679840  0.641504  0.604722  0.826924  0.824135  0.795889  0.848990  0.707585  0.651322  0.730443  0.731916  0.828215  0.721779  0.779202  0.775911  0.698413  0.843094  0.784704  0.717615  0.770441  0.833813  0.836541  0.697522  0.744570  0.831274  0.850767  0.741653  0.821824  0.609755  0.831792 
9  0.783509  0.781886  0.786120  0.790173  0.861143  0.639917  0.839318  0.845037  0.948263 0.0  0.845702  0.763937  0.852940  0.692824  0.871333  0.769702  0.825406  0.728576  0.772655  0.686270  0.833146  0.589461  0.774537  0.709200  0.596379  0.763694  0.943536  0.742876  0.461024  0.962943  0.838076  0.816371  0.832036  0.885335  0.731519  0.703532  0.511086  0.752052  0.815549  0.834684  0.890924  0.935835  0.442869  0.809434  0.786089  0.825740  0.688049  0.950112  0.927228  0.641349  0.770442  0.768460  0.854618  0.928265  0.541286  0.853953  0.857100  0.703585  0.859905  0.735013  0.748492  0.890485  0.773854  0.575229  0.237366  0.537188  0.921906  0.811858  0.805472  0.743051  0.754961  0.716937  0.590700  0.767794  0.757820  0.859035  0.695140  0.799121  0.698772  0.708296  0.689267  0.813372  0.704333  0.462971  0.592784  0.677188  0.537047  0.741689  0.764041 
10  0.477886  0.592437  0.634606  0.477756  0.370831  0.691908  0.629716  0.757265  0.687816  0.845702 0.0  0.699514  0.619710  0.815303  0.435688  0.645477  0.894838  0.626544  0.503986  0.752374  0.422873  0.772287  0.231139  0.631258  0.810337  0.632726  0.838669  0.602074  0.803155  0.676275  0.545712  0.592787  0.695272  0.543293  0.774178  0.703011  0.754980  0.594483  0.683422  0.738524  0.747073  0.720141  0.823258  0.776452  0.786287  0.682528  0.721230  0.633039  0.460971  0.740474  0.393032  0.490975  0.588655  0.688662  0.676776  0.624508  0.000000  0.689867  0.591057  0.590306  0.443495  0.615313  0.661864  0.793323  0.755335  0.758090  0.697172  0.600465  0.498439  0.773968  0.697923  0.671396  0.782360  0.731035  0.578383  0.714585  0.700188  0.602750  0.739276  0.759436  0.730472  0.616977  0.482812  0.658200  0.703926  0.630174  0.837417  0.760540  0.738438 
11  0.679996  0.822738  0.865492  0.663500  0.812045  0.600429  0.757297  0.689165  0.732656  0.763937  0.699514 0.0  0.734512  0.618085  0.672780  0.491373  0.889134  0.427900  0.665199  0.569580  0.820144  0.578778  0.654036  0.641790  0.704067  0.372145  0.862824  0.425247  0.664388  0.814485  0.721121  0.693127  0.801609  0.814885  0.534420  0.323449  0.696745  0.764393  0.627034  0.755282  0.809537  0.824034  0.694370  0.932902  0.808481  0.838024  0.599425  0.747032  0.710113  0.517746  0.745787  0.637316  0.753304  0.719869  0.673744  0.812605  0.773911  0.524139  0.664416  0.797535  0.672439  0.785431  0.517993  0.640140  0.769078  0.656977  0.920609  0.591559  0.680113  0.858053  0.575632  0.459775  0.652922  0.439555  0.727240  0.485161  0.549177  0.568254  0.065282  0.471428  0.568212  0.687486  0.703579  0.670740  0.591358  0.429889  0.502459  0.714175  0.727284 
12  0.570639  0.490055  0.591444  0.650810  0.529176  0.609481  0.625127  0.596976  0.573681  0.852940  0.619710  0.734512 0.0  0.821837  0.621140  0.727031  0.846354  0.777857  0.591140  0.688532  0.636370  0.821199  0.697723  0.598234  0.873267  0.835106  0.826768  0.746994  0.831907  0.724464  0.596449  0.699808  0.494778  0.731953  0.745767  0.814425  0.777900  0.743835  0.592390  0.573888  0.347577  0.420507  0.791336  0.493873  0.523927  0.616847  0.686996  0.496793  0.653912  0.749147  0.585559  0.619381  0.559971  0.853425  0.720669  0.606813  0.674435  0.707160  0.526848  0.549529  0.689246  0.699337  0.680576  0.810527  0.895183  0.752094  0.702821  0.586094  0.482652  0.781628  0.856014  0.698746  0.821968  0.720677  0.609248  0.860899  0.805882  0.742924  0.801278  0.753436  0.709430  0.662263  0.757525  0.790304  0.835813  0.741700  0.757741  0.684405  0.875294 
13  0.717045  0.879757  0.817462  0.725998  0.689115  0.709064  0.934774  0.721445  0.885847  0.692824  0.815303  0.618085  0.821837 0.0  0.831350  0.698190  0.806678  0.550206  0.693453  0.684251  0.826314  0.178041  0.619837  0.746521  0.620034  0.515126  0.822487  0.683365  0.315471  0.883200  0.818616  0.663787  0.765744  0.894797  0.572698  0.465757  0.581315  0.682331  0.739826  0.888101  0.890631  0.825614  0.656390  0.703793  0.775219  0.799520  0.654641  0.797239  0.801961  0.537643  0.773089  0.751602  0.817577  0.759776  0.414603  0.847098  0.726032  0.525400  0.740885  0.663985  0.674265  0.823035  0.657129  0.540151  0.674384  0.587870  0.764747  0.772111  0.756423  0.797393  0.371739  0.572653  0.546583  0.658818  0.754807  0.617759  0.496088  0.762597  0.513448  0.741209  0.694765  0.811185  0.689398  0.541641  0.502218  0.567763  0.575609  0.814627  0.565331 
14  0.351050  0.631383  0.591225  0.139709  0.377779  0.649104  0.562034  0.548461  0.704153  0.871333  0.435688  0.672780  0.621140  0.831350 0.0  0.661791  0.808339  0.688564  0.554896  0.721529  0.520458  0.609335  0.465358  0.492302  0.722149  0.802870  0.713901  0.767676  0.784239  0.672498  0.466013  0.624401  0.695399  0.579908  0.719463  0.742818  0.744774  0.661232  0.485726  0.754440  0.703953  0.607706  0.658107  0.711886  0.429330  0.691752  0.729839  0.547644  0.232191  0.746376  0.571098  0.430374  0.541493  0.762551  0.885132  0.698122  0.584960  0.639063  0.337943  0.373517  0.333385  0.582349  0.674918  0.754689  0.806392  0.748668  0.678642  0.436285  0.458714  0.684226  0.778053  0.705847  0.753526  0.612131  0.419465  0.613092  0.655156  0.454949  0.731668  0.665336  0.660389  0.594149  0.497743  0.769479  0.748219  0.708692  0.801696  0.725432  0.757293 
15  0.630949  0.729922  0.757320  0.650034  0.723868  0.361173  0.735078  0.601469  0.849559  0.769702  0.645477  0.491373  0.727031  0.698190  0.661791 0.0  0.917815  0.443256  0.468702  0.460353  0.783507  0.559585  0.686574  0.545941  0.684995  0.519614  0.913845  0.199663  0.620072  0.815360  0.687620  0.586895  0.623636  0.811619  0.333970  0.517849  0.828549  0.760574  0.547515  0.714787  0.658911  0.732612  0.747303  0.808987  0.620925  0.796968  0.551555  0.682701  0.621355  0.422124  0.747614  0.621355  0.609278  0.821173  0.614841  0.743373  0.758494  0.368869  0.723776  0.744538  0.692431  0.659050  0.267716  0.831519  0.699568  0.839319  0.790083  0.664678  0.720015  0.730486  0.706255  0.221308  0.534523  0.582945  0.687537  0.535101  0.609328  0.636745  0.528032  0.376430  0.193656  0.563040  0.573635  0.655900  0.745711  0.437702  0.669373  0.757461  0.687453 
16  0.813128  0.776173  0.807895  0.811249  0.796131  0.874507  0.807162  0.883939  0.694793  0.825406  0.894838  0.889134  0.846354  0.806678  0.808339  0.917815 0.0  0.820889  0.846675  0.853727  0.836799  0.853965  0.737689  0.766773  0.889964  0.885387  0.683958  0.808301  0.866821  0.637521  0.751782  0.811060  0.755482  0.797355  0.810559  0.834409  0.905117  0.717908  0.821190  0.890075  0.807508  0.814080  0.840726  0.783066  0.725509  0.737520  0.803759  0.785279  0.734009  0.842782  0.842343  0.766062  0.722117  0.804433  0.839004  0.777277  0.816625  0.864231  0.797462  0.844702  0.782070  0.752304  0.839768  0.917077  0.930252  0.886085  0.758041  0.919635  0.776923  0.742442  0.980464  0.847729  0.788703  0.740794  0.885239  0.819343  0.867948  0.921465  0.767011  0.880559  0.866788  0.805261  0.835505  0.872464  0.861371  0.790963  0.805327  0.723537  0.988349 
17  0.653990  0.771269  0.779378  0.613830  0.747178  0.579639  0.831520  0.787722  0.758904  0.728576  0.626544  0.427900  0.777857  0.550206  0.688564  0.443256  0.820889 0.0  0.592411  0.526021  0.757326  0.506222  0.683317  0.630476  0.685654  0.352871  0.868583  0.403134  0.704790  0.771131  0.758359  0.653440  0.728087  0.736337  0.465203  0.569510  0.656724  0.771992  0.695401  0.895118  0.786331  0.751291  0.690978  0.707970  0.704455  0.865149  0.584608  0.634162  0.594814  0.541265  0.686909  0.747941  0.726304  0.780925  0.586618  0.819585  0.792943  0.358537  0.735756  0.722055  0.660731  0.881865  0.372558  0.572079  0.740157  0.797459  0.763948  0.605583  0.783238  0.783502  0.693632  0.435022  0.681886  0.225549  0.643671  0.430058  0.592967  0.730437  0.361691  0.365779  0.482253  0.779359  0.747141  0.601568  0.674499  0.494769  0.812387  0.786106  0.607611 
18  0.505130  0.682624  0.678344  0.554519  0.414195  0.418639  0.772089  0.594136  0.808475  0.772655  0.503986  0.665199  0.591140  0.693453  0.554896  0.468702  0.846675  0.592411 0.0  0.589133  0.513470  0.799501  0.469284  0.191711  0.768750  0.771533  0.931491  0.577441  0.725171  0.668002  0.644796  0.294218  0.760092  0.775744  0.483068  0.565016  0.867770  0.656831  0.415864  0.772269  0.733944  0.635943  0.749452  0.651312  0.639928  0.655562  0.419006  0.637843  0.584377  0.678668  0.622387  0.561066  0.659656  0.787609  0.774739  0.779744  0.608568  0.620109  0.719119  0.603164  0.655963  0.792997  0.541175  0.703353  0.824179  0.821610  0.775714  0.591032  0.688715  0.699899  0.649842  0.471889  0.736368  0.682669  0.578978  0.508565  0.816906  0.557004  0.639913  0.590095  0.546431  0.600130  0.739941  0.730575  0.860705  0.580859  0.823528  0.752072  0.727577 
19  0.666313  0.677761  0.590194  0.761809  0.487105  0.254682  0.792222  0.677958  0.812972  0.686270  0.752374  0.569580  0.688532  0.684251  0.721529  0.460353  0.853727  0.526021  0.589133 0.0  0.731803  0.635455  0.700898  0.552152  0.739440  0.546409  0.813338  0.560501  0.673959  0.712096  0.751540  0.577119  0.766655  0.710010  0.444254  0.617010  0.729697  0.832118  0.598257  0.828669  0.790169  0.753270  0.679222  0.865002  0.680947  0.702181  0.381150  0.737045  0.599683  0.528345  0.575801  0.684831  0.670076  0.795749  0.691327  0.664535  0.668841  0.496851  0.673340  0.614001  0.709491  0.641568  0.537528  0.679212  0.876556  0.741332  0.624027  0.685490  0.664606  0.868583  0.648538  0.367367  0.675462  0.430498  0.656078  0.456888  0.639237  0.548478  0.552060  0.485580  0.448561  0.583482  0.519683  0.646307  0.725517  0.513050  0.778055  0.816612  0.660235 
20  0.545936  0.684375  0.547582  0.557670  0.546928  0.797372  0.556256  0.649182  0.762525  0.833146  0.422873  0.820144  0.636370  0.826314  0.520458  0.783507  0.836799  0.757326  0.513470  0.731803 0.0  0.783615  0.491919  0.606207  0.700826  0.723493  0.856707  0.726494  0.757997  0.755029  0.531467  0.637575  0.795088  0.573076  0.700352  0.702314  0.879220  0.581240  0.538379  0.789433  0.730344  0.662098  0.761671  0.620785  0.686782  0.657213  0.592663  0.491969  0.568398  0.704143  0.319287  0.536779  0.684627  0.824622  0.797630  0.614824  0.374249  0.699166  0.541086  0.589840  0.429525  0.564805  0.688923  0.700242  0.829026  0.867945  0.438998  0.557168  0.309914  0.663798  0.776994  0.693180  0.801979  0.799630  0.666190  0.671544  0.771980  0.487717  0.688405  0.720076  0.754652  0.554141  0.660498  0.786747  0.976237  0.652641  0.764126  0.845641  0.700210 
21  0.788199  0.789238  0.744417  0.857670  0.809557  0.591877  0.744859  0.752546  0.852951  0.589461  0.772287  0.578778  0.821199  0.178041  0.609335  0.559585  0.853965  0.506222  0.799501  0.635455  0.783615 0.0  0.729653  0.721975  0.674313  0.577473  0.868784  0.723375  0.334111  0.881974  0.707081  0.807798  0.915707  0.904586  0.603270  0.606903  0.501809  0.653722  0.829114  0.839695  0.789130  0.748916  0.610858  0.931695  0.891855  0.796628  0.756223  0.909573  0.810941  0.564016  0.710256  0.827773  0.706842  0.898293  0.192002  0.899859  0.749711  0.530511  0.758446  0.759255  0.738984  0.897650  0.608563  0.449165  0.635846  0.557470  0.877367  0.830235  0.829370  0.806762  0.169388  0.654080  0.655015  0.592899  0.804047  0.658381  0.505358  0.809292  0.601714  0.595186  0.602658  0.751872  0.678307  0.497702  0.505132  0.613686  0.598458  0.862701  0.502085 
22  0.551738  0.668855  0.540861  0.426204  0.430138  0.600627  0.652866  0.660823  0.499711  0.774537  0.231139  0.654036  0.697723  0.619837  0.465358  0.686574  0.737689  0.683317  0.469284  0.700898  0.491919  0.729653 0.0  0.531266  0.844931  0.697004  0.872616  0.636554  0.772231  0.691238  0.576472  0.588450  0.706601  0.603738  0.590816  0.764915  0.782118  0.586631  0.644554  0.749296  0.658865  0.762612  0.761307  0.844866  0.640803  0.756113  0.721588  0.550977  0.463542  0.773851  0.512200  0.524682  0.693606  0.777609  0.776196  0.713234  0.110236  0.768779  0.504328  0.459858  0.418331  0.524300  0.654525  0.767817  0.883217  0.783419  0.690378  0.612832  0.503340  0.606081  0.816756  0.642359  0.664683  0.680485  0.547814  0.740574  0.714336  0.442198  0.701519  0.664194  0.594389  0.586394  0.573584  0.722548  0.804420  0.643833  0.829686  0.672462  0.735850 
23  0.550501  0.714440  0.736084  0.550636  0.449108  0.558765  0.784266  0.536436  0.709992  0.709200  0.631258  0.641790  0.598234  0.746521  0.492302  0.545941  0.766773  0.630476  0.191711  0.552152  0.606207  0.721975  0.531266 0.0  0.786600  0.521329  0.794813  0.508141  0.764471  0.741382  0.601223  0.371575  0.738432  0.732791  0.515312  0.654512  0.694531  0.674836  0.539922  0.812419  0.812309  0.566966  0.695141  0.775064  0.535846  0.696751  0.524344  0.666102  0.630227  0.736343  0.694720  0.407917  0.533937  0.714089  0.753696  0.661122  0.606966  0.593531  0.517361  0.655357  0.670205  0.646393  0.521316  0.784660  0.781015  0.776830  0.799523  0.559275  0.673682  0.696127  0.717195  0.583355  0.780073  0.608834  0.516272  0.687695  0.833348  0.469070  0.752963  0.687596  0.574562  0.466465  0.683891  0.750223  0.762867  0.688151  0.861768  0.751859  0.803897 
24  0.818482  0.781818  0.735785  0.813825  0.780128  0.737978  0.777152  0.832840  0.851421  0.596379  0.810337  0.704067  0.873267  0.620034  0.722149  0.684995  0.889964  0.685654  0.768750  0.739440  0.700826  0.674313  0.844931  0.786600 0.0  0.716568  0.792533  0.782936  0.445529  0.952657  0.730375  0.722126  0.865965  0.861622  0.558552  0.558503  0.478183  0.872162  0.825790  0.959817  0.908433  0.886357  0.493213  0.725622  0.788559  0.931358  0.718133  0.756101  0.794646  0.634592  0.694837  0.867996  0.689327  0.826205  0.544877  0.809384  0.828147  0.695966  0.725726  0.891725  0.734002  0.834119  0.646289  0.539916  0.479590  0.190771  0.789881  0.863403  0.755782  0.887483  0.457662  0.648882  0.367381  0.719655  0.737186  0.658072  0.651394  0.743448  0.644012  0.671860  0.685764  0.753884  0.751089  0.174493  0.200766  0.687700  0.135127  0.781867  0.478367 
25  0.744557  0.828843  0.685139  0.529522  0.620802  0.561738  0.847207  0.705390  0.827107  0.763694  0.632726  0.372145  0.835106  0.515126  0.802870  0.519614  0.885387  0.352871  0.771533  0.546409  0.723493  0.577473  0.697004  0.521329  0.716568 0.0  0.819311  0.384095  0.623581  0.803698  0.783156  0.587077  0.843614  0.671197  0.446414  0.425087  0.550511  0.624621  0.762666  0.924264  0.803070  0.687939  0.746190  0.752855  0.642384  0.698697  0.580045  0.694158  0.643362  0.390728  0.702607  0.735576  0.726426  0.924788  0.613500  0.824920  0.679560  0.332303  0.754039  0.829465  0.745348  0.682702  0.473243  0.541791  0.683019  0.578274  0.836319  0.666886  0.720576  0.776992  0.691245  0.467764  0.590551  0.378504  0.700956  0.348914  0.579032  0.581249  0.369558  0.341553  0.436567  0.583281  0.603483  0.705640  0.621326  0.416952  0.649425  0.806711  0.546509 
26  0.893588  0.814158  0.787038  0.835076  0.879211  0.880002  0.778874  0.846757  0.707544  0.943536  0.838669  0.862824  0.826768  0.822487  0.713901  0.913845  0.683958  0.868583  0.931491  0.813338  0.856707  0.868784  0.872616  0.794813  0.792533  0.819311 0.0  0.840606  0.926558  0.699646  0.811477  0.841066  0.796464  0.807814  0.858126  0.874515  0.840919  0.821257  0.877257  0.923674  0.846274  0.851159  0.889041  0.764848  0.672038  0.844925  0.827151  0.778596  0.888338  0.735983  0.851255  0.815387  0.838822  0.770545  0.909898  0.804660  0.796296  0.786703  0.837874  0.726930  0.831888  0.676537  0.930752  0.826311  0.987334  0.946643  0.782949  0.791635  0.837977  0.718194  0.903448  0.845089  0.871532  0.752896  0.924727  0.754287  0.989409  0.678269  0.952992  0.875334  0.852556  0.818343  0.683723  0.809449  0.889834  0.918572  0.854257  0.741220  0.835801 
27  0.731238  0.749004  0.739871  0.714222  0.683753  0.477867  0.705606  0.643296  0.869594  0.742876  0.602074  0.425247  0.746994  0.683365  0.767676  0.199663  0.808301  0.403134  0.577441  0.560501  0.726494  0.723375  0.636554  0.508141  0.782936  0.384095  0.840606 0.0  0.637760  0.727751  0.730775  0.639941  0.662485  0.630359  0.317346  0.498111  0.648405  0.757051  0.547439  0.830132  0.813230  0.744961  0.623002  0.726804  0.579798  0.752706  0.569317  0.726265  0.698850  0.571854  0.698329  0.665545  0.725970  0.794853  0.664501  0.740507  0.686924  0.393212  0.705037  0.668205  0.718840  0.801779  0.000000  0.761255  0.671490  0.637904  0.768988  0.585490  0.657961  0.794209  0.616784  0.428922  0.763644  0.331370  0.737078  0.412442  0.632096  0.645404  0.506017  0.164407  0.311718  0.490540  0.693297  0.665540  0.660597  0.535640  0.747257  0.877996  0.762536 
28  0.864552  0.749131  0.794726  0.809730  0.843530  0.674855  0.879406  0.850687  0.810837  0.461024  0.803155  0.664388  0.831907  0.315471  0.784239  0.620072  0.866821  0.704790  0.725171  0.673959  0.757997  0.334111  0.772231  0.764471  0.445529  0.623581  0.926558  0.637760 0.0  0.867086  0.834511  0.739523  0.788112  0.671517  0.732050  0.720960  0.314126  0.809752  0.780491  0.962932  0.771429  0.822527  0.605749  0.785569  0.754141  0.739803  0.640968  0.785342  0.690042  0.616783  0.831006  0.609664  0.786434  0.814874  0.377646  0.933165  0.771848  0.732774  0.719409  0.701890  0.692956  0.763855  0.649811  0.438062  0.609980  0.499684  0.857790  0.832524  0.930591  0.826406  0.272309  0.595529  0.460624  0.672593  0.716258  0.649776  0.612678  0.615035  0.625209  0.810472  0.657855  0.715243  0.635162  0.468647  0.439482  0.691282  0.446639  0.839312  0.379500 
29  0.536552  0.359950  0.597598  0.725244  0.608824  0.818283  0.573865  0.809184  0.444804  0.962943  0.676275  0.814485  0.724464  0.883200  0.672498  0.815360  0.637521  0.771131  0.668002  0.712096  0.755029  0.881974  0.691238  0.741382  0.952657  0.803698  0.699646  0.727751  0.867086 0.0  0.713818  0.806641  0.612338  0.660794  0.681394  0.833910  0.800497  0.683997  0.672085  0.669321  0.564110  0.622832  0.917021  0.572519  0.623487  0.619182  0.781190  0.656129  0.783169  0.735458  0.647823  0.690658  0.701028  0.673410  0.768088  0.458023  0.643425  0.794666  0.625159  0.598522  0.701624  0.631311  0.747143  0.880000  0.809684  0.861352  0.716384  0.674416  0.611562  0.698505  0.811953  0.784564  0.820574  0.697144  0.726945  0.815076  0.902664  0.780647  0.826490  0.899209  0.849695  0.791585  0.648594  0.834245  0.914514  0.753728  0.829988  0.625653  0.810725 
30  0.596726  0.596084  0.467190  0.518026  0.552430  0.701684  0.529277  0.699903  0.660895  0.838076  0.545712  0.721121  0.596449  0.818616  0.466013  0.687620  0.751782  0.758359  0.644796  0.751540  0.531467  0.707081  0.576472  0.601223  0.730375  0.783156  0.811477  0.730775  0.834511  0.713818 0.0  0.661998  0.621292  0.745700  0.748846  0.783014  0.782229  0.644863  0.706111  0.681225  0.781985  0.603907  0.783734  0.663810  0.666133  0.553916  0.689500  0.313889  0.490315  0.733931  0.561073  0.529652  0.567108  0.662984  0.761240  0.554268  0.494903  0.755742  0.473825  0.484651  0.483765  0.488516  0.804147  0.821328  0.864044  0.702835  0.507758  0.495208  0.411368  0.613696  0.752781  0.758141  0.858416  0.885437  0.472009  0.743367  0.782455  0.572986  0.766455  0.659477  0.631346  0.653916  0.624850  0.792278  0.795854  0.684308  0.873031  0.588470  0.798713 
31  0.573372  0.703701  0.684849  0.637648  0.587705  0.470042  0.658604  0.628126  0.663433  0.816371  0.592787  0.693127  0.699808  0.663787  0.624401  0.586895  0.811060  0.653440  0.294218  0.577119  0.637575  0.807798  0.588450  0.371575  0.722126  0.587077  0.841066  0.639941  0.739523  0.806641  0.661998 0.0  0.718447  0.747772  0.589074  0.700104  0.723022  0.545930  0.588900  0.793471  0.679324  0.736681  0.781217  0.625451  0.690371  0.675995  0.567692  0.545970  0.513184  0.657562  0.598343  0.492702  0.630080  0.836995  0.682263  0.733651  0.546875  0.666637  0.515024  0.597261  0.631949  0.682337  0.664068  0.705203  0.761800  0.779583  0.675188  0.524507  0.525369  0.729459  0.647639  0.526446  0.791913  0.566328  0.574180  0.596559  0.865224  0.410821  0.604311  0.683149  0.642728  0.520158  0.530680  0.765179  0.851103  0.598645  0.690984  0.739384  0.636987 
32  0.574125  0.523873  0.735379  0.718280  0.648035  0.737570  0.703514  0.553434  0.474070  0.832036  0.695272  0.801609  0.494778  0.765744  0.695399  0.623636  0.755482  0.728087  0.760092  0.766655  0.795088  0.915707  0.706601  0.738432  0.865965  0.843614  0.796464  0.662485  0.788112  0.612338  0.621292  0.718447 0.0  0.708288  0.786573  0.835262  0.756111  0.730525  0.590535  0.675715  0.505633  0.275564  0.715295  0.439647  0.682426  0.613313  0.775813  0.679497  0.708264  0.720329  0.713582  0.761249  0.708044  0.817240  0.793863  0.540537  0.683284  0.749889  0.570886  0.603805  0.770023  0.688642  0.673477  0.805713  0.858073  0.774797  0.802180  0.606246  0.642654  0.764430  0.812679  0.702781  0.669293  0.728029  0.703023  0.838327  0.828400  0.669081  0.759827  0.705724  0.712503  0.656797  0.631581  0.818339  0.735913  0.774052  0.832158  0.646155  0.822280 
33  0.703956  0.626104  0.653315  0.570249  0.726941  0.786383  0.574460  0.744697  0.718644  0.885335  0.543293  0.814885  0.731953  0.894797  0.579908  0.811619  0.797355  0.736337  0.775744  0.710010  0.573076  0.904586  0.603738  0.732791  0.861622  0.671197  0.807814  0.630359  0.671517  0.660794  0.745700  0.747772  0.708288 0.0  0.720112  0.644531  0.694787  0.388789  0.754706  0.702492  0.705079  0.780446  0.764838  0.584706  0.621795  0.657199  0.752319  0.660162  0.717435  0.754480  0.664733  0.735835  0.781669  0.662628  0.854021  0.671020  0.617377  0.688940  0.622138  0.668085  0.697897  0.732161  0.614836  0.809154  0.833989  0.945139  0.653714  0.726203  0.645657  0.566738  0.796271  0.661568  0.698984  0.698151  0.771622  0.730104  0.736176  0.647211  0.843145  0.745744  0.712155  0.583055  0.599317  0.765212  0.728717  0.733919  0.768399  0.733674  0.819996 
34  0.664100  0.719655  0.752825  0.685855  0.667860  0.342120  0.763193  0.690007  0.715878  0.731519  0.774178  0.534420  0.745767  0.572698  0.719463  0.333970  0.810559  0.465203  0.483068  0.444254  0.700352  0.603270  0.590816  0.515312  0.558552  0.446414  0.858126  0.317346  0.732050  0.681394  0.748846  0.589074  0.786573  0.720112 0.0  0.533811  0.664852  0.703985  0.724391  0.722252  0.795992  0.710948  0.712197  0.734794  0.689256  0.625081  0.462737  0.624488  0.593424  0.518250  0.688027  0.670929  0.655714  0.901924  0.796490  0.765859  0.666861  0.316302  0.632417  0.660121  0.622667  0.763241  0.304892  0.685163  0.653768  0.805709  0.818125  0.649219  0.747693  0.721543  0.616911  0.123417  0.732240  0.396175  0.653485  0.348844  0.757244  0.518755  0.470558  0.307314  0.199844  0.673100  0.683665  0.774789  0.726266  0.402144  0.746566  0.821208  0.639823 
35  0.772882  0.741183  0.796162  0.688893  0.672023  0.639309  0.836619  0.763020  0.808718  0.703532  0.703011  0.323449  0.814425  0.465757  0.742818  0.517849  0.834409  0.569510  0.565016  0.617010  0.702314  0.606903  0.764915  0.654512  0.558503  0.425087  0.874515  0.498111  0.720960  0.833910  0.783014  0.700104  0.835262  0.644531  0.533811 0.0  0.600304  0.690139  0.742874  0.786739  0.812492  0.679304  0.649441  0.767200  0.773940  0.687408  0.583879  0.744970  0.658911  0.203841  0.733854  0.779070  0.621967  0.899652  0.501872  0.734497  0.702849  0.593408  0.586486  0.725968  0.812545  0.784370  0.493761  0.708228  0.694011  0.671769  0.898025  0.787520  0.673981  0.848168  0.533561  0.683412  0.631291  0.422942  0.728002  0.520957  0.632191  0.596985  0.413877  0.494061  0.432548  0.648456  0.562408  0.608129  0.784198  0.551584  0.689949  0.770316  0.402500 
36  0.769522  0.889048  0.726703  0.837591  0.687427  0.618674  0.910019  0.836651  0.874329  0.511086  0.754980  0.696745  0.777900  0.581315  0.744774  0.828549  0.905117  0.656724  0.867770  0.729697  0.879220  0.501809  0.782118  0.694531  0.478183  0.550511  0.840919  0.648405  0.314126  0.800497  0.782229  0.723022  0.756111  0.694787  0.664852  0.600304 0.0  0.790896  0.798674  0.709331  0.866875  0.765694  0.318245  0.819296  0.743101  0.748093  0.690583  0.885863  0.785174  0.689088  0.747443  0.743224  0.795048  0.825097  0.481256  0.793990  0.864311  0.712960  0.736161  0.770913  0.784683  0.804266  0.708364  0.329600  0.692436  0.402433  0.832707  0.882230  0.751755  0.844037  0.323352  0.692388  0.436566  0.695925  0.738138  0.705325  0.580958  0.642315  0.615504  0.614349  0.738416  0.771295  0.738997  0.253372  0.400027  0.687702  0.348441  0.853539  0.247449 
37  0.687770  0.701951  0.597475  0.642244  0.661297  0.702498  0.713608  0.654383  0.663324  0.752052  0.594483  0.764393  0.743835  0.682331  0.661232  0.760574  0.717908  0.771992  0.656831  0.832118  0.581240  0.653722  0.586631  0.674836  0.872162  0.624621  0.821257  0.757051  0.809752  0.683997  0.644863  0.545930  0.730525  0.388789  0.703985  0.690139  0.790896 0.0  0.732990  0.811826  0.693799  0.829301  0.727710  0.781900  0.789003  0.563013  0.677237  0.614075  0.623184  0.654637  0.639379  0.621856  0.665861  0.722854  0.739890  0.740682  0.578696  0.673183  0.781470  0.622580  0.703373  0.654948  0.647541  0.751524  0.824201  0.808753  0.659782  0.639689  0.600561  0.541202  0.857918  0.708896  0.801247  0.646005  0.776937  0.587882  0.733629  0.608027  0.677898  0.694548  0.675686  0.540518  0.662664  0.770739  0.761172  0.630841  0.819285  0.780636  0.868162 
38  0.502438  0.607626  0.594527  0.570439  0.613989  0.562297  0.634877  0.513580  0.661505  0.815549  0.683422  0.627034  0.592390  0.739826  0.485726  0.547515  0.821190  0.695401  0.415864  0.598257  0.538379  0.829114  0.644554  0.539922  0.825790  0.762666  0.877257  0.547439  0.780491  0.672085  0.706111  0.588900  0.590535  0.754706  0.724391  0.742874  0.798674  0.732990 0.0  0.669684  0.682809  0.695943  0.859879  0.650533  0.485737  0.719725  0.636775  0.641599  0.564503  0.657695  0.574938  0.444034  0.525994  0.820616  0.743595  0.644345  0.638347  0.648907  0.525711  0.574119  0.438171  0.603233  0.669835  0.782810  0.814351  0.788265  0.657421  0.293318  0.717545  0.720213  0.803155  0.648408  0.688748  0.616959  0.458548  0.657827  0.667398  0.549384  0.814016  0.697298  0.692521  0.678403  0.693486  0.809117  0.811854  0.629210  0.745498  0.642006  0.672109 
39  0.718103  0.740939  0.721794  0.753443  0.680961  0.870709  0.764729  0.728794  0.643793  0.834684  0.738524  0.755282  0.573888  0.888101  0.754440  0.714787  0.890075  0.895118  0.772269  0.828669  0.789433  0.839695  0.749296  0.812419  0.959817  0.924264  0.923674  0.830132  0.962932  0.669321  0.681225  0.793471  0.675715  0.702492  0.722252  0.786739  0.709331  0.811826  0.669684 0.0  0.685212  0.702527  0.786434  0.626355  0.683767  0.735700  0.776624  0.711763  0.621213  0.853918  0.801246  0.735963  0.803621  0.859153  0.830909  0.692645  0.854160  0.814955  0.845325  0.782145  0.799881  0.732505  0.868084  0.935306  0.819238  0.868655  0.794644  0.667878  0.671333  0.781375  0.784809  0.807345  0.839685  0.811130  0.879047  0.915539  0.819975  0.689279  0.791288  0.813366  0.785231  0.748217  0.817184  0.849560  0.836399  0.725173  0.930526  0.754721  0.757579 
40  0.594147  0.529878  0.814511  0.677158  0.660592  0.734550  0.587458  0.595090  0.586813  0.890924  0.747073  0.809537  0.347577  0.890631  0.703953  0.658911  0.807508  0.786331  0.733944  0.790169  0.730344  0.789130  0.658865  0.812309  0.908433  0.803070  0.846274  0.813230  0.771429  0.564110  0.781985  0.679324  0.505633  0.705079  0.795992  0.812492  0.866875  0.693799  0.682809  0.685212 0.0  0.413996  0.935420  0.543617  0.556030  0.689181  0.740509  0.755276  0.729696  0.742590  0.808158  0.737107  0.617688  0.760375  0.774728  0.672142  0.692075  0.763670  0.630712  0.665966  0.721809  0.583241  0.749235  0.684671  0.976893  0.772211  0.716652  0.553264  0.629114  0.832212  0.779383  0.680324  0.852357  0.937369  0.703664  0.781440  0.815942  0.689637  0.808791  0.646774  0.830783  0.837475  0.765779  0.937608  0.793271  0.757197  0.816270  0.666434  0.851618 
41  0.684940  0.619981  0.699390  0.746171  0.792483  0.758973  0.832788  0.670201  0.566156  0.935835  0.720141  0.824034  0.420507  0.825614  0.607706  0.732612  0.814080  0.751291  0.635943  0.753270  0.662098  0.748916  0.762612  0.566966  0.886357  0.687939  0.851159  0.744961  0.822527  0.622832  0.603907  0.736681  0.275564  0.780446  0.710948  0.679304  0.765694  0.829301  0.695943  0.702527  0.413996 0.0  0.732728  0.441542  0.675880  0.623635  0.746921  0.613293  0.671357  0.817721  0.680699  0.688960  0.592514  0.879221  0.830680  0.736989  0.677876  0.732509  0.726068  0.737375  0.694703  0.800370  0.746635  1.000000  0.776177  0.914665  0.777803  0.607505  0.747130  0.795005  0.841851  0.759086  0.701925  0.815394  0.652238  0.735565  0.849129  0.748351  0.684613  0.792612  0.735014  0.721647  0.768252  0.836286  0.773443  0.914608  0.709853  0.760965  0.739768 
42  0.882403  0.852237  0.885375  0.743434  0.756633  0.609671  0.841095  0.801998  0.840526  0.442869  0.823258  0.694370  0.791336  0.656390  0.658107  0.747303  0.840726  0.690978  0.749452  0.679222  0.761671  0.610858  0.761307  0.695141  0.493213  0.746190  0.889041  0.623002  0.605749  0.917021  0.783734  0.781217  0.715295  0.764838  0.712197  0.649441  0.318245  0.727710  0.859879  0.786434  0.935420  0.732728 0.0  0.807315  0.979871  0.813831  0.656714  0.783628  0.698643  0.659515  0.814442  0.712378  0.927579  0.820544  0.497239  0.866346  0.832510  0.687496  0.764662  0.741780  0.676814  0.755228  0.614116  0.610773  0.499572  0.520666  0.829249  0.785417  0.819911  0.832170  0.506747  0.678810  0.369595  0.664176  0.677408  0.732149  0.649094  0.817726  0.596626  0.796185  0.701753  0.786489  0.803051  0.541738  0.461452  0.752342  0.430545  0.889388  0.449722 
43  0.758535  0.425820  0.646705  0.555553  0.615876  0.786290  0.710277  0.635653  0.504090  0.809434  0.776452  0.932902  0.493873  0.703793  0.711886  0.808987  0.783066  0.707970  0.651312  0.865002  0.620785  0.931695  0.844866  0.775064  0.725622  0.752855  0.764848  0.726804  0.785569  0.572519  0.663810  0.625451  0.439647  0.584706  0.734794  0.767200  0.819296  0.781900  0.650533  0.626355  0.543617  0.441542  0.807315 0.0  0.577548  0.609246  0.751348  0.685536  0.715864  0.807899  0.643697  0.631351  0.596969  0.808026  0.847618  0.533190  0.653270  0.873117  0.614740  0.631910  0.676378  0.713646  0.685402  0.831497  0.936177  0.817453  0.651768  0.659203  0.659655  0.788745  0.913094  0.819550  0.980744  0.821323  0.515570  0.795058  0.692246  0.722482  0.636831  0.845236  0.757337  0.717161  0.623153  0.917751  0.754166  0.755923  0.703049  0.724208  0.840360 
44  0.523786  0.649339  0.673361  0.561304  0.588003  0.635746  0.624301  0.341800  0.736042  0.786089  0.786287  0.808481  0.523927  0.775219  0.429330  0.620925  0.725509  0.704455  0.639928  0.680947  0.686782  0.891855  0.640803  0.535846  0.788559  0.642384  0.672038  0.579798  0.754141  0.623487  0.666133  0.690371  0.682426  0.621795  0.689256  0.773940  0.743101  0.789003  0.485737  0.683767  0.556030  0.675880  0.979871  0.577548 0.0  0.669778  0.631249  0.674541  0.461803  0.830662  0.702918  0.603900  0.346911  0.826590  0.647835  0.513921  0.482998  0.735361  0.592058  0.509661  0.669205  0.725762  0.688158  0.726149  0.877943  0.854361  0.718323  0.377718  0.757311  0.783976  0.872062  0.715354  0.749169  0.616633  0.419704  0.615228  0.677655  0.709377  0.732776  0.709816  0.717427  0.713144  0.831077  0.753861  0.758025  0.759023  0.859260  0.753267  0.813066 
