89
0 0.0  0.602026  0.589358  0.370143  0.420018  0.678474  0.647028  0.471422  0.661781  0.746240  0.482178  0.701454  0.564092  0.683073  0.241310  0.738404  0.766198  0.665015  0.564486  0.641826  0.456269  0.792878  0.521464  0.576051  0.821362  0.704198  0.851995  0.724055  0.837126  0.622250  0.516956  0.487532  0.642998  0.740079  0.781708  0.651675  0.821515  0.639497  0.346192  0.520110  0.643830  0.640977  0.764634  0.674640  0.577997  0.520963  0.587899  0.638240  0.361365  0.700905  0.560784  0.359020  0.496056  0.816025  0.711247  0.592966  0.568803  0.718587  0.311001  0.022690  0.459879  0.579358  0.672217  0.775137  0.812738  0.694684  0.639701  0.497447  0.509019  0.683728  0.774999  0.554459  0.729551  0.688806  0.344465  0.628215  0.722143  0.476977  0.603245  0.732375  0.693009  0.659499  0.625195  0.849702  0.729921  0.709342  0.862040  0.607138  0.754826 
1  0.602026 0.0  0.613885  0.638852  0.678239  0.689649  0.660868  0.743426  0.480420  0.866430  0.606744  0.698094  0.504075  0.783102  0.601123  0.691029  0.644762  0.765447  0.668967  0.621094  0.705820  0.832469  0.605190  0.612652  0.811101  0.778778  0.697495  0.682341  0.812988  0.322079  0.410877  0.671909  0.587261  0.720869  0.763953  0.766356  0.855257  0.644364  0.565425  0.623144  0.649392  0.531736  0.849656  0.523807  0.572996  0.543978  0.755709  0.517154  0.593115  0.746577  0.756313  0.693393  0.629262  0.711686  0.737326  0.502754  0.755318  0.717198  0.734925  0.646802  0.626811  0.560902  0.730425  0.775558  0.927484  0.780674  0.603706  0.739786  0.687256  0.529970  0.829297  0.806731  0.771087  0.810357  0.548164  0.636126  0.847936  0.602465  0.760173  0.734276  0.784674  0.626624  0.670040  0.769360  0.909157  0.760260  0.864307  0.591889  0.798866 
2  0.589358  0.613885 0.0  0.574700  0.591901  0.739039  0.430294  0.763960  0.558197  0.686385  0.491314  0.796642  0.782687  0.762084  0.518925  0.737868  0.827855  0.759663  0.622121  0.614432  0.485467  0.732908  0.556976  0.581928  0.739964  0.816164  0.789177  0.648122  0.855056  0.600173  0.368569  0.651676  0.714904  0.627907  0.700432  0.776002  0.863993  0.621127  0.672845  0.767940  0.758209  0.684444  0.821024  0.630876  0.646163  0.576685  0.681440  0.466213  0.553319  0.689891  0.518033  0.507853  0.453321  0.673824  0.800857  0.506771  0.599525  0.860887  0.602434  0.516910  0.421147  0.308464  0.654209  0.860805  0.825775  0.760950  0.578548  0.546385  0.501563  0.607830  0.724407  0.622115  0.685010  0.695406  0.589936  0.688787  0.801087  0.659261  0.817331  0.815370  0.630162  0.650175  0.781718  0.689595  0.866796  0.598019  0.765553  0.671093  0.731310 
3  0.370143  0.638852  0.574700 0.0  0.484380  0.679068  0.603378  0.596352  0.677196  0.905440  0.437676  0.659318  0.635470  0.645391  0.054052  0.560693  0.683453  0.638412  0.614587  0.614749  0.511873  0.818179  0.358131  0.530003  0.738576  0.759180  0.848127  0.637697  0.684580  0.702739  0.465430  0.549835  0.684691  0.678011  0.681213  0.644990  0.776604  0.659887  0.522579  0.789022  0.611002  0.629217  0.769306  0.682908  0.579385  0.582410  0.396380  0.514924  0.283746  0.810462  0.445396  0.350422  0.572202  0.705893  0.702879  0.681801  0.463177  0.709694  0.484228  0.355651  0.297169  0.666563  0.711066  0.814618  0.809102  0.857266  0.694715  0.484031  0.447684  0.665897  0.703005  0.584559  0.698727  0.667135  0.576860  0.616852  0.757126  0.538447  0.758640  0.698590  0.655320  0.644294  0.556372  0.741489  0.813973  0.691023  0.683848  0.691257  0.751570 
4  0.420018  0.678239  0.591901  0.484380 0.0  0.522437  0.663725  0.614594  0.686056  0.777282  0.372423  0.728371  0.628285  0.609999  0.417748  0.646229  0.792389  0.617002  0.548696  0.600704  0.421419  0.646457  0.279923  0.589466  0.725560  0.568219  0.840003  0.639969  0.808300  0.587518  0.460707  0.460259  0.733423  0.639893  0.724208  0.683451  0.788274  0.619397  0.505783  0.739471  0.696032  0.619046  0.892804  0.478919  0.541965  0.628244  0.605831  0.513099  0.494364  0.691363  0.548701  0.372901  0.593406  0.863241  0.790285  0.728292  0.422659  0.732858  0.483868  0.460493  0.372686  0.502519  0.610625  0.719305  0.765303  0.664914  0.661008  0.607843  0.573214  0.688257  0.721181  0.683863  0.835572  0.582553  0.467669  0.609554  0.769401  0.410388  0.725715  0.716827  0.645569  0.507380  0.526206  0.697673  0.696906  0.576080  0.718109  0.617229  0.711033 
5  0.678474  0.689649  0.739039  0.679068  0.522437 0.0  0.741849  0.610500  0.705466  0.754534  0.610766  0.611226  0.768170  0.561399  0.618111  0.231728  0.967452  0.316798  0.489724  0.229678  0.668977  0.704392  0.612819  0.550891  0.663456  0.498529  0.903303  0.423522  0.750493  0.741171  0.616567  0.740924  0.748631  0.724906  0.324825  0.518987  0.704738  0.700594  0.615235  0.737589  0.721233  0.741222  0.700426  0.667636  0.585071  0.647427  0.415664  0.702934  0.602864  0.588424  0.685682  0.687870  0.605706  0.835645  0.679198  0.751551  0.618117  0.405436  0.613188  0.688068  0.645460  0.760427  0.363969  0.745276  0.708882  0.716086  0.597429  0.593302  0.768253  0.728917  0.689119  0.359656  0.624279  0.491036  0.666949  0.371713  0.681998  0.521623  0.641412  0.399425  0.229733  0.577242  0.522941  0.678133  0.743405  0.494071  0.716700  0.673429  0.717782 
6  0.647028  0.660868  0.430294  0.603378  0.663725  0.741849 0.0  0.668653  0.599735  0.749066  0.680632  0.724398  0.556255  0.682580  0.544850  0.650129  0.801649  0.767934  0.650841  0.788301  0.527484  0.729511  0.543113  0.791761  0.781107  0.764066  0.774969  0.676715  0.878001  0.531829  0.479719  0.724432  0.714778  0.589678  0.687917  0.618895  0.770058  0.682886  0.637352  0.733445  0.612603  0.738581  0.860078  0.485198  0.653017  0.420535  0.759868  0.399093  0.519075  0.734574  0.642579  0.700580  0.648636  0.720168  0.813641  0.495770  0.613389  0.787293  0.683970  0.569665  0.592559  0.324514  0.655686  0.762900  0.794562  0.751449  0.549807  0.654509  0.548827  0.654011  0.785688  0.688397  0.723853  0.728774  0.654513  0.711085  0.741567  0.660172  0.848504  0.799319  0.629657  0.621044  0.620509  0.803447  0.765697  0.856672  0.885079  0.531048  0.711527 
7  0.471422  0.743426  0.763960  0.596352  0.614594  0.610500  0.668653 0.0  0.696821  0.731399  0.634261  0.591316  0.582694  0.739445  0.582400  0.693455  0.812091  0.709626  0.581198  0.641350  0.590294  0.768352  0.552511  0.560643  0.876116  0.655677  0.799942  0.624218  0.830659  0.629827  0.631202  0.658224  0.732765  0.658659  0.732003  0.687634  0.832477  0.841858  0.483454  0.764448  0.575983  0.672055  0.698779  0.606692  0.469032  0.676118  0.495749  0.630181  0.577177  0.652992  0.787343  0.594459  0.285576  0.838014  0.723684  0.675208  0.638018  0.681057  0.521108  0.587093  0.601869  0.578595  0.662473  0.755311  0.759925  0.681152  0.662522  0.423204  0.664920  0.705010  0.741931  0.670904  0.689701  0.602041  0.491366  0.661280  0.808614  0.554916  0.636893  0.686110  0.617887  0.618349  0.577826  0.741833  0.802544  0.717059  0.763881  0.683993  0.706236 
8  0.661781  0.480420  0.558197  0.677196  0.686056  0.705466  0.599735  0.696821 0.0  0.835247  0.683201  0.850173  0.585783  0.736804  0.636125  0.687540  0.779617  0.779415  0.752277  0.730716  0.716899  0.827909  0.793353  0.811973  0.742841  0.727232  0.757398  0.734104  0.854797  0.567834  0.665897  0.727004  0.575561  0.689421  0.746553  0.731452  0.856475  0.760567  0.685916  0.662679  0.533577  0.517519  0.854704  0.527106  0.687765  0.712178  0.692005  0.647274  0.639402  0.803667  0.782410  0.627076  0.725853  0.820477  0.856300  0.561806  0.563306  0.707258  0.608715  0.636965  0.708163  0.646480  0.742338  0.785782  0.900154  0.828446  0.684964  0.686523  0.611252  0.719639  0.801910  0.772609  0.791590  0.687866  0.699880  0.762317  0.779695  0.744347  0.728518  0.698433  0.675907  0.796600  0.756441  0.914163  0.896644  0.760196  0.883806  0.578618  0.875053 
9  0.746240  0.866430  0.686385  0.905440  0.777282  0.754534  0.749066  0.731399  0.835247 0.0  0.752070  0.684978  0.869005  0.640468  0.786698  0.763618  0.890062  0.737852  0.744259  0.768439  0.754200  0.597823  0.768609  0.806494  0.548453  0.595035  0.892789  0.734207  0.661181  0.781706  0.688981  0.792673  0.702384  0.893518  0.650562  0.609751  0.543673  0.716294  0.776410  0.941329  0.734133  0.869371  0.459036  0.825531  0.854507  0.832672  0.702039  0.816214  0.894168  0.610430  0.837559  0.801400  0.617667  0.850878  0.621889  0.824028  0.726190  0.673000  0.743536  0.795112  0.784861  0.712647  0.690607  0.547255  0.139569  0.424025  0.860886  0.786046  0.767314  0.859621  0.563612  0.726684  0.572671  0.626500  0.806518  0.763271  0.616676  0.787912  0.683535  0.764715  0.753616  0.734321  0.778807  0.499087  0.482865  0.760138  0.509716  0.776688  0.605673 
10  0.482178  0.606744  0.491314  0.437676  0.372423  0.610766  0.680632  0.634261  0.683201  0.752070 0.0  0.637707  0.620779  0.705385  0.442994  0.627712  0.819269  0.706009  0.627217  0.636976  0.398667  0.688016  0.300676  0.500063  0.849284  0.661482  0.808398  0.637650  0.764942  0.637625  0.611153  0.490926  0.717390  0.612517  0.677707  0.707649  0.783428  0.614733  0.505703  0.786654  0.691029  0.715983  0.760635  0.594652  0.522877  0.620302  0.644264  0.554916  0.523105  0.713250  0.399709  0.531226  0.605556  0.739017  0.832449  0.652277  0.051788  0.750489  0.603546  0.515346  0.444179  0.528351  0.592350  0.800413  0.766164  0.740002  0.591829  0.608371  0.430257  0.654120  0.780698  0.562721  0.780399  0.716814  0.628015  0.715464  0.672618  0.593422  0.575996  0.680066  0.641634  0.587532  0.520646  0.742956  0.700526  0.640949  0.734988  0.718464  0.828710 
11  0.701454  0.698094  0.796642  0.659318  0.728371  0.611226  0.724398  0.591316  0.850173  0.684978  0.637707 0.0  0.702946  0.605462  0.659406  0.444755  0.789485  0.414670  0.627400  0.509490  0.694265  0.492310  0.724579  0.748827  0.723055  0.257805  0.815285  0.515449  0.635740  0.747372  0.779604  0.576323  0.868756  0.702078  0.485633  0.290956  0.598719  0.800926  0.640347  0.738068  0.647481  0.713274  0.590842  0.722790  0.713865  0.846474  0.579376  0.731482  0.668755  0.281847  0.688951  0.679678  0.599490  0.761440  0.530183  0.795386  0.716553  0.534496  0.703186  0.638599  0.662597  0.767381  0.474542  0.556692  0.691081  0.698981  0.723636  0.646321  0.752323  0.782385  0.619644  0.500723  0.690537  0.427414  0.663363  0.625724  0.671249  0.635887  0.171808  0.436557  0.471325  0.629774  0.610169  0.814885  0.713817  0.403954  0.635869  0.786172  0.575897 
12  0.564092  0.504075  0.782687  0.635470  0.628285  0.768170  0.556255  0.582694  0.585783  0.869005  0.620779  0.702946 0.0  0.758222  0.601995  0.798819  0.809350  0.636782  0.639207  0.642150  0.616467  0.802471  0.537390  0.744576  0.791633  0.794774  0.658311  0.817990  0.804655  0.646140  0.561917  0.699645  0.374311  0.794868  0.720291  0.816597  0.703289  0.773043  0.552624  0.664307  0.650815  0.459559  0.811179  0.504631  0.553261  0.713194  0.707436  0.548786  0.582739  0.614268  0.582719  0.538465  0.583692  0.756400  0.762936  0.527481  0.706052  0.753328  0.602918  0.725775  0.657866  0.673975  0.611837  0.780173  0.850954  0.756428  0.604534  0.615510  0.633610  0.719996  0.716289  0.781727  0.817208  0.695354  0.584159  0.757230  0.814371  0.611922  0.773754  0.726322  0.756927  0.660086  0.738572  0.870874  0.844233  0.793230  0.857098  0.566758  0.672279 
13  0.683073  0.783102  0.762084  0.645391  0.609999  0.561399  0.682580  0.739445  0.736804  0.640468  0.705385  0.605462  0.758222 0.0  0.739021  0.533682  0.897787  0.518001  0.692910  0.711516  0.719753  0.227842  0.767709  0.691033  0.591205  0.533145  0.865090  0.610763  0.450427  0.744730  0.654764  0.676158  0.803973  0.740988  0.737554  0.503663  0.436603  0.827707  0.747679  0.812094  0.728287  0.794092  0.527705  0.848776  0.813663  0.809932  0.715744  0.748756  0.740144  0.511806  0.746966  0.667287  0.713015  0.854698  0.365151  0.685961  0.752382  0.610442  0.740232  0.744208  0.796353  0.795215  0.727947  0.496841  0.637426  0.679259  0.785438  0.847237  0.787791  0.741972  0.359553  0.660632  0.485517  0.543329  0.741807  0.587742  0.537296  0.822100  0.482434  0.592123  0.702100  0.618412  0.737744  0.538706  0.541504  0.587124  0.619766  0.758131  0.540663 
14  0.241310  0.601123  0.518925  0.054052  0.417748  0.618111  0.544850  0.582400  0.636125  0.786698  0.442994  0.659406  0.601995  0.739021 0.0  0.686375  0.789196  0.608860  0.515483  0.555982  0.489143  0.760677  0.397128  0.591638  0.757765  0.652699  0.921821  0.651631  0.728403  0.699151  0.491391  0.576918  0.679267  0.635952  0.630953  0.643214  0.745702  0.717879  0.462350  0.780451  0.799124  0.610434  0.679885  0.501851  0.575864  0.613741  0.542269  0.569644  0.163639  0.652982  0.490237  0.412191  0.660059  0.756365  0.750243  0.569313  0.414307  0.657948  0.453755  0.265582  0.378467  0.531504  0.617967  0.799816  0.780551  0.644381  0.649654  0.492355  0.514460  0.700765  0.793741  0.678050  0.686757  0.717280  0.488053  0.673635  0.657425  0.516135  0.672808  0.625036  0.675517  0.690174  0.542273  0.746591  0.786615  0.745703  0.753999  0.720942  0.745714 
15  0.738404  0.691029  0.737868  0.560693  0.646229  0.231728  0.650129  0.693455  0.687540  0.763618  0.627712  0.444755  0.798819  0.533682  0.686375 0.0  0.803975  0.528114  0.580546  0.319751  0.707331  0.652136  0.665479  0.457113  0.739778  0.542301  0.807990  0.431673  0.673455  0.763008  0.797758  0.538101  0.711057  0.810452  0.379272  0.557065  0.745959  0.719730  0.667088  0.743140  0.687788  0.652816  0.719428  0.751695  0.688796  0.746774  0.449725  0.617500  0.564303  0.552915  0.656822  0.633070  0.650890  0.780455  0.675869  0.792713  0.800191  0.414507  0.618690  0.715173  0.745873  0.662848  0.382405  0.745832  0.754390  0.696093  0.757181  0.750648  0.688527  0.644586  0.428500  0.333226  0.624686  0.393886  0.763883  0.561635  0.596796  0.504099  0.540287  0.342020  0.138154  0.489174  0.532721  0.747736  0.732358  0.453470  0.692068  0.653907  0.623034 
16  0.766198  0.644762  0.827855  0.683453  0.792389  0.967452  0.801649  0.812091  0.779617  0.890062  0.819269  0.789485  0.809350  0.897787  0.789196  0.803975 0.0  0.835955  0.854166  0.842866  0.732528  1.000000  0.792962  0.797517  0.841032  0.934204  0.631281  0.740571  0.809601  0.714602  0.738323  0.807018  0.699100  0.744746  0.830440  0.782492  0.816877  0.750345  0.835723  0.865745  0.830348  0.755719  0.911938  0.730418  0.838876  0.730418  0.856312  0.710248  0.845580  0.847530  0.810597  0.917515  0.762477  0.823816  0.728341  0.660432  0.882554  0.910831  0.720758  0.689959  0.679953  0.716944  0.864901  0.840520  0.827143  0.892096  0.757577  0.830266  0.798794  0.667826  0.852821  0.899046  0.832232  0.817905  0.725298  0.891770  0.830618  0.793720  0.824215  0.868742  0.811824  0.841221  0.732359  0.961544  0.833336  0.901495  0.852138  0.796148  0.859588 
17  0.665015  0.765447  0.759663  0.638412  0.617002  0.316798  0.767934  0.709626  0.779415  0.737852  0.706009  0.414670  0.636782  0.518001  0.608860  0.528114  0.835955 0.0  0.538505  0.489889  0.636003  0.555484  0.750153  0.518412  0.727450  0.331905  0.799587  0.455152  0.554666  0.787013  0.674389  0.582309  0.751058  0.645002  0.439286  0.370688  0.659307  0.789934  0.693030  0.763595  0.836964  0.759718  0.651979  0.919992  0.663719  0.793187  0.573463  0.683037  0.701704  0.454118  0.658857  0.609400  0.515840  0.845680  0.561744  0.794706  0.792603  0.406475  0.636889  0.749563  0.748707  0.699474  0.400833  0.607559  0.666047  0.715079  0.680176  0.658761  0.692112  0.785428  0.537040  0.456605  0.739110  0.362811  0.702438  0.593865  0.610139  0.672552  0.376716  0.483981  0.341978  0.694797  0.665771  0.702600  0.680275  0.377120  0.644010  0.734540  0.660220 
18  0.564486  0.668967  0.622121  0.614587  0.548696  0.489724  0.650841  0.581198  0.752277  0.744259  0.627217  0.627400  0.639207  0.692910  0.515483  0.580546  0.854166  0.538505 0.0  0.394246  0.773840  0.756476  0.489534  0.218528  0.774518  0.641220  0.793796  0.656782  0.707921  0.685260  0.659825  0.276336  0.721759  0.652540  0.483621  0.736460  0.698532  0.678703  0.639572  0.718242  0.764278  0.612771  0.698090  0.752704  0.486836  0.645156  0.488056  0.682661  0.429936  0.737325  0.668545  0.620915  0.521209  0.930022  0.731646  0.636826  0.505596  0.572931  0.602480  0.611263  0.582211  0.561578  0.576080  0.731168  0.801484  0.734620  0.650198  0.547131  0.761858  0.723166  0.664412  0.425595  0.809948  0.548855  0.501985  0.462539  0.706145  0.423313  0.612533  0.457332  0.547436  0.573877  0.592105  0.680939  0.682303  0.613499  0.641288  0.787402  0.775363 
19  0.641826  0.621094  0.614432  0.614749  0.600704  0.229678  0.788301  0.641350  0.730716  0.768439  0.636976  0.509490  0.642150  0.711516  0.555982  0.319751  0.842866  0.489889  0.394246 0.0  0.650118  0.653100  0.702861  0.545397  0.768683  0.552171  0.911858  0.501181  0.640558  0.706159  0.570472  0.423042  0.783815  0.602654  0.375079  0.555650  0.612917  0.706402  0.627629  0.807971  0.740127  0.738690  0.703743  0.771798  0.690594  0.661159  0.296909  0.716418  0.593270  0.597357  0.632403  0.567438  0.724331  0.759043  0.689979  0.682943  0.671418  0.422496  0.602207  0.656061  0.658273  0.642460  0.493717  0.690279  0.652038  0.774583  0.708271  0.582114  0.651246  0.722260  0.605006  0.432825  0.666819  0.520743  0.536525  0.400245  0.689676  0.535881  0.608827  0.490785  0.359265  0.489648  0.535705  0.701388  0.706931  0.461953  0.740094  0.793424  0.810502 
20  0.456269  0.705820  0.485467  0.511873  0.421419  0.668977  0.527484  0.590294  0.716899  0.754200  0.398667  0.694265  0.616467  0.719753  0.489143  0.707331  0.732528  0.636003  0.773840  0.650118 0.0  0.725274  0.469096  0.630606  0.730153  0.602944  0.757697  0.682240  0.810905  0.591379  0.623326  0.500642  0.610577  0.413535  0.685744  0.869656  0.760478  0.443791  0.625095  0.688937  0.607693  0.686493  0.827046  0.725719  0.592842  0.485334  0.663918  0.532184  0.610218  0.749669  0.308642  0.627011  0.694429  0.821474  0.783621  0.515444  0.371938  0.624831  0.450824  0.430199  0.360846  0.522686  0.636765  0.705220  0.715330  0.886897  0.593159  0.547222  0.409218  0.658480  0.705549  0.701186  0.783759  0.607625  0.580239  0.699418  0.786992  0.630999  0.678681  0.645024  0.730710  0.556360  0.539661  0.672851  0.873295  0.749293  0.818045  0.652022  0.804535 
21  0.792878  0.832469  0.732908  0.818179  0.646457  0.704392  0.729511  0.768352  0.827909  0.597823  0.688016  0.492310  0.802471  0.227842  0.760677  0.652136  1.000000  0.555484  0.756476  0.653100  0.725274 0.0  0.619284  0.678499  0.539091  0.534628  0.887916  0.738469  0.371258  0.734037  0.711685  0.719785  0.806081  0.820330  0.646574  0.614206  0.402599  0.734124  0.777369  0.774702  0.762822  0.848036  0.582578  0.753928  0.758227  0.781839  0.627642  0.818708  0.725073  0.515233  0.706740  0.702266  0.748035  0.808268  0.112982  0.889619  0.747154  0.569227  0.673156  0.584523  0.771939  0.744801  0.613324  0.511073  0.573205  0.444742  0.798354  0.889324  0.700078  0.795880  0.364363  0.545015  0.460954  0.601353  0.770532  0.599143  0.507692  0.694707  0.603147  0.670404  0.606701  0.686795  0.826520  0.450748  0.597010  0.591808  0.549932  0.884060  0.481889 
22  0.521464  0.605190  0.556976  0.358131  0.279923  0.612819  0.543113  0.552511  0.793353  0.768609  0.300676  0.724579  0.537390  0.767709  0.397128  0.665479  0.792962  0.750153  0.489534  0.702861  0.469096  0.619284 0.0  0.568041  0.719855  0.652884  0.858480  0.682099  0.602049  0.675843  0.500883  0.558640  0.678455  0.705754  0.567438  0.674086  0.669866  0.585124  0.702807  0.721315  0.877644  0.698895  0.780028  0.695528  0.626275  0.628017  0.578382  0.480068  0.283731  0.768241  0.332792  0.517001  0.620089  0.662017  0.840849  0.607605  0.270146  0.764034  0.504403  0.512617  0.424299  0.627511  0.650988  0.789049  0.785880  0.810528  0.663208  0.593314  0.508496  0.780932  0.624365  0.639498  0.671489  0.675776  0.594925  0.740857  0.725388  0.422695  0.686048  0.707925  0.747947  0.565991  0.555245  0.599196  0.738241  0.772961  0.825149  0.707457  0.819457 
23  0.576051  0.612652  0.581928  0.530003  0.589466  0.550891  0.791761  0.560643  0.811973  0.806494  0.500063  0.748827  0.744576  0.691033  0.591638  0.457113  0.797517  0.518412  0.218528  0.545397  0.630606  0.678499  0.568041 0.0  0.735864  0.551173  0.847216  0.556654  0.651281  0.706746  0.564080  0.341673  0.646931  0.660980  0.525552  0.668287  0.780244  0.644468  0.376706  0.873019  0.654171  0.716326  0.755045  0.696868  0.652950  0.735384  0.510297  0.554450  0.604426  0.687075  0.602959  0.602769  0.531030  0.717964  0.740794  0.627166  0.538506  0.539212  0.473969  0.484562  0.520808  0.709249  0.438512  0.811878  0.740161  0.798637  0.743255  0.522524  0.583492  0.650295  0.557657  0.609150  0.751630  0.533805  0.665217  0.501742  0.752619  0.439116  0.587046  0.573049  0.601533  0.515822  0.584524  0.756402  0.802456  0.615443  0.805326  0.727784  0.667076 
24  0.821362  0.811101  0.739964  0.738576  0.725560  0.663456  0.781107  0.876116  0.742841  0.548453  0.849284  0.723055  0.791633  0.591205  0.757765  0.739778  0.841032  0.727450  0.774518  0.768683  0.730153  0.539091  0.719855  0.735864 0.0  0.728740  0.811529  0.722532  0.511443  0.814731  0.722774  0.753141  0.842534  0.831974  0.782419  0.540227  0.412500  0.845586  0.799973  0.839036  0.813023  0.819047  0.493268  0.832865  0.742878  0.759477  0.755524  0.672830  0.702858  0.599482  0.665589  0.794109  0.765477  0.940402  0.585036  0.727510  0.620733  0.718405  0.742972  0.648095  0.859224  0.821209  0.719272  0.429287  0.543971  0.204912  0.778984  0.774974  0.724582  0.777237  0.494104  0.694256  0.394052  0.703153  0.815172  0.706730  0.553591  0.704163  0.583386  0.712521  0.634916  0.705057  0.710649  0.269716  0.047657  0.649232  0.360876  0.866919  0.331270 
25  0.704198  0.778778  0.816164  0.759180  0.568219  0.498529  0.764066  0.655677  0.727232  0.595035  0.661482  0.257805  0.794774  0.533145  0.652699  0.542301  0.934204  0.331905  0.641220  0.552171  0.602944  0.534628  0.652884  0.551173  0.728740 0.0  0.828276  0.405296  0.606947  0.898233  0.658574  0.639960  0.719080  0.711034  0.488915  0.438549  0.684815  0.675259  0.639923  0.885004  0.719033  0.640052  0.684466  0.741247  0.819385  0.757017  0.527835  0.621664  0.674103  0.365502  0.721084  0.720243  0.714725  0.881527  0.649673  0.678627  0.731143  0.478132  0.713914  0.740255  0.771643  0.674565  0.515049  0.603829  0.721233  0.764638  0.594063  0.671225  0.660722  0.757224  0.600851  0.586780  0.651950  0.241593  0.719598  0.494968  0.532807  0.632948  0.235717  0.401319  0.371355  0.642362  0.771138  0.659138  0.697058  0.441683  0.641361  0.725943  0.554647 
26  0.851995  0.697495  0.789177  0.848127  0.840003  0.903303  0.774969  0.799942  0.757398  0.892789  0.808398  0.815285  0.658311  0.865090  0.921821  0.807990  0.631281  0.799587  0.793796  0.911858  0.757697  0.887916  0.858480  0.847216  0.811529  0.828276 0.0  0.965755  0.853211  0.735562  0.794298  0.842757  0.774477  0.758724  0.773499  0.851760  0.872541  0.819405  0.843532  0.777083  0.785943  0.876886  0.901682  0.776735  0.774218  0.783680  0.921028  0.842426  0.762379  0.870228  0.809406  0.773052  0.795444  0.673201  0.868992  0.730885  0.805952  0.818554  0.828509  0.811451  0.776686  0.833039  0.879745  0.824543  0.851413  0.914377  0.620805  0.839862  0.812569  0.892492  0.897671  0.847406  0.866722  0.806281  0.752103  0.835886  0.936913  0.820125  0.897941  0.848917  0.819619  0.760918  0.853786  0.828713  0.972251  0.806578  0.947275  0.768349  0.899621 
27  0.724055  0.682341  0.648122  0.637697  0.639969  0.423522  0.676715  0.624218  0.734104  0.734207  0.637650  0.515449  0.817990  0.610763  0.651631  0.431673  0.740571  0.455152  0.656782  0.501181  0.682240  0.738469  0.682099  0.556654  0.722532  0.405296  0.965755 0.0  0.656923  0.679735  0.726401  0.614928  0.717668  0.766875  0.350936  0.438466  0.572438  0.747393  0.558750  0.774546  0.759876  0.793022  0.648789  0.613083  0.619068  0.727971  0.461727  0.853879  0.625193  0.546439  0.724443  0.561514  0.743084  0.835678  0.643713  0.843250  0.574601  0.170428  0.639725  0.703806  0.682058  0.660245  0.055249  0.611142  0.662011  0.710766  0.686537  0.591169  0.611318  0.818426  0.525764  0.367239  0.625623  0.496131  0.738170  0.420947  0.654203  0.546763  0.466404  0.281542  0.172670  0.605497  0.567695  0.660159  0.689393  0.393825  0.749731  0.751301  0.730692 
28  0.837126  0.812988  0.855056  0.684580  0.808300  0.750493  0.878001  0.830659  0.854797  0.661181  0.764942  0.635740  0.804655  0.450427  0.728403  0.673455  0.809601  0.554666  0.707921  0.640558  0.810905  0.371258  0.602049  0.651281  0.511443  0.606947  0.853211  0.656923 0.0  0.793093  0.859786  0.715319  0.953697  0.829968  0.624331  0.625337  0.342069  0.735614  0.718874  0.762233  0.712337  0.809873  0.532019  0.915614  0.720658  0.826387  0.729143  0.764353  0.804205  0.604027  0.638996  0.840283  0.696809  0.798216  0.347081  0.851277  0.728783  0.660799  0.681030  0.763676  0.770859  0.819993  0.648647  0.369906  0.590175  0.547544  0.729410  0.758639  0.687607  0.744748  0.435662  0.504136  0.420330  0.660745  0.885157  0.682915  0.459728  0.721454  0.605089  0.639203  0.538838  0.740211  0.676648  0.503396  0.440920  0.567159  0.491631  0.781821  0.337241 
29  0.622250  0.322079  0.600173  0.702739  0.587518  0.741171  0.531829  0.629827  0.567834  0.781706  0.637625  0.747372  0.646140  0.744730  0.699151  0.763008  0.714602  0.787013  0.685260  0.706159  0.591379  0.734037  0.675843  0.706746  0.814731  0.898233  0.735562  0.679735  0.793093 0.0  0.494169  0.732595  0.642155  0.720009  0.744138  0.801478  0.903248  0.686537  0.637742  0.633744  0.529034  0.546505  0.859393  0.561132  0.712720  0.486352  0.646133  0.540388  0.694935  0.789118  0.713177  0.753826  0.621766  0.800809  0.743179  0.472952  0.641040  0.737958  0.607050  0.646729  0.642958  0.730570  0.804743  0.754316  0.871182  0.803567  0.633991  0.583378  0.605010  0.752968  0.798884  0.785147  0.836490  0.795133  0.731327  0.824356  0.836773  0.751977  0.728570  0.804970  0.792745  0.684405  0.724913  0.935412  0.742924  0.824265  0.774093  0.621824  0.835267 
30  0.516956  0.410877  0.368569  0.465430  0.460707  0.616567  0.479719  0.631202  0.665897  0.688981  0.611153  0.779604  0.561917  0.654764  0.491391  0.797758  0.738323  0.674389  0.659825  0.570472  0.623326  0.711685  0.500883  0.564080  0.722774  0.658574  0.794298  0.726401  0.859786  0.494169 0.0  0.672589  0.562108  0.648655  0.844688  0.730643  0.828016  0.746044  0.572309  0.684109  0.662625  0.615277  0.758907  0.701987  0.573406  0.547091  0.747192  0.401994  0.402692  0.747482  0.462623  0.491740  0.707308  0.691114  0.813586  0.381263  0.521636  0.796958  0.568115  0.431211  0.540176  0.394976  0.713642  0.767737  0.840475  0.866906  0.638418  0.530691  0.449294  0.632712  0.729059  0.672081  0.744175  0.687854  0.533903  0.656776  0.765381  0.671608  0.695542  0.713711  0.637031  0.719969  0.690294  0.723579  0.722744  0.656918  0.828990  0.641856  0.773812 
31  0.487532  0.671909  0.651676  0.549835  0.460259  0.740924  0.724432  0.658224  0.727004  0.792673  0.490926  0.576323  0.699645  0.676158  0.576918  0.538101  0.807018  0.582309  0.276336  0.423042  0.500642  0.719785  0.558640  0.341673  0.753141  0.639960  0.842757  0.614928  0.715319  0.732595  0.672589 0.0  0.627600  0.670449  0.557841  0.612776  0.609158  0.648466  0.428832  0.685959  0.700980  0.650612  0.644356  0.691526  0.568200  0.592319  0.475751  0.633643  0.493901  0.622370  0.575241  0.482141  0.540892  0.858310  0.716135  0.642010  0.560253  0.678567  0.512054  0.579269  0.505422  0.622006  0.623856  0.672815  0.811427  0.908705  0.592159  0.561496  0.613912  0.790001  0.568237  0.581308  0.660896  0.660457  0.633243  0.617002  0.640152  0.396544  0.737259  0.569436  0.583245  0.506602  0.624151  0.817295  0.711483  0.486842  0.689227  0.685305  0.825254 
32  0.642998  0.587261  0.714904  0.684691  0.733423  0.748631  0.714778  0.732765  0.575561  0.702384  0.717390  0.868756  0.374311  0.803973  0.679267  0.711057  0.699100  0.751058  0.721759  0.783815  0.610577  0.806081  0.678455  0.646931  0.842534  0.719080  0.774477  0.717668  0.953697  0.642155  0.562108  0.627600 0.0  0.817709  0.672808  0.823261  0.827085  0.741280  0.607113  0.659360  0.421814  0.358671  0.801642  0.405847  0.614425  0.618221  0.621709  0.593419  0.605354  0.777737  0.515735  0.670245  0.481119  0.677591  0.782689  0.600199  0.783046  0.781467  0.618055  0.681590  0.641442  0.707449  0.808689  0.797925  0.878122  0.870295  0.572514  0.629235  0.747589  0.651592  0.742399  0.787079  0.807863  0.746157  0.552061  0.669066  0.790859  0.516096  0.694049  0.780215  0.764629  0.656459  0.790261  0.861644  0.838285  0.718981  0.767875  0.745389  0.829119 
33  0.740079  0.720869  0.627907  0.678011  0.639893  0.724906  0.589678  0.658659  0.689421  0.893518  0.612517  0.702078  0.794868  0.740988  0.635952  0.810452  0.744746  0.645002  0.652540  0.602654  0.413535  0.820330  0.705754  0.660980  0.831974  0.711034  0.758724  0.766875  0.829968  0.720009  0.648655  0.670449  0.817709 0.0  0.768337  0.810678  0.736052  0.425727  0.664432  0.832588  0.722410  0.706610  0.828479  0.733690  0.668468  0.557418  0.733621  0.615334  0.517666  0.734431  0.589403  0.735516  0.621906  0.737245  0.792593  0.673118  0.632471  0.753472  0.668816  0.643599  0.656843  0.570304  0.826396  0.673524  0.691222  0.876513  0.528461  0.720658  0.585660  0.505182  0.814837  0.689521  0.770911  0.749378  0.593200  0.699350  0.725291  0.620950  0.723625  0.612228  0.679549  0.626008  0.654908  0.757358  0.840011  0.689818  0.778484  0.783400  0.789069 
34  0.781708  0.763953  0.700432  0.681213  0.724208  0.324825  0.687917  0.732003  0.746553  0.650562  0.677707  0.485633  0.720291  0.737554  0.630953  0.379272  0.830440  0.439286  0.483621  0.375079  0.685744  0.646574  0.567438  0.525552  0.782419  0.488915  0.773499  0.350936  0.624331  0.744138  0.844688  0.557841  0.672808  0.768337 0.0  0.480282  0.662736  0.713994  0.655244  0.688442  0.757106  0.722445  0.623553  0.814300  0.714078  0.599545  0.403394  0.633310  0.619465  0.622619  0.651209  0.659575  0.655118  0.916665  0.746237  0.579804  0.676009  0.321820  0.620641  0.670765  0.597968  0.691777  0.368426  0.573717  0.727043  0.720958  0.683182  0.623821  0.674883  0.843059  0.717678  0.275422  0.755222  0.530131  0.502381  0.405623  0.704509  0.580363  0.584588  0.320569  0.131189  0.588650  0.593928  0.634790  0.806473  0.546334  0.702275  0.741305  0.703297 
35  0.651675  0.766356  0.776002  0.644990  0.683451  0.518987  0.618895  0.687634  0.731452  0.609751  0.707649  0.290956  0.816597  0.503663  0.643214  0.557065  0.782492  0.370688  0.736460  0.555650  0.869656  0.614206  0.674086  0.668287  0.540227  0.438549  0.851760  0.438466  0.625337  0.801478  0.730643  0.612776  0.823261  0.810678  0.480282 0.0  0.686443  0.746380  0.772350  0.872697  0.865663  0.820410  0.749350  0.813098  0.710148  0.664936  0.591761  0.834551  0.763319  0.219732  0.747235  0.734916  0.749471  0.928110  0.494050  0.708189  0.723115  0.479912  0.646366  0.661755  0.753007  0.824493  0.456068  0.602190  0.641739  0.747273  0.883243  0.745373  0.674360  0.768820  0.562022  0.629042  0.683836  0.531454  0.725545  0.618784  0.522561  0.679837  0.390172  0.542984  0.550626  0.569193  0.687736  0.606300  0.621100  0.563022  0.617896  0.857856  0.607787 
36  0.821515  0.855257  0.863993  0.776604  0.788274  0.704738  0.770058  0.832477  0.856475  0.543673  0.783428  0.598719  0.703289  0.436603  0.745702  0.745959  0.816877  0.659307  0.698532  0.612917  0.760478  0.402599  0.669866  0.780244  0.412500  0.684815  0.872541  0.572438  0.342069  0.903248  0.828016  0.609158  0.827085  0.736052  0.662736  0.686443 0.0  0.721327  0.644694  0.803255  0.781663  0.779863  0.396826  0.760317  0.857459  0.788245  0.597883  0.742137  0.772165  0.658729  0.801184  0.713369  0.771781  0.854570  0.400085  0.744711  0.719210  0.618261  0.843784  0.812314  0.749286  0.774608  0.667735  0.309445  0.478743  0.436993  0.845095  0.847246  0.673798  0.832148  0.475225  0.675123  0.306667  0.685823  0.733241  0.705595  0.633338  0.773239  0.627209  0.639826  0.574100  0.700878  0.682649  0.354949  0.419879  0.667654  0.373804  0.897609  0.206624 
37  0.639497  0.644364  0.621127  0.659887  0.619397  0.700594  0.682886  0.841858  0.760567  0.716294  0.614733  0.800926  0.773043  0.827707  0.717879  0.719730  0.750345  0.789934  0.678703  0.706402  0.443791  0.734124  0.585124  0.644468  0.845586  0.675259  0.819405  0.747393  0.735614  0.686537  0.746044  0.648466  0.741280  0.425727  0.713994  0.746380  0.721327 0.0  0.734340  0.823008  0.839164  0.783375  0.822461  0.731965  0.778936  0.649216  0.749390  0.579372  0.622217  0.806816  0.578761  0.680574  0.790893  0.663533  0.776992  0.533848  0.661061  0.662637  0.599331  0.573518  0.632295  0.768120  0.711248  0.726799  0.637840  0.849299  0.590460  0.746991  0.629663  0.609467  0.792875  0.703791  0.741535  0.698962  0.713533  0.731669  0.657010  0.616064  0.768501  0.714067  0.656374  0.567289  0.522077  0.739158  0.765610  0.652421  0.812048  0.643261  0.779248 
38  0.346192  0.565425  0.672845  0.522579  0.505783  0.615235  0.637352  0.483454  0.685916  0.776410  0.505703  0.640347  0.552624  0.747679  0.462350  0.667088  0.835723  0.693030  0.639572  0.627629  0.625095  0.777369  0.702807  0.376706  0.799973  0.639923  0.843532  0.558750  0.718874  0.637742  0.572309  0.428832  0.607113  0.664432  0.655244  0.772350  0.644694  0.734340 0.0  0.730148  0.634361  0.747381  0.737165  0.661612  0.420641  0.603600  0.663482  0.583144  0.468124  0.604556  0.597956  0.517404  0.287023  0.875369  0.691287  0.630857  0.714583  0.594971  0.369550  0.422389  0.511635  0.763224  0.714861  0.760721  0.767234  0.755588  0.719731  0.291385  0.537160  0.811346  0.719755  0.671822  0.830623  0.595714  0.458500  0.766633  0.787202  0.459382  0.735206  0.628087  0.721667  0.625418  0.702433  0.700823  0.658458  0.653378  0.709856  0.681229  0.817380 
39  0.520110  0.623144  0.767940  0.789022  0.739471  0.737589  0.733445  0.764448  0.662679  0.941329  0.786654  0.738068  0.664307  0.812094  0.780451  0.743140  0.865745  0.763595  0.718242  0.807971  0.688937  0.774702  0.721315  0.873019  0.839036  0.885004  0.777083  0.774546  0.762233  0.633744  0.684109  0.685959  0.659360  0.832588  0.688442  0.872697  0.803255  0.823008  0.730148 0.0  0.697060  0.642081  0.954399  0.670708  0.822178  0.818516  0.666040  0.684866  0.724518  0.869233  0.847390  0.795349  0.735047  0.791690  0.817189  0.634825  0.809845  0.796257  0.628295  0.692110  0.669189  0.814370  0.696425  0.888638  0.815983  0.863726  0.832087  0.709079  0.769290  0.796906  0.820492  0.746824  0.857797  0.789911  0.762288  0.747104  0.908473  0.741568  0.660984  0.774549  0.757035  0.826099  0.711385  0.802052  0.852014  0.744813  0.814715  0.663155  0.870766 
40  0.643830  0.649392  0.758209  0.611002  0.696032  0.721233  0.612603  0.575983  0.533577  0.734133  0.691029  0.647481  0.650815  0.728287  0.799124  0.687788  0.830348  0.836964  0.764278  0.740127  0.607693  0.762822  0.877644  0.654171  0.813023  0.719033  0.785943  0.759876  0.712337  0.529034  0.662625  0.700980  0.421814  0.722410  0.757106  0.865663  0.781663  0.839164  0.634361  0.697060 0.0  0.426780  0.841627  0.519055  0.587853  0.713419  0.744986  0.677795  0.634282  0.842881  0.741856  0.698514  0.584503  0.812009  0.781934  0.606241  0.649004  0.691113  0.722180  0.604511  0.662240  0.640843  0.767854  0.781920  0.831752  0.883031  0.761136  0.562492  0.720284  0.769601  0.805323  0.706234  0.807696  0.875105  0.632597  0.794004  0.879614  0.814968  0.778420  0.801392  0.869649  0.792712  0.651634  0.893343  0.765916  0.666234  0.812906  0.630006  0.749632 
41  0.640977  0.531736  0.684444  0.629217  0.619046  0.741222  0.738581  0.672055  0.517519  0.869371  0.715983  0.713274  0.459559  0.794092  0.610434  0.652816  0.755719  0.759718  0.612771  0.738690  0.686493  0.848036  0.698895  0.716326  0.819047  0.640052  0.876886  0.793022  0.809873  0.546505  0.615277  0.650612  0.358671  0.706610  0.722445  0.820410  0.779863  0.783375  0.747381  0.642081  0.426780 0.0  0.819684  0.328475  0.518062  0.634742  0.670038  0.632949  0.618470  0.776691  0.690624  0.678976  0.598223  0.901715  0.805068  0.562232  0.701364  0.778418  0.701996  0.556408  0.722127  0.658358  0.696311  0.821448  0.808542  0.832104  0.649305  0.596722  0.610999  0.703868  0.758661  0.853879  0.851770  0.834619  0.612662  0.689069  0.843571  0.738099  0.737527  0.810939  0.640079  0.731346  0.789589  0.759493  0.776544  0.777061  0.781107  0.632880  0.868896 
42  0.764634  0.849656  0.821024  0.769306  0.892804  0.700426  0.860078  0.698779  0.854704  0.459036  0.760635  0.590842  0.811179  0.527705  0.679885  0.719428  0.911938  0.651979  0.698090  0.703743  0.827046  0.582578  0.780028  0.755045  0.493268  0.684466  0.901682  0.648789  0.532019  0.859393  0.758907  0.644356  0.801642  0.828479  0.623553  0.749350  0.396826  0.822461  0.737165  0.954399  0.841627  0.819684 0.0  0.812453  0.803769  0.880623  0.794479  0.796648  0.775980  0.681523  0.805521  0.789872  0.745687  0.761221  0.569598  0.833144  0.724697  0.713582  0.769366  0.729266  0.767690  0.732741  0.620975  0.529304  0.414348  0.489569  0.869611  0.676970  0.775118  0.785546  0.501242  0.674924  0.383842  0.657593  0.750308  0.672369  0.460711  0.687854  0.625159  0.719363  0.716131  0.839816  0.687751  0.438014  0.401871  0.636097  0.377769  0.837017  0.472289 
43  0.674640  0.523807  0.630876  0.682908  0.478919  0.667636  0.485198  0.606692  0.527106  0.825531  0.594652  0.722790  0.504631  0.848776  0.501851  0.751695  0.730418  0.919992  0.752704  0.771798  0.725719  0.753928  0.695528  0.696868  0.832865  0.741247  0.776735  0.613083  0.915614  0.561132  0.701987  0.691526  0.405847  0.733690  0.814300  0.813098  0.760317  0.731965  0.661612  0.670708  0.519055  0.328475  0.812453 0.0  0.672886  0.617518  0.748825  0.602788  0.692801  0.834829  0.719366  0.652889  0.636640  0.814361  0.741877  0.498052  0.716517  0.783403  0.473038  0.607988  0.668852  0.556463  0.734842  0.797639  0.752445  0.754834  0.648823  0.621831  0.589950  0.730484  0.811017  0.763244  0.717682  0.805796  0.589023  0.765314  0.811381  0.758045  0.742696  0.834824  0.782979  0.641635  0.680336  0.804299  0.841623  0.737480  0.809512  0.550394  0.809062 
44  0.577997  0.572996  0.646163  0.579385  0.541965  0.585071  0.653017  0.469032  0.687765  0.854507  0.522877  0.713865  0.553261  0.813663  0.575864  0.688796  0.838876  0.663719  0.486836  0.690594  0.592842  0.758227  0.626275  0.652950  0.742878  0.819385  0.774218  0.619068  0.720658  0.712720  0.573406  0.568200  0.614425  0.668468  0.714078  0.710148  0.857459  0.778936  0.420641  0.822178  0.587853  0.518062  0.803769  0.672886 0.0  0.713771  0.631436  0.553159  0.629455  0.678536  0.723944  0.467402  0.400409  0.789569  0.691432  0.534312  0.595324  0.723030  0.418521  0.441151  0.557527  0.742532  0.628286  0.708651  0.793025  0.809836  0.724416  0.399180  0.598017  0.722486  0.742342  0.668052  0.752770  0.591696  0.439189  0.602547  0.885382  0.647225  0.653967  0.694072  0.722774  0.694434  0.658357  0.773430  0.759152  0.691069  0.886038  0.732646  0.736529 
