89
0 0.0  0.556036  0.509333  0.309032  0.484731  0.532813  0.523154  0.506891  0.597899  0.816688  0.446618  0.606913  0.530292  0.785586  0.298172  0.511698  0.707968  0.605395  0.451596  0.599313  0.566277  0.710195  0.382360  0.561656  0.700735  0.678116  0.763726  0.571373  0.638195  0.637102  0.485798  0.440513  0.390785  0.576907  0.591633  0.643191  0.718268  0.527799  0.469621  0.708564  0.585373  0.630463  0.728153  0.532450  0.522464  0.558697  0.601960  0.507636  0.284334  0.577046  0.464288  0.390492  0.500344  0.592102  0.672540  0.557701  0.538908  0.704872  0.270586  0.167698  0.434455  0.646951  0.643880  0.793644  0.730359  0.768740  0.535046  0.391799  0.508160  0.608072  0.739194  0.673016  0.709590  0.641073  0.394664  0.657167  0.732879  0.374683  0.672810  0.671070  0.679706  0.483589  0.470217  0.649532  0.744699  0.651255  0.835167  0.589695  0.634961 
1  0.556036 0.0  0.633865  0.589513  0.622246  0.701964  0.542951  0.642261  0.592433  0.932983  0.654788  0.679925  0.577248  0.780518  0.610198  0.674428  0.649649  0.678438  0.593514  0.660246  0.659219  0.815086  0.641830  0.675864  0.747451  0.632707  0.714569  0.713674  0.816442  0.394392  0.555684  0.591690  0.606298  0.749932  0.664778  0.743322  0.767531  0.576847  0.562218  0.659903  0.539460  0.557029  0.748896  0.412024  0.677105  0.637466  0.689379  0.499287  0.566305  0.679942  0.616273  0.631169  0.662690  0.718510  0.808475  0.502589  0.686270  0.646791  0.618771  0.551904  0.541145  0.569367  0.774471  0.741311  0.839691  0.750930  0.518358  0.601690  0.658856  0.579158  0.777706  0.661322  0.781428  0.685981  0.510982  0.711601  0.760933  0.649525  0.675801  0.738845  0.786947  0.685207  0.686248  0.678825  0.727248  0.797580  0.788758  0.521485  0.787735 
2  0.509333  0.633865 0.0  0.554614  0.570487  0.829295  0.403722  0.538461  0.677963  0.684328  0.630389  0.639462  0.575843  0.821315  0.581428  0.655576  0.630528  0.657917  0.621174  0.683672  0.497077  0.710624  0.534107  0.711251  0.798061  0.711987  0.732571  0.763579  0.682190  0.608396  0.463359  0.538724  0.609401  0.534972  0.638585  0.803950  0.729447  0.581698  0.613966  0.667137  0.670558  0.543476  0.820410  0.618592  0.575415  0.405001  0.616607  0.421728  0.607246  0.676580  0.461457  0.573690  0.604882  0.726802  0.766417  0.597424  0.632535  0.721273  0.561475  0.554859  0.477449  0.279962  0.610888  0.701726  0.828482  0.681770  0.411194  0.529520  0.402755  0.610368  0.694451  0.612589  0.808408  0.662586  0.531402  0.632762  0.722375  0.481369  0.625219  0.641981  0.637326  0.714654  0.583577  0.746876  0.782810  0.594077  0.743998  0.564952  0.707390 
3  0.309032  0.589513  0.554614 0.0  0.435315  0.625914  0.549754  0.464406  0.608316  0.708634  0.402339  0.638000  0.571854  0.578708  0.155996  0.667093  0.632590  0.609240  0.566069  0.540136  0.434023  0.762493  0.410480  0.517303  0.712386  0.707769  0.796739  0.574630  0.658143  0.549148  0.368673  0.506062  0.618130  0.518884  0.619826  0.710287  0.713793  0.517385  0.529878  0.749977  0.655360  0.581230  0.710443  0.554218  0.519863  0.631983  0.563506  0.462035  0.140322  0.750770  0.495486  0.358534  0.550464  0.658103  0.611054  0.616959  0.431914  0.582641  0.539142  0.429576  0.249363  0.604994  0.660719  0.849849  0.754807  0.705813  0.576498  0.570449  0.450773  0.677816  0.654061  0.692417  0.676507  0.603697  0.450347  0.603861  0.706651  0.398619  0.711892  0.609437  0.657713  0.480239  0.480600  0.653827  0.806204  0.677599  0.749807  0.749471  0.690525 
4  0.484731  0.622246  0.570487  0.435315 0.0  0.660724  0.510504  0.507626  0.625826  0.723760  0.408118  0.544410  0.665172  0.643755  0.357236  0.613117  0.686168  0.616634  0.511449  0.548501  0.389486  0.658139  0.373102  0.562782  0.690972  0.620008  0.731391  0.565241  0.735495  0.638579  0.465464  0.480149  0.571586  0.619600  0.534666  0.677419  0.636046  0.651627  0.431052  0.730597  0.732498  0.684791  0.783403  0.639505  0.586612  0.594928  0.592495  0.503282  0.459319  0.655502  0.394006  0.399095  0.580787  0.761711  0.762258  0.591181  0.452446  0.697758  0.404105  0.457388  0.343660  0.435503  0.538060  0.724338  0.711176  0.792562  0.534888  0.521179  0.484604  0.603736  0.607196  0.564533  0.769615  0.696858  0.519071  0.605192  0.723777  0.424591  0.598372  0.601806  0.656535  0.459347  0.490106  0.665650  0.646488  0.661057  0.742775  0.653626  0.708401 
5  0.532813  0.701964  0.829295  0.625914  0.660724 0.0  0.720001  0.559060  0.730220  0.713229  0.623255  0.605335  0.640083  0.685312  0.693915  0.236910  0.801447  0.450237  0.531975  0.273845  0.739708  0.668733  0.604251  0.537087  0.712135  0.439305  0.804506  0.316244  0.691646  0.734589  0.654517  0.538196  0.698595  0.609911  0.327221  0.622258  0.695952  0.725248  0.535483  0.816484  0.689633  0.695986  0.705968  0.701032  0.656037  0.605495  0.357858  0.588677  0.593589  0.522318  0.664693  0.523215  0.561926  0.744413  0.674940  0.727542  0.585401  0.449488  0.580172  0.504549  0.670876  0.688638  0.405097  0.695717  0.665180  0.600152  0.645245  0.587377  0.617635  0.746545  0.568916  0.278375  0.633667  0.483515  0.577690  0.361478  0.623501  0.478824  0.546474  0.383385  0.336260  0.510202  0.557462  0.585644  0.656549  0.611203  0.744476  0.731510  0.789220 
6  0.523154  0.542951  0.403722  0.549754  0.510504  0.720001 0.0  0.675796  0.635835  0.765385  0.402474  0.655667  0.486009  0.709346  0.561314  0.647628  0.675125  0.748692  0.612482  0.615529  0.576584  0.692936  0.563025  0.552985  0.706017  0.722436  0.673916  0.647310  0.792398  0.584297  0.513567  0.594487  0.558752  0.614314  0.580308  0.708841  0.779731  0.673738  0.598607  0.628381  0.612177  0.601842  0.801132  0.574189  0.745793  0.230142  0.706416  0.394368  0.533741  0.754621  0.625956  0.570427  0.571849  0.734372  0.881718  0.551281  0.495342  0.745658  0.606763  0.660008  0.540979  0.363828  0.717745  0.661597  0.840745  0.811867  0.541939  0.722559  0.509288  0.721538  0.840455  0.682395  0.655342  0.684988  0.550294  0.756063  0.775562  0.627376  0.696136  0.675572  0.770569  0.688780  0.588034  0.653090  0.805380  0.725031  0.709967  0.449711  0.721205 
7  0.506891  0.642261  0.538461  0.464406  0.507626  0.559060  0.675796 0.0  0.665370  0.588379  0.616798  0.748892  0.545945  0.671161  0.605094  0.642016  0.795266  0.644269  0.435671  0.641026  0.585726  0.704011  0.604769  0.530077  0.658185  0.676189  0.798979  0.711074  0.655478  0.648583  0.644060  0.560992  0.630305  0.705312  0.606741  0.621878  0.672727  0.716234  0.502843  0.608801  0.688009  0.579720  0.684366  0.653963  0.398411  0.591285  0.620406  0.611642  0.484298  0.627451  0.587439  0.506811  0.252049  0.775408  0.753280  0.543850  0.588756  0.705665  0.407997  0.549744  0.562806  0.600470  0.643430  0.780771  0.753488  0.766730  0.575267  0.398837  0.608084  0.688717  0.723930  0.567011  0.732690  0.631967  0.493860  0.648972  0.756373  0.629010  0.723369  0.581688  0.583606  0.615711  0.679192  0.716569  0.723553  0.683711  0.722655  0.701248  0.856576 
8  0.597899  0.592433  0.677963  0.608316  0.625826  0.730220  0.635835  0.665370 0.0  0.795762  0.690457  0.743675  0.594771  0.850460  0.690927  0.727733  0.658138  0.717765  0.722345  0.669804  0.635936  0.842195  0.588546  0.682269  0.753175  0.639069  0.756349  0.648210  0.796250  0.459478  0.617771  0.617792  0.495679  0.614118  0.713846  0.630104  0.838892  0.641136  0.614697  0.546740  0.465550  0.409248  0.720284  0.383538  0.609468  0.671156  0.639745  0.604417  0.725508  0.806534  0.644511  0.721785  0.654738  0.651530  0.815452  0.576753  0.618404  0.711243  0.643837  0.612861  0.666296  0.589169  0.705155  0.745891  0.741134  0.759407  0.602016  0.535863  0.641668  0.769503  0.779076  0.765359  0.837367  0.737676  0.619342  0.625645  0.694902  0.756951  0.689353  0.830458  0.847034  0.696805  0.641137  0.828274  0.682296  0.852745  0.792770  0.624741  0.794163 
9  0.816688  0.932983  0.684328  0.708634  0.723760  0.713229  0.765385  0.588379  0.795762 0.0  0.693424  0.643181  0.695717  0.594885  0.719620  0.693793  0.914294  0.614269  0.746037  0.673703  0.717980  0.641528  0.662931  0.768423  0.471763  0.765335  0.778751  0.695933  0.521073  0.799941  0.746385  0.670102  0.828998  0.794618  0.655046  0.649041  0.563073  0.666338  0.742100  0.827260  0.838302  0.846226  0.434247  0.796938  0.635596  0.798170  0.636962  0.723142  0.722539  0.784884  0.685583  0.707843  0.713419  0.828729  0.526529  0.786298  0.631090  0.722308  0.734119  0.738110  0.696115  0.708875  0.640613  0.638385  0.151621  0.372398  0.792814  0.644078  0.817952  0.746289  0.573380  0.663285  0.429942  0.650356  0.726151  0.592621  0.552325  0.766489  0.506296  0.584568  0.669694  0.793661  0.741372  0.433986  0.518981  0.573075  0.516262  0.842840  0.527536 
10  0.446618  0.654788  0.630389  0.402339  0.408118  0.623255  0.402474  0.616798  0.690457  0.693424 0.0  0.727431  0.637847  0.648179  0.452050  0.607160  0.827095  0.594224  0.568065  0.533175  0.356285  0.723399  0.260154  0.572552  0.763212  0.683425  0.704216  0.630582  0.641765  0.713092  0.392242  0.432858  0.637771  0.556831  0.569442  0.616701  0.711582  0.618611  0.544691  0.727926  0.670582  0.752471  0.702244  0.741028  0.607846  0.580382  0.592119  0.517734  0.244608  0.649771  0.318644  0.392284  0.585040  0.651939  0.684826  0.616566  0.000546  0.682507  0.487985  0.507447  0.408524  0.503032  0.589620  0.745244  0.790072  0.745108  0.565526  0.585371  0.466468  0.511759  0.778353  0.667858  0.715852  0.614473  0.548107  0.633442  0.673206  0.394157  0.667263  0.624112  0.596961  0.549491  0.415800  0.776019  0.728539  0.644376  0.681009  0.747426  0.718015 
11  0.606913  0.679925  0.639462  0.638000  0.544410  0.605335  0.655667  0.748892  0.743675  0.643181  0.727431 0.0  0.745220  0.479574  0.587339  0.440568  0.836489  0.397503  0.625156  0.554706  0.674490  0.592862  0.553474  0.684738  0.602616  0.357216  0.777833  0.418432  0.587753  0.745004  0.590919  0.540592  0.738110  0.714883  0.498439  0.374997  0.572372  0.718614  0.684365  0.762005  0.625223  0.724633  0.569108  0.652728  0.625457  0.630101  0.502271  0.698375  0.682067  0.248093  0.647233  0.671444  0.748435  0.644118  0.549759  0.711587  0.586384  0.408541  0.613873  0.587353  0.585211  0.835670  0.448711  0.596717  0.694723  0.597207  0.733243  0.539161  0.570648  0.728173  0.516194  0.352985  0.572929  0.459934  0.710720  0.477399  0.514486  0.670682  0.068292  0.421279  0.547981  0.526668  0.645579  0.603695  0.660684  0.478310  0.621882  0.823684  0.533423 
12  0.530292  0.577248  0.575843  0.571854  0.665172  0.640083  0.486009  0.545945  0.594771  0.695717  0.637847  0.745220 0.0  0.696741  0.560426  0.714018  0.680310  0.601799  0.556277  0.735102  0.613797  0.761030  0.546226  0.516346  0.778906  0.761852  0.785293  0.722379  0.848203  0.529477  0.531588  0.642617  0.438026  0.713326  0.513038  0.742502  0.810534  0.613114  0.577533  0.687720  0.523585  0.554143  0.734006  0.469195  0.486669  0.591582  0.728748  0.540162  0.515941  0.734513  0.582768  0.637182  0.615214  0.676869  0.698265  0.427756  0.613752  0.689654  0.456602  0.493236  0.574649  0.575247  0.649476  0.681064  0.739821  0.835277  0.673079  0.467801  0.548938  0.683861  0.757984  0.642153  0.780498  0.615031  0.454073  0.719893  0.665789  0.595622  0.658436  0.702343  0.727385  0.606331  0.570292  0.701501  0.665470  0.718016  0.691778  0.560310  0.602540 
13  0.785586  0.780518  0.821315  0.578708  0.643755  0.685312  0.709346  0.671161  0.850460  0.594885  0.648179  0.479574  0.696741 0.0  0.748282  0.624197  0.845213  0.563303  0.685229  0.587298  0.663937  0.185899  0.753314  0.592981  0.510863  0.520323  0.791049  0.616648  0.315624  0.731540  0.709903  0.782414  0.684776  0.616980  0.559894  0.463166  0.348209  0.763634  0.678888  0.671278  0.681270  0.765396  0.567807  0.639161  0.683800  0.721341  0.638407  0.782076  0.693884  0.493133  0.833739  0.670325  0.696784  0.701394  0.236838  0.725874  0.612521  0.515699  0.730942  0.699892  0.740973  0.688772  0.458194  0.537700  0.570045  0.620534  0.717902  0.717857  0.705697  0.698668  0.307950  0.567740  0.470224  0.517027  0.626511  0.712823  0.552509  0.634950  0.363150  0.573907  0.628503  0.702807  0.707859  0.575708  0.551760  0.525010  0.556611  0.801136  0.537168 
14  0.298172  0.610198  0.581428  0.155996  0.357236  0.693915  0.561314  0.605094  0.690927  0.719620  0.452050  0.587339  0.560426  0.748282 0.0  0.654599  0.725035  0.695420  0.526439  0.587062  0.458276  0.738321  0.510436  0.549785  0.813423  0.746690  0.832780  0.620895  0.758613  0.648227  0.400122  0.567650  0.607436  0.650441  0.555920  0.706172  0.647393  0.510347  0.513596  0.703422  0.688369  0.614684  0.794290  0.589819  0.624643  0.580886  0.620598  0.500428  0.278297  0.750807  0.452968  0.327104  0.501731  0.761369  0.677033  0.571090  0.439814  0.622937  0.381776  0.418552  0.424551  0.519373  0.583454  0.722385  0.728133  0.725723  0.605800  0.483856  0.504470  0.613481  0.752799  0.556163  0.806994  0.602132  0.367817  0.720546  0.627417  0.488204  0.682818  0.574046  0.616343  0.446711  0.476306  0.836130  0.761663  0.584416  0.823460  0.627807  0.826511 
15  0.511698  0.674428  0.655576  0.667093  0.613117  0.236910  0.647628  0.642016  0.727733  0.693793  0.607160  0.440568  0.714018  0.624197  0.654599 0.0  0.743562  0.466893  0.492046  0.280212  0.667524  0.587419  0.598202  0.515993  0.717051  0.514105  0.778928  0.218318  0.541171  0.708783  0.651577  0.546081  0.640701  0.763515  0.336640  0.506190  0.606116  0.696164  0.542135  0.786970  0.688753  0.709568  0.608241  0.712726  0.638970  0.629600  0.434146  0.576548  0.604503  0.471693  0.703509  0.608276  0.557773  0.753201  0.668594  0.676209  0.693172  0.365363  0.648006  0.475038  0.540787  0.753272  0.257040  0.690274  0.719712  0.631078  0.648007  0.577148  0.703780  0.682465  0.578053  0.302506  0.573631  0.373958  0.579074  0.448077  0.562407  0.671397  0.443401  0.389541  0.176404  0.586679  0.502962  0.664836  0.669182  0.392530  0.663656  0.681292  0.573340 
16  0.707968  0.649649  0.630528  0.632590  0.686168  0.801447  0.675125  0.795266  0.658138  0.914294  0.827095  0.836489  0.680310  0.845213  0.725035  0.743562 0.0  0.818580  0.699605  0.797337  0.635494  0.863451  0.779434  0.759659  0.825325  0.704162  0.599093  0.741263  0.680077  0.666720  0.656624  0.760312  0.655088  0.668771  0.728609  0.770201  0.724505  0.843807  0.698599  0.713178  0.690802  0.694636  0.725632  0.609758  0.778578  0.635338  0.665402  0.714811  0.702477  0.799975  0.659877  0.769071  0.733125  0.696661  0.722453  0.651389  0.759988  0.855003  0.723900  0.856034  0.613673  0.662232  0.765612  0.850756  0.891144  0.811709  0.734203  0.669852  0.643771  0.735884  0.863166  0.806910  0.802775  0.799288  0.842522  0.737840  0.783863  0.755462  0.794971  0.885802  0.705769  0.791277  0.845178  0.915849  0.831916  0.763959  0.760386  0.555299  0.770613 
17  0.605395  0.678438  0.657917  0.609240  0.616634  0.450237  0.748692  0.644269  0.717765  0.614269  0.594224  0.397503  0.601799  0.563303  0.695420  0.466893  0.818580 0.0  0.462604  0.477947  0.726335  0.491764  0.631865  0.576389  0.589636  0.284536  0.735111  0.305643  0.632483  0.596707  0.651625  0.551171  0.736639  0.681469  0.475356  0.451699  0.655257  0.606139  0.665440  0.815329  0.747624  0.732592  0.736657  0.686245  0.580584  0.736977  0.495017  0.644005  0.531680  0.350679  0.623171  0.564989  0.663887  0.672978  0.597799  0.649955  0.698394  0.251639  0.650312  0.623714  0.599953  0.720354  0.287132  0.651508  0.611227  0.627781  0.648195  0.614389  0.690058  0.774070  0.636420  0.507565  0.698355  0.185829  0.572383  0.364598  0.574026  0.553342  0.294162  0.395566  0.502150  0.642436  0.633106  0.624916  0.622508  0.369156  0.609493  0.631909  0.531506 
18  0.451596  0.593514  0.621174  0.566069  0.511449  0.531975  0.612482  0.435671  0.722345  0.746037  0.568065  0.625156  0.556277  0.685229  0.526439  0.492046  0.699605  0.462604 0.0  0.488364  0.565821  0.647921  0.619687  0.162997  0.760656  0.615582  0.784374  0.513751  0.752036  0.722539  0.609804  0.329974  0.645912  0.657248  0.558796  0.732638  0.672086  0.603079  0.492298  0.732577  0.785455  0.635381  0.666728  0.660288  0.577152  0.671943  0.505476  0.596291  0.525842  0.577417  0.568657  0.433469  0.555451  0.749927  0.592700  0.626775  0.571877  0.613591  0.504410  0.565790  0.559496  0.680390  0.546065  0.730060  0.720578  0.677681  0.637065  0.555020  0.592220  0.673513  0.753776  0.542961  0.662482  0.615478  0.529054  0.482146  0.712125  0.419151  0.593845  0.538857  0.519302  0.521704  0.622589  0.763791  0.672743  0.555375  0.650557  0.713623  0.631559 
19  0.599313  0.660246  0.683672  0.540136  0.548501  0.273845  0.615529  0.641026  0.669804  0.673703  0.533175  0.554706  0.735102  0.587298  0.587062  0.280212  0.797337  0.477947  0.488364 0.0  0.594660  0.625866  0.654191  0.556813  0.594428  0.574957  0.762394  0.528385  0.541633  0.728520  0.625569  0.509221  0.595671  0.593547  0.371357  0.510649  0.673305  0.627837  0.590745  0.753546  0.638569  0.720640  0.719779  0.712819  0.583497  0.638313  0.309176  0.688920  0.478385  0.643993  0.605753  0.545424  0.496217  0.711812  0.671925  0.667078  0.628389  0.541335  0.543828  0.616731  0.548539  0.654352  0.399989  0.703338  0.755500  0.656271  0.664010  0.565298  0.635147  0.670515  0.680191  0.381384  0.612279  0.553538  0.596568  0.517927  0.644343  0.646814  0.499749  0.385443  0.444839  0.596398  0.569901  0.746275  0.587431  0.585481  0.684848  0.718830  0.668527 
20  0.566277  0.659219  0.497077  0.434023  0.389486  0.739708  0.576584  0.585726  0.635936  0.717980  0.356285  0.674490  0.613797  0.663937  0.458276  0.667524  0.635494  0.726335  0.565821  0.594660 0.0  0.707956  0.403920  0.576857  0.687334  0.646070  0.676820  0.684705  0.671983  0.710405  0.520344  0.478605  0.646446  0.576717  0.538667  0.669537  0.734602  0.566193  0.613970  0.738934  0.597632  0.593972  0.677725  0.654121  0.555792  0.471327  0.672106  0.554677  0.437345  0.596492  0.299663  0.453721  0.641761  0.768312  0.679181  0.530954  0.436616  0.632519  0.514115  0.447907  0.476585  0.490258  0.690209  0.764310  0.716824  0.674076  0.554053  0.574186  0.357418  0.681320  0.748817  0.601123  0.690408  0.686141  0.519141  0.563329  0.665858  0.510541  0.601014  0.696788  0.862464  0.489854  0.560440  0.694647  0.698060  0.649335  0.768226  0.572262  0.749772 
21  0.710195  0.815086  0.710624  0.762493  0.658139  0.668733  0.692936  0.704011  0.842195  0.641528  0.723399  0.592862  0.761030  0.185899  0.738321  0.587419  0.863451  0.491764  0.647921  0.625866  0.707956 0.0  0.696263  0.768371  0.500949  0.488974  0.892613  0.534416  0.440037  0.741461  0.703542  0.714273  0.806919  0.683110  0.623008  0.476407  0.500945  0.759665  0.641974  0.850251  0.769440  0.777597  0.639337  0.774072  0.695970  0.727976  0.604851  0.734010  0.673741  0.631139  0.683137  0.703173  0.710922  0.836216  0.185555  0.710225  0.673243  0.666794  0.654174  0.656581  0.741616  0.739749  0.605808  0.490321  0.562145  0.500559  0.786027  0.686869  0.734938  0.742672  0.295627  0.565767  0.484784  0.696816  0.780506  0.617303  0.422193  0.582409  0.482173  0.576770  0.578153  0.669413  0.720707  0.560253  0.545852  0.543505  0.469661  0.752780  0.440183 
22  0.382360  0.641830  0.534107  0.410480  0.373102  0.604251  0.563025  0.604769  0.588546  0.662931  0.260154  0.553474  0.546226  0.753314  0.510436  0.598202  0.779434  0.631865  0.619687  0.654191  0.403920  0.696263 0.0  0.670176  0.759838  0.667989  0.715429  0.651200  0.637479  0.578451  0.551094  0.699230  0.623501  0.576460  0.598590  0.740940  0.738990  0.520396  0.532838  0.625081  0.651335  0.583082  0.760443  0.716800  0.637430  0.570032  0.456241  0.421185  0.485078  0.807824  0.449838  0.452444  0.589489  0.733265  0.678403  0.620197  0.169146  0.632440  0.576190  0.503533  0.356972  0.505612  0.507699  0.749915  0.735517  0.627992  0.706978  0.550542  0.457238  0.711097  0.749371  0.659580  0.731643  0.668421  0.519691  0.631478  0.746967  0.463524  0.627453  0.547826  0.616811  0.407818  0.508743  0.626857  0.704806  0.710367  0.691502  0.660929  0.720430 
23  0.561656  0.675864  0.711251  0.517303  0.562782  0.537087  0.552985  0.530077  0.682269  0.768423  0.572552  0.684738  0.516346  0.592981  0.549785  0.515993  0.759659  0.576389  0.162997  0.556813  0.576857  0.768371  0.670176 0.0  0.700944  0.635797  0.673600  0.450845  0.630053  0.656438  0.573263  0.379141  0.657909  0.602992  0.408718  0.578316  0.668595  0.678174  0.485774  0.677213  0.645327  0.669470  0.776115  0.715506  0.528552  0.646218  0.446753  0.551486  0.550781  0.660245  0.484125  0.498743  0.485978  0.896463  0.631551  0.713418  0.540793  0.591582  0.405734  0.540509  0.623844  0.624126  0.576285  0.810905  0.695438  0.818246  0.655864  0.457153  0.604156  0.689704  0.644190  0.499978  0.670182  0.649528  0.555488  0.409612  0.573766  0.472392  0.533464  0.528423  0.497145  0.659251  0.560220  0.776782  0.621715  0.573153  0.750737  0.714749  0.711755 
24  0.700735  0.747451  0.798061  0.712386  0.690972  0.712135  0.706017  0.658185  0.753175  0.471763  0.763212  0.602616  0.778906  0.510863  0.813423  0.717051  0.825325  0.589636  0.760656  0.594428  0.687334  0.500949  0.759838  0.700944 0.0  0.644065  0.725886  0.667805  0.516410  0.751138  0.737622  0.752834  0.729054  0.757627  0.721112  0.575499  0.359785  0.708698  0.712535  0.795168  0.801190  0.724663  0.367282  0.773569  0.644061  0.839845  0.766868  0.722218  0.718777  0.543190  0.679269  0.712401  0.633051  0.757926  0.476692  0.757533  0.750815  0.579385  0.778062  0.702525  0.729447  0.755495  0.672898  0.338242  0.439549  0.062952  0.663449  0.795234  0.648366  0.671480  0.430977  0.730081  0.400635  0.561291  0.656255  0.637921  0.436477  0.818429  0.708595  0.591910  0.687275  0.781152  0.722315  0.186867  0.171899  0.645998  0.185613  0.824865  0.343272 
25  0.678116  0.632707  0.711987  0.707769  0.620008  0.439305  0.722436  0.676189  0.639069  0.765335  0.683425  0.357216  0.761852  0.520323  0.746690  0.514105  0.704162  0.284536  0.615582  0.574957  0.646070  0.488974  0.667989  0.635797  0.644065 0.0  0.712870  0.485844  0.610598  0.702715  0.796731  0.527632  0.702942  0.677967  0.361140  0.492133  0.563926  0.651144  0.628733  0.678473  0.661727  0.647349  0.601386  0.682768  0.608940  0.720755  0.479329  0.743272  0.644643  0.329132  0.565233  0.559522  0.621983  0.879007  0.588786  0.685190  0.638336  0.406774  0.632758  0.732672  0.675916  0.659023  0.390389  0.693774  0.682300  0.608316  0.765837  0.663223  0.586677  0.719086  0.524492  0.459351  0.554717  0.307146  0.654460  0.346856  0.555021  0.635912  0.403908  0.411818  0.458235  0.627557  0.584495  0.607692  0.706293  0.431584  0.664668  0.751114  0.569988 
26  0.763726  0.714569  0.732571  0.796739  0.731391  0.804506  0.673916  0.798979  0.756349  0.778751  0.704216  0.777833  0.785293  0.791049  0.832780  0.778928  0.599093  0.735111  0.784374  0.762394  0.676820  0.892613  0.715429  0.673600  0.725886  0.712870 0.0  0.762752  0.843446  0.749254  0.677525  0.671609  0.737408  0.714180  0.791111  0.853932  0.795457  0.759165  0.805817  0.724653  0.613896  0.702386  0.796177  0.718412  0.779597  0.715629  0.733261  0.739462  0.780801  0.891515  0.772471  0.774179  0.708002  0.642966  0.946735  0.750043  0.722640  0.749060  0.750074  0.787510  0.712888  0.682043  0.771377  0.835106  0.974846  0.803543  0.676585  0.782777  0.708175  0.564650  0.852687  0.837403  0.919721  0.744566  0.737990  0.823736  0.823545  0.690917  0.716450  0.794378  0.666817  0.818634  0.794813  0.833102  0.759602  0.860935  1.000000  0.686023  0.867621 
27  0.571373  0.713674  0.763579  0.574630  0.565241  0.316244  0.647310  0.711074  0.648210  0.695933  0.630582  0.418432  0.722379  0.616648  0.620895  0.218318  0.741263  0.305643  0.513751  0.528385  0.684705  0.534416  0.651200  0.450845  0.667805  0.485844  0.762752 0.0  0.655455  0.626348  0.691097  0.491651  0.780186  0.829397  0.256013  0.439358  0.683578  0.621621  0.584593  0.748593  0.725340  0.621408  0.634978  0.633663  0.578094  0.741845  0.509112  0.688014  0.622128  0.416662  0.603329  0.551515  0.603217  0.761967  0.552757  0.635174  0.597863  0.279749  0.624800  0.698182  0.697582  0.684743  0.063697  0.608252  0.627451  0.684717  0.744145  0.588736  0.633904  0.737284  0.567267  0.316689  0.605305  0.409408  0.674375  0.352117  0.726240  0.701002  0.440851  0.193045  0.247140  0.382537  0.578013  0.715847  0.656628  0.397817  0.605288  0.800205  0.534562 
28  0.638195  0.816442  0.682190  0.658143  0.735495  0.691646  0.792398  0.655478  0.796250  0.521073  0.641765  0.587753  0.848203  0.315624  0.758613  0.541171  0.680077  0.632483  0.752036  0.541633  0.671983  0.440037  0.637479  0.630053  0.516410  0.610598  0.843446  0.655455 0.0  0.814816  0.626911  0.693557  0.912106  0.845969  0.564090  0.529850  0.510043  0.750672  0.618106  0.758388  0.801233  0.750411  0.472586  0.809636  0.692316  0.719098  0.680851  0.770314  0.783838  0.503241  0.765960  0.678924  0.683142  0.816217  0.468154  0.810785  0.758689  0.608997  0.738213  0.609123  0.714635  0.706594  0.687481  0.432078  0.528116  0.548387  0.752631  0.666150  0.751337  0.716048  0.283831  0.598108  0.443807  0.606090  0.857333  0.599009  0.447205  0.804983  0.615304  0.620996  0.700401  0.627984  0.713662  0.545657  0.494739  0.632278  0.415057  0.795044  0.328612 
29  0.637102  0.394392  0.608396  0.549148  0.638579  0.734589  0.584297  0.648583  0.459478  0.799941  0.713092  0.745004  0.529477  0.731540  0.648227  0.708783  0.666720  0.596707  0.722539  0.728520  0.710405  0.741461  0.578451  0.656438  0.751138  0.702715  0.749254  0.626348  0.814816 0.0  0.542212  0.732690  0.573005  0.676615  0.684703  0.735217  0.804757  0.706472  0.627100  0.632873  0.532246  0.648619  0.712599  0.528208  0.604837  0.462637  0.694103  0.476693  0.614117  0.671323  0.671116  0.578108  0.559989  0.821704  0.846784  0.484541  0.632986  0.852685  0.631337  0.670343  0.585929  0.582952  0.705740  0.731718  0.852360  0.829417  0.428099  0.644590  0.543354  0.563057  0.745372  0.789127  0.709667  0.770121  0.622887  0.695989  0.819027  0.553504  0.744447  0.819399  0.705967  0.666250  0.613650  0.780071  0.931283  0.685892  0.807976  0.531422  0.776008 
30  0.485798  0.555684  0.463359  0.368673  0.465464  0.654517  0.513567  0.644060  0.617771  0.746385  0.392242  0.590919  0.531588  0.709903  0.400122  0.651577  0.656624  0.651625  0.609804  0.625569  0.520344  0.703542  0.551094  0.573263  0.737622  0.796731  0.677525  0.691097  0.626911  0.542212 0.0  0.581658  0.460140  0.606230  0.673644  0.677458  0.674016  0.606674  0.536044  0.770102  0.646003  0.538588  0.746871  0.647484  0.475879  0.569101  0.639332  0.308390  0.530128  0.641653  0.571397  0.545141  0.416417  0.684457  0.734396  0.439535  0.594046  0.608348  0.407041  0.458889  0.508315  0.481948  0.689802  0.703540  0.766433  0.876822  0.614510  0.560984  0.381388  0.594181  0.774234  0.622414  0.848653  0.778972  0.485424  0.596193  0.607843  0.404365  0.734917  0.665583  0.633599  0.598396  0.613397  0.855229  0.715508  0.676962  0.765059  0.523462  0.663408 
31  0.440513  0.591690  0.538724  0.506062  0.480149  0.538196  0.594487  0.560992  0.617792  0.670102  0.432858  0.540592  0.642617  0.782414  0.567650  0.546081  0.760312  0.551171  0.329974  0.509221  0.478605  0.714273  0.699230  0.379141  0.752834  0.527632  0.671609  0.491651  0.693557  0.732690  0.581658 0.0  0.682315  0.607923  0.449269  0.591030  0.675345  0.636819  0.479338  0.782687  0.670670  0.639420  0.761248  0.615494  0.598711  0.669132  0.427892  0.643833  0.402466  0.521880  0.548113  0.467199  0.676368  0.737955  0.661415  0.590314  0.560067  0.456962  0.588401  0.468713  0.638021  0.609443  0.397889  0.708491  0.715436  0.763978  0.641171  0.588939  0.459966  0.670166  0.763814  0.487001  0.686725  0.556935  0.596945  0.494122  0.703870  0.356810  0.575335  0.553914  0.536798  0.421608  0.450139  0.788094  0.758928  0.538143  0.700073  0.677684  0.801480 
32  0.390785  0.606298  0.609401  0.618130  0.571586  0.698595  0.558752  0.630305  0.495679  0.828998  0.637771  0.738110  0.438026  0.684776  0.607436  0.640701  0.655088  0.736639  0.645912  0.595671  0.646446  0.806919  0.623501  0.657909  0.729054  0.702942  0.737408  0.780186  0.912106  0.573005  0.460140  0.682315 0.0  0.732161  0.753014  0.671085  0.735336  0.747882  0.639887  0.565621  0.358028  0.328230  0.796325  0.374780  0.515794  0.527919  0.562049  0.590075  0.558171  0.797451  0.724429  0.535453  0.541644  0.706441  0.738713  0.619563  0.582775  0.703140  0.582490  0.673907  0.621910  0.704946  0.645216  0.712835  0.745232  0.725365  0.619067  0.503200  0.686618  0.647149  0.828154  0.718019  0.759547  0.707176  0.533544  0.647714  0.788405  0.709591  0.657364  0.621516  0.698076  0.679345  0.817641  0.739104  0.770618  0.698367  0.779997  0.636535  0.813862 
33  0.576907  0.749932  0.534972  0.518884  0.619600  0.609911  0.614314  0.705312  0.614118  0.794618  0.556831  0.714883  0.713326  0.616980  0.650441  0.763515  0.668771  0.681469  0.657248  0.593547  0.576717  0.683110  0.576460  0.602992  0.757627  0.677967  0.714180  0.829397  0.845969  0.676615  0.606230  0.607923  0.732161 0.0  0.777204  0.723133  0.775580  0.532364  0.625465  0.779256  0.601347  0.627400  0.772891  0.699200  0.635875  0.636157  0.662694  0.625629  0.547595  0.652676  0.486597  0.621081  0.703062  0.709671  0.744714  0.562277  0.590503  0.732207  0.632046  0.657425  0.633483  0.521335  0.633079  0.798398  0.759983  0.767307  0.515863  0.663100  0.617058  0.497750  0.704042  0.723235  0.686774  0.727217  0.588137  0.695538  0.745460  0.645539  0.758361  0.633678  0.663466  0.615705  0.533913  0.764619  0.694680  0.712805  0.759713  0.582743  0.687735 
34  0.591633  0.664778  0.638585  0.619826  0.534666  0.327221  0.580308  0.606741  0.713846  0.655046  0.569442  0.498439  0.513038  0.559894  0.555920  0.336640  0.728609  0.475356  0.558796  0.371357  0.538667  0.623008  0.598590  0.408718  0.721112  0.361140  0.791111  0.256013  0.564090  0.684703  0.673644  0.449269  0.753014  0.777204 0.0  0.466337  0.616305  0.696211  0.625622  0.718863  0.705432  0.642519  0.652521  0.746823  0.622556  0.667349  0.348043  0.599925  0.634828  0.457777  0.735459  0.621136  0.566415  0.762688  0.599344  0.667703  0.590642  0.301643  0.662189  0.619256  0.685648  0.792739  0.243197  0.538522  0.711527  0.681121  0.679777  0.655359  0.622060  0.684260  0.705999  0.236622  0.551643  0.368577  0.631950  0.417371  0.634506  0.572016  0.426164  0.242833  0.067279  0.568318  0.542146  0.657616  0.615493  0.396656  0.625359  0.618854  0.601147 
35  0.643191  0.743322  0.803950  0.710287  0.677419  0.622258  0.708841  0.621878  0.630104  0.649041  0.616701  0.374997  0.742502  0.463166  0.706172  0.506190  0.770201  0.451699  0.732638  0.510649  0.669537  0.476407  0.740940  0.578316  0.575499  0.492133  0.853932  0.439358  0.529850  0.735217  0.677458  0.591030  0.671085  0.723133  0.466337 0.0  0.591646  0.794692  0.646613  0.630932  0.687124  0.813392  0.747014  0.604108  0.635573  0.778091  0.733457  0.761634  0.683027  0.380166  0.573543  0.634416  0.697909  0.823876  0.447263  0.695427  0.786763  0.477541  0.676619  0.656909  0.660804  0.761726  0.536460  0.610900  0.714422  0.571720  0.766336  0.692729  0.650422  0.623184  0.540616  0.596693  0.563731  0.463052  0.640793  0.486909  0.506962  0.649916  0.385687  0.523651  0.588328  0.674869  0.464097  0.583536  0.594416  0.443280  0.590484  0.748781  0.624460 
36  0.718268  0.767531  0.729447  0.713793  0.636046  0.695952  0.779731  0.672727  0.838892  0.563073  0.711582  0.572372  0.810534  0.348209  0.647393  0.606116  0.724505  0.655257  0.672086  0.673305  0.734602  0.500945  0.738990  0.668595  0.359785  0.563926  0.795457  0.683578  0.510043  0.804757  0.674016  0.675345  0.735336  0.775580  0.616305  0.591646 0.0  0.700512  0.631095  0.824184  0.752377  0.764502  0.506901  0.767572  0.728045  0.719469  0.630995  0.708413  0.656463  0.558042  0.778393  0.714261  0.700683  0.729029  0.476201  0.705423  0.753523  0.528699  0.757363  0.698552  0.717917  0.711020  0.553929  0.271521  0.581278  0.439091  0.757269  0.703683  0.823210  0.804424  0.446055  0.571097  0.362493  0.625832  0.767010  0.637463  0.428832  0.751085  0.589629  0.662817  0.611422  0.693207  0.750523  0.375304  0.433282  0.559923  0.303210  0.767697  0.158024 
37  0.527799  0.576847  0.581698  0.517385  0.651627  0.725248  0.673738  0.716234  0.641136  0.666338  0.618611  0.718614  0.613114  0.763634  0.510347  0.696164  0.843807  0.606139  0.603079  0.627837  0.566193  0.759665  0.520396  0.678174  0.708698  0.651144  0.759165  0.621621  0.750672  0.706472  0.606674  0.636819  0.747882  0.532364  0.696211  0.794692  0.700512 0.0  0.705434  0.663670  0.739255  0.691762  0.683645  0.647790  0.736454  0.589292  0.740412  0.643388  0.630622  0.714775  0.380749  0.492352  0.792818  0.703828  0.776433  0.631770  0.586334  0.671412  0.595871  0.632275  0.611966  0.606289  0.685026  0.711698  0.664950  0.772705  0.665215  0.605394  0.531946  0.505190  0.540318  0.662032  0.712607  0.681459  0.562163  0.678759  0.696257  0.670680  0.783583  0.610996  0.621456  0.489866  0.557207  0.719622  0.700422  0.662466  0.812847  0.614885  0.666894 
38  0.469621  0.562218  0.613966  0.529878  0.431052  0.535483  0.598607  0.502843  0.614697  0.742100  0.544691  0.684365  0.577533  0.678888  0.513596  0.542135  0.698599  0.665440  0.492298  0.590745  0.613970  0.641974  0.532838  0.485774  0.712535  0.628733  0.805817  0.584593  0.618106  0.627100  0.536044  0.479338  0.639887  0.625465  0.625622  0.646613  0.631095  0.705434 0.0  0.640775  0.572076  0.552348  0.723311  0.658667  0.401050  0.496106  0.475052  0.628156  0.533832  0.714944  0.533156  0.461682  0.388418  0.781009  0.679577  0.531230  0.570625  0.614991  0.419491  0.537582  0.624798  0.658524  0.698378  0.705522  0.866083  0.758011  0.732982  0.257735  0.649892  0.642333  0.752598  0.616554  0.773987  0.630938  0.426838  0.560043  0.679019  0.459376  0.711347  0.574549  0.606542  0.638849  0.500606  0.702177  0.733590  0.608798  0.724800  0.596713  0.653327 
39  0.708564  0.659903  0.667137  0.749977  0.730597  0.816484  0.628381  0.608801  0.546740  0.827260  0.727926  0.762005  0.687720  0.671278  0.703422  0.786970  0.713178  0.815329  0.732577  0.753546  0.738934  0.850251  0.625081  0.677213  0.795168  0.678473  0.724653  0.748593  0.758388  0.632873  0.770102  0.782687  0.565621  0.779256  0.718863  0.630932  0.824184  0.663670  0.640775 0.0  0.525193  0.553235  0.733170  0.688929  0.649880  0.764589  0.681363  0.608045  0.774046  0.849572  0.811694  0.739442  0.752998  0.796202  0.790183  0.601854  0.667000  0.745115  0.538977  0.719657  0.706684  0.692369  0.629123  0.859105  0.779488  0.822080  0.691905  0.659170  0.719130  0.772643  0.815357  0.713100  0.763997  0.734087  0.560175  0.749261  0.805477  0.688983  0.719946  0.776568  0.567926  0.762835  0.758524  0.890553  0.732120  0.673777  0.854577  0.688318  0.785068 
40  0.585373  0.539460  0.670558  0.655360  0.732498  0.689633  0.612177  0.688009  0.465550  0.838302  0.670582  0.625223  0.523585  0.681270  0.688369  0.688753  0.690802  0.747624  0.785455  0.638569  0.597632  0.769440  0.651335  0.645327  0.801190  0.661727  0.613896  0.725340  0.801233  0.532246  0.646003  0.670670  0.358028  0.601347  0.705432  0.687124  0.752377  0.739255  0.572076  0.525193 0.0  0.343066  0.859669  0.428688  0.649655  0.668405  0.763640  0.573699  0.643329  0.771741  0.667096  0.616353  0.684347  0.748920  0.760948  0.568183  0.772010  0.761806  0.594627  0.562164  0.688399  0.600298  0.683951  0.799327  0.800987  0.846087  0.660397  0.660776  0.839255  0.682741  0.779823  0.845356  0.611467  0.699465  0.575410  0.700989  0.790662  0.562533  0.656081  0.680237  0.639422  0.718676  0.739951  0.684208  0.709455  0.654192  0.846483  0.596994  0.837703 
41  0.630463  0.557029  0.543476  0.581230  0.684791  0.695986  0.601842  0.579720  0.409248  0.846226  0.752471  0.724633  0.554143  0.765396  0.614684  0.709568  0.694636  0.732592  0.635381  0.720640  0.593972  0.777597  0.583082  0.669470  0.724663  0.647349  0.702386  0.621408  0.750411  0.648619  0.538588  0.639420  0.328230  0.627400  0.642519  0.813392  0.764502  0.691762  0.552348  0.553235  0.343066 0.0  0.734563  0.411199  0.561661  0.586575  0.593502  0.704606  0.581435  0.717948  0.728014  0.699126  0.680985  0.700137  0.686729  0.497532  0.576155  0.753820  0.721257  0.568322  0.716206  0.578233  0.652378  0.892209  0.732265  0.795714  0.591320  0.581029  0.681319  0.654786  0.724637  0.635858  0.762715  0.683439  0.596966  0.666467  0.807357  0.695141  0.737540  0.692017  0.683309  0.658787  0.696025  0.752349  0.764199  0.651803  0.766221  0.606095  0.826266 
42  0.728153  0.748896  0.820410  0.710443  0.783403  0.705968  0.801132  0.684366  0.720284  0.434247  0.702244  0.569108  0.734006  0.567807  0.794290  0.608241  0.725632  0.736657  0.666728  0.719779  0.677725  0.639337  0.760443  0.776115  0.367282  0.601386  0.796177  0.634978  0.472586  0.712599  0.746871  0.761248  0.796325  0.772891  0.652521  0.747014  0.506901  0.683645  0.723311  0.733170  0.859669  0.734563 0.0  0.794284  0.779937  0.777589  0.672041  0.769552  0.808226  0.661712  0.770840  0.738713  0.766518  0.754758  0.643987  0.834300  0.688449  0.797833  0.816382  0.753342  0.708449  0.763373  0.674335  0.449492  0.377353  0.384477  0.769221  0.673235  0.782310  0.772369  0.544751  0.685292  0.305094  0.532206  0.657725  0.567133  0.557919  0.693362  0.612461  0.699607  0.640491  0.625205  0.665619  0.401860  0.513131  0.650545  0.464440  0.628918  0.398703 
43  0.532450  0.412024  0.618592  0.554218  0.639505  0.701032  0.574189  0.653963  0.383538  0.796938  0.741028  0.652728  0.469195  0.639161  0.589819  0.712726  0.609758  0.686245  0.660288  0.712819  0.654121  0.774072  0.716800  0.715506  0.773569  0.682768  0.718412  0.633663  0.809636  0.528208  0.647484  0.615494  0.374780  0.699200  0.746823  0.604108  0.767572  0.647790  0.658667  0.688929  0.428688  0.411199  0.794284 0.0  0.666184  0.531604  0.617831  0.584045  0.644728  0.718873  0.586408  0.590172  0.638272  0.767776  0.814076  0.600674  0.711646  0.704150  0.569278  0.564473  0.576502  0.582553  0.692740  0.739091  0.807304  0.866142  0.628679  0.520225  0.638273  0.737027  0.581723  0.618446  0.861793  0.759658  0.554889  0.725547  0.717602  0.716290  0.659716  0.607956  0.653405  0.615304  0.616456  0.794459  0.756046  0.697629  0.713213  0.666860  0.705066 
44  0.522464  0.677105  0.575415  0.519863  0.586612  0.656037  0.745793  0.398411  0.609468  0.635596  0.607846  0.625457  0.486669  0.683800  0.624643  0.638970  0.778578  0.580584  0.577152  0.583497  0.555792  0.695970  0.637430  0.528552  0.644061  0.608940  0.779597  0.578094  0.692316  0.604837  0.475879  0.598711  0.515794  0.635875  0.622556  0.635573  0.728045  0.736454  0.401050  0.649880  0.649655  0.561661  0.779937  0.666184 0.0  0.539867  0.566040  0.550050  0.546953  0.659751  0.698511  0.629735  0.355818  0.802573  0.666717  0.518590  0.684389  0.660417  0.379224  0.507384  0.584744  0.632447  0.572716  0.765134  0.714734  0.835600  0.684580  0.470580  0.661931  0.616188  0.731001  0.683936  0.596358  0.636055  0.384777  0.648594  0.676248  0.611010  0.607410  0.608231  0.560184  0.535569  0.519717  0.728647  0.654716  0.585383  0.622832  0.689131  0.716263 
