89
0 0.0  0.650215  0.589116  0.441021  0.550416  0.738141  0.471242  0.545751  0.697346  0.814258  0.551279  0.836091  0.606587  0.771260  0.349077  0.573001  0.847962  0.687922  0.575546  0.744002  0.499791  0.771858  0.560004  0.578272  0.881865  0.632101  0.856127  0.635236  0.760433  0.697772  0.486379  0.675596  0.774124  0.660192  0.720864  0.708000  0.784221  0.732397  0.433347  0.749628  0.757907  0.592388  0.857229  0.701546  0.587523  0.650490  0.614270  0.483057  0.412837  0.781170  0.569971  0.467092  0.610257  0.802396  0.804872  0.669522  0.536678  0.697881  0.314818  0.067391  0.452718  0.572735  0.641264  0.809424  0.837929  0.790699  0.539326  0.544952  0.542102  0.641483  0.777504  0.672248  0.714142  0.664971  0.501576  0.736840  0.796649  0.474621  0.696744  0.667104  0.636526  0.629364  0.629603  0.764170  0.924314  0.776019  0.786534  0.715585  0.739099 
1  0.650215 0.0  0.681181  0.674965  0.662345  0.746926  0.578785  0.689480  0.476536  0.851274  0.748934  0.799771  0.520792  0.697230  0.601570  0.814649  0.717070  0.754943  0.699493  0.790221  0.619571  0.859332  0.613097  0.711149  0.771139  0.748128  0.878272  0.774115  0.803836  0.386651  0.586559  0.725034  0.625333  0.758441  0.847898  0.846160  0.796461  0.904230  0.736720  0.722874  0.517942  0.565820  0.816098  0.527800  0.629226  0.588363  0.657938  0.556789  0.656392  0.662075  0.606981  0.689482  0.744130  0.808370  0.809694  0.520465  0.666308  0.740771  0.709906  0.696426  0.746937  0.633778  0.768921  0.799312  0.905803  0.952618  0.665285  0.698463  0.612280  0.696195  0.841299  0.797641  0.882395  0.738920  0.658153  0.901511  0.795694  0.688933  0.763322  0.864016  0.853616  0.914272  0.771234  0.837701  0.787517  0.799547  0.841974  0.540137  0.963306 
2  0.589116  0.681181 0.0  0.611558  0.554175  0.808992  0.413073  0.634165  0.767931  0.898897  0.620865  0.713288  0.674602  0.869362  0.553947  0.788054  0.887488  0.806637  0.701347  0.608366  0.412908  0.832105  0.579356  0.557952  0.788518  0.757471  0.743752  0.724471  0.721266  0.642258  0.550878  0.781275  0.677836  0.662450  0.660491  0.673939  0.820865  0.557399  0.632455  0.816630  0.739360  0.744407  0.755688  0.643875  0.627789  0.490647  0.685875  0.479332  0.625033  0.737116  0.547496  0.540306  0.629558  0.636609  0.867835  0.617771  0.559555  0.675975  0.632312  0.578756  0.460302  0.369034  0.851618  0.864879  0.872705  0.801367  0.589113  0.635727  0.400531  0.540702  0.808816  0.785477  0.748287  0.788484  0.631153  0.842018  0.723883  0.655716  0.669666  0.741192  0.879782  0.731971  0.650767  0.867070  0.882541  0.708149  0.859490  0.730422  0.738963 
3  0.441021  0.674965  0.611558 0.0  0.449039  0.634450  0.643125  0.700270  0.728274  0.742666  0.526615  0.794083  0.542043  0.796980  0.164169  0.757375  0.835306  0.679067  0.579078  0.550870  0.504623  0.769039  0.376553  0.527493  0.854653  0.773650  0.900660  0.722900  0.716283  0.563759  0.486755  0.636783  0.632960  0.710404  0.671859  0.724356  0.868210  0.585455  0.512443  0.772033  0.607690  0.556527  0.822972  0.658504  0.690946  0.548496  0.608347  0.617841  0.252129  0.759613  0.561135  0.520407  0.685650  0.848587  0.698490  0.803120  0.481979  0.721772  0.485724  0.376626  0.390826  0.570566  0.642647  0.762474  0.731433  0.816838  0.653366  0.634557  0.419219  0.714332  0.796691  0.664956  0.846818  0.687562  0.521495  0.710358  0.843642  0.509893  0.677461  0.727785  0.676786  0.635062  0.553536  0.811678  0.845185  0.695635  0.788222  0.725993  0.836345 
4  0.550416  0.662345  0.554175  0.449039 0.0  0.695709  0.674220  0.678196  0.649931  0.846919  0.394465  0.809283  0.629214  0.919620  0.413108  0.701114  0.792877  0.688439  0.537734  0.593147  0.497998  0.765839  0.403201  0.647371  0.783573  0.720759  0.823915  0.598258  0.816854  0.616666  0.614148  0.392734  0.568241  0.615422  0.594237  0.658111  0.895060  0.664846  0.475452  0.786878  0.700165  0.609036  0.728274  0.663733  0.633765  0.543695  0.606292  0.526647  0.388566  0.610868  0.497843  0.435004  0.604685  0.704272  0.738885  0.677208  0.503871  0.651380  0.361141  0.498223  0.412925  0.659096  0.695014  0.776848  0.759308  0.710751  0.630121  0.485502  0.503512  0.794834  0.801836  0.610954  0.806908  0.657578  0.567482  0.729654  0.751074  0.515230  0.618462  0.684924  0.648119  0.601199  0.664931  0.709137  0.765315  0.615048  0.816928  0.765392  0.742516 
5  0.738141  0.746926  0.808992  0.634450  0.695709 0.0  0.701143  0.683435  0.806408  0.738514  0.618264  0.495732  0.688608  0.811023  0.571848  0.369526  0.882106  0.507856  0.494721  0.278912  0.754282  0.686088  0.686401  0.490916  0.795581  0.524105  0.785722  0.319833  0.736944  0.761284  0.776534  0.591384  0.632793  0.888484  0.285922  0.668378  0.797100  0.830022  0.784512  0.945661  0.756343  0.783416  0.700096  0.740537  0.613719  0.741083  0.353781  0.679639  0.637500  0.563979  0.674484  0.634825  0.726848  0.837031  0.703404  0.616687  0.708044  0.510612  0.686055  0.574158  0.674947  0.560913  0.292764  0.633602  0.880621  0.763602  0.672753  0.687827  0.646686  0.812706  0.737559  0.338236  0.678667  0.550826  0.645750  0.448917  0.672196  0.575929  0.599697  0.251169  0.396457  0.570297  0.524059  0.835346  0.741674  0.584243  0.827263  0.722495  0.714100 
6  0.471242  0.578785  0.413073  0.643125  0.674220  0.701143 0.0  0.714081  0.607446  0.899130  0.611220  0.743306  0.629805  0.832960  0.409017  0.742406  0.829687  0.779186  0.784586  0.768415  0.552330  0.895363  0.680524  0.510292  0.869374  0.759492  0.825631  0.672876  0.833072  0.536850  0.574002  0.668733  0.706178  0.606586  0.765505  0.740377  0.860401  0.697334  0.726379  0.754959  0.817532  0.711948  0.901024  0.581679  0.685338  0.369368  0.739551  0.552557  0.567643  0.859819  0.684809  0.608107  0.709047  0.754694  0.796202  0.535073  0.558149  0.811932  0.583445  0.762523  0.520255  0.431877  0.757178  0.866365  0.872104  0.890363  0.418025  0.696476  0.619544  0.763378  0.857643  0.845182  0.918906  0.791975  0.626463  0.646866  0.815961  0.644187  0.652147  0.805215  0.775988  0.566984  0.727307  0.962875  0.804772  0.825258  0.875843  0.594316  0.755795 
7  0.545751  0.689480  0.634165  0.700270  0.678196  0.683435  0.714081 0.0  0.651435  0.803452  0.754185  0.653209  0.555087  0.659926  0.616882  0.602948  0.858577  0.670743  0.695125  0.567749  0.680161  0.748816  0.658411  0.510330  0.847494  0.705808  0.804146  0.562537  0.716039  0.702109  0.591192  0.442627  0.644379  0.760032  0.679654  0.762307  0.750928  0.735373  0.524772  0.744937  0.597138  0.621819  0.778094  0.621536  0.388350  0.620438  0.646113  0.542618  0.608962  0.683076  0.684001  0.685075  0.309862  0.872908  0.776550  0.736650  0.577466  0.708883  0.427718  0.549504  0.624483  0.585030  0.757890  0.846209  0.799882  0.626438  0.639181  0.462679  0.661138  0.732015  0.804111  0.592395  0.769677  0.624832  0.368870  0.759669  0.694367  0.617362  0.733867  0.721382  0.612617  0.680266  0.708179  0.809384  0.794308  0.748765  0.983603  0.747636  0.846424 
8  0.697346  0.476536  0.767931  0.728274  0.649931  0.806408  0.607446  0.651435 0.0  0.784822  0.736538  0.832717  0.521721  0.777715  0.655166  0.798011  0.802753  0.815361  0.670938  0.707981  0.880223  0.816224  0.690924  0.685773  0.953954  0.837510  0.870610  0.835821  0.884466  0.491075  0.759037  0.714412  0.460798  0.703340  0.800169  0.814257  0.816208  0.863542  0.779045  0.638457  0.609385  0.435351  0.888068  0.482256  0.600443  0.652905  0.657657  0.706091  0.656128  0.834079  0.695005  0.711491  0.664862  0.811818  0.805452  0.591516  0.669083  0.761353  0.787174  0.669230  0.676093  0.620635  0.790801  0.775269  0.895505  0.781931  0.770990  0.710940  0.727088  0.660514  0.783963  0.780865  0.791421  0.778369  0.691711  0.739300  0.865542  0.643035  0.814478  0.749664  0.748082  0.826941  0.735580  0.823673  0.861399  0.760639  0.925012  0.502340  0.922640 
9  0.814258  0.851274  0.898897  0.742666  0.846919  0.738514  0.899130  0.803452  0.784822 0.0  0.698462  0.750231  0.991350  0.632146  0.786145  0.818785  0.883971  0.651155  0.708125  0.749235  0.809736  0.619956  0.712384  0.865488  0.545127  0.666788  0.831756  0.717641  0.701732  0.901298  0.843836  0.750918  0.895220  0.825844  0.669833  0.693966  0.525062  0.740068  0.795926  0.900334  0.883316  0.899193  0.548876  0.876209  0.889925  0.799799  0.688506  0.900130  0.814781  0.824716  0.765328  0.756109  0.839738  0.959663  0.654264  0.898587  0.620398  0.751102  0.842227  0.872658  0.838608  0.709741  0.820544  0.635289  0.186253  0.521105  0.876787  0.830478  0.779641  0.889440  0.638894  0.832723  0.629254  0.771019  0.713794  0.740714  0.597928  0.640081  0.697779  0.782205  0.718181  0.762323  0.746042  0.532963  0.452634  0.767089  0.560961  0.830809  0.557256 
10  0.551279  0.748934  0.620865  0.526615  0.394465  0.618264  0.611220  0.754185  0.736538  0.698462 0.0  0.759489  0.678594  0.812579  0.489412  0.667934  0.772970  0.657870  0.518805  0.641929  0.454721  0.744649  0.238382  0.632602  0.734545  0.760489  0.846156  0.752486  0.865418  0.728651  0.517462  0.586058  0.799412  0.600403  0.624876  0.777787  0.671013  0.511495  0.627415  0.822112  0.703031  0.702977  0.794197  0.707400  0.705022  0.611286  0.692901  0.660952  0.574158  0.706444  0.417729  0.516045  0.608252  0.786778  0.747624  0.690259  0.043438  0.702220  0.633004  0.484653  0.392403  0.542301  0.652586  0.781051  0.884492  0.752521  0.609483  0.628326  0.484433  0.650601  0.832696  0.589641  0.842652  0.611147  0.483389  0.722946  0.774696  0.555232  0.851287  0.682294  0.660367  0.508097  0.534236  0.826112  0.786042  0.839582  0.893417  0.810188  0.708469 
11  0.836091  0.799771  0.713288  0.794083  0.809283  0.495732  0.743306  0.653209  0.832717  0.750231  0.759489 0.0  0.745344  0.674593  0.828999  0.564983  0.896839  0.437548  0.704138  0.510942  0.739146  0.648421  0.735651  0.649515  0.646000  0.240446  0.924406  0.488585  0.701286  0.835501  0.650332  0.716269  0.772356  0.730921  0.526927  0.424690  0.699034  0.740111  0.783714  0.898046  0.819986  0.738300  0.718671  0.772623  0.737526  0.752134  0.701062  0.875622  0.731830  0.267520  0.780853  0.696224  0.763698  0.806058  0.547465  0.845464  0.840042  0.371836  0.775749  0.769712  0.708661  0.729212  0.536570  0.622328  0.739761  0.737466  0.744663  0.746841  0.827718  0.774140  0.626404  0.589292  0.708956  0.532143  0.747105  0.503987  0.551249  0.601643  0.112264  0.469827  0.496547  0.624688  0.677431  0.589500  0.706899  0.506348  0.706520  0.894917  0.620204 
12  0.606587  0.520792  0.674602  0.542043  0.629214  0.688608  0.629805  0.555087  0.521721  0.991350  0.678594  0.745344 0.0  0.828739  0.767465  0.622174  0.657224  0.855065  0.712234  0.684320  0.670942  0.873971  0.627191  0.648839  0.923385  0.787973  0.776265  0.796430  0.878239  0.581911  0.504430  0.711956  0.437399  0.760008  0.800408  0.790159  0.818209  0.708795  0.530773  0.658753  0.580207  0.510941  0.781148  0.527977  0.408855  0.643901  0.741359  0.644261  0.656054  0.707670  0.768807  0.647837  0.490155  0.762540  0.765501  0.403188  0.634427  0.788616  0.598058  0.689397  0.623072  0.660654  0.758309  0.764540  0.900958  0.790255  0.772300  0.539292  0.708189  0.721240  0.823176  0.755993  0.901862  0.687544  0.560142  0.673088  0.793724  0.576257  0.818641  0.696806  0.777413  0.660849  0.733697  0.808775  0.778732  0.742705  0.785075  0.748102  0.876511 
13  0.771260  0.697230  0.869362  0.796980  0.919620  0.811023  0.832960  0.659926  0.777715  0.632146  0.812579  0.674593  0.828739 0.0  0.826744  0.725761  0.971079  0.575354  0.787210  0.577387  0.853625  0.193120  0.793365  0.727552  0.547314  0.608876  0.934438  0.602593  0.389366  0.849302  0.893863  0.712964  0.815789  0.757518  0.775676  0.566925  0.617243  0.684356  0.769958  0.833057  0.872627  0.904854  0.677518  0.874398  0.784081  0.760237  0.743170  0.774955  0.797683  0.615475  0.745363  0.733344  0.841617  0.906322  0.315870  0.706969  0.749561  0.706629  0.804585  0.836676  0.688436  0.813961  0.612343  0.605066  0.574963  0.600229  0.854211  0.759294  0.826288  0.864833  0.374853  0.728780  0.484824  0.625969  0.629112  0.703716  0.611705  0.720367  0.495130  0.646685  0.619125  0.648422  0.807453  0.401353  0.585664  0.696219  0.563745  0.870816  0.373200 
14  0.349077  0.601570  0.553947  0.164169  0.413108  0.571848  0.409017  0.616882  0.655166  0.786145  0.489412  0.828999  0.767465  0.826744 0.0  0.708480  0.748760  0.642796  0.633553  0.669946  0.559490  0.807778  0.518748  0.540172  0.805752  0.611970  0.832881  0.778435  0.730825  0.659777  0.469173  0.435998  0.684587  0.753503  0.711622  0.638100  0.783587  0.657611  0.624468  0.789125  0.829841  0.640353  0.879992  0.561082  0.526431  0.624378  0.623727  0.507064  0.182456  0.714551  0.549919  0.374772  0.558418  0.806012  0.726451  0.654198  0.548749  0.764100  0.444370  0.411028  0.369378  0.511416  0.652864  0.785071  0.808725  0.742552  0.593804  0.652895  0.580166  0.660284  0.772650  0.672862  0.653213  0.721682  0.551206  0.687316  0.694695  0.506107  0.783853  0.633684  0.723753  0.543049  0.597052  0.706525  0.750792  0.657224  0.790068  0.638122  0.765448 
15  0.573001  0.814649  0.788054  0.757375  0.701114  0.369526  0.742406  0.602948  0.798011  0.818785  0.667934  0.564983  0.622174  0.725761  0.708480 0.0  0.912488  0.394135  0.589489  0.366134  0.632832  0.732035  0.656450  0.519424  0.710398  0.575637  0.798533  0.314647  0.600123  0.755575  0.763716  0.732358  0.705235  0.722235  0.367093  0.548815  0.593563  0.653243  0.619878  0.800096  0.740128  0.829434  0.680990  0.796752  0.588318  0.805796  0.446375  0.745064  0.669537  0.452575  0.631366  0.656414  0.752523  0.707792  0.616610  0.811852  0.706796  0.338780  0.679730  0.763304  0.610661  0.855974  0.411142  0.735323  0.791199  0.709402  0.835613  0.653203  0.683894  0.714219  0.737157  0.259932  0.646472  0.420533  0.659620  0.420006  0.617508  0.629541  0.577538  0.304167  0.276087  0.623991  0.619968  0.746911  0.719994  0.445232  0.759907  0.847006  0.659734 
16  0.847962  0.717070  0.887488  0.835306  0.792877  0.882106  0.829687  0.858577  0.802753  0.883971  0.772970  0.896839  0.657224  0.971079  0.748760  0.912488 0.0  0.803690  0.832320  0.883919  0.698481  0.924308  0.674359  0.731901  0.858403  0.860345  0.458878  0.806783  0.883755  0.661375  0.907910  0.936508  0.657275  0.719533  0.832257  0.782467  0.985129  0.858260  0.840488  0.890973  0.960687  0.812787  0.910591  0.847299  0.734374  0.753371  0.867020  0.746714  0.820859  0.891611  0.850900  0.809944  0.807064  0.723443  0.782357  0.764380  0.935219  0.932459  0.808530  0.846012  0.789063  0.826329  0.841966  0.844126  0.926442  0.956634  0.796335  0.817750  0.729232  0.800351  0.803424  0.825041  0.866741  0.869830  0.914196  0.853712  0.922144  0.851191  0.945239  0.881663  0.849792  0.815648  0.828901  1.000000  0.920315  0.960978  0.791270  0.633453  0.936215 
17  0.687922  0.754943  0.806637  0.679067  0.688439  0.507856  0.779186  0.670743  0.815361  0.651155  0.657870  0.437548  0.855065  0.575354  0.642796  0.394135  0.803690 0.0  0.638982  0.545710  0.723786  0.527626  0.726788  0.652575  0.698515  0.392904  0.838558  0.443772  0.633566  0.858131  0.603048  0.750039  0.727005  0.699809  0.451888  0.421812  0.758489  0.806570  0.726949  0.758574  0.786599  0.752064  0.665215  0.870006  0.759668  0.840609  0.598288  0.764817  0.855712  0.359767  0.718699  0.685479  0.800917  0.819240  0.631974  0.725021  0.707139  0.203553  0.780721  0.688297  0.715550  0.827202  0.418713  0.634421  0.658467  0.637350  0.783424  0.624111  0.814647  0.826194  0.682175  0.536382  0.762189  0.346578  0.624564  0.593157  0.545697  0.512083  0.447879  0.304423  0.410190  0.636138  0.710679  0.567088  0.577127  0.479805  0.668214  0.762043  0.594027 
18  0.575546  0.699493  0.701347  0.579078  0.537734  0.494721  0.784586  0.695125  0.670938  0.708125  0.518805  0.704138  0.712234  0.787210  0.633553  0.589489  0.832320  0.638982 0.0  0.450478  0.763309  0.705094  0.602053  0.272989  0.810565  0.583867  0.949134  0.512613  0.813032  0.758841  0.592982  0.254095  0.765395  0.762621  0.576772  0.632466  0.833803  0.695498  0.689466  0.817487  0.744496  0.713800  0.988902  0.669059  0.553041  0.704817  0.432078  0.678157  0.511153  0.566258  0.672659  0.533822  0.651738  0.701689  0.740833  0.732223  0.680398  0.666916  0.628277  0.489212  0.658439  0.589230  0.557440  0.685380  0.790447  0.706440  0.663578  0.564973  0.746349  0.761021  0.814219  0.451929  0.646509  0.490401  0.573670  0.610111  0.813102  0.572917  0.641500  0.496241  0.496227  0.629728  0.500454  0.774553  0.887233  0.666945  0.760966  0.770583  0.781870 
19  0.744002  0.790221  0.608366  0.550870  0.593147  0.278912  0.768415  0.567749  0.707981  0.749235  0.641929  0.510942  0.684320  0.577387  0.669946  0.366134  0.883919  0.545710  0.450478 0.0  0.671863  0.705861  0.602706  0.508276  0.722890  0.565606  0.851973  0.374938  0.665811  0.815752  0.767378  0.528894  0.762405  0.760554  0.547050  0.618495  0.718434  0.685959  0.640152  0.642274  0.687317  0.703035  0.775837  0.753266  0.647107  0.784535  0.369205  0.754564  0.651390  0.548351  0.747479  0.659761  0.597184  0.858803  0.591736  0.752224  0.629469  0.433313  0.687243  0.647685  0.715749  0.840420  0.389051  0.817435  0.725890  0.713128  0.658113  0.690442  0.651307  0.801511  0.720661  0.406181  0.724201  0.565772  0.656142  0.504044  0.667778  0.648589  0.630645  0.464015  0.448959  0.651012  0.637734  0.786310  0.777353  0.527461  0.700650  0.712015  0.672345 
20  0.499791  0.619571  0.412908  0.504623  0.497998  0.754282  0.552330  0.680161  0.880223  0.809736  0.454721  0.739146  0.670942  0.853625  0.559490  0.632832  0.698481  0.723786  0.763309  0.671863 0.0  0.753294  0.389723  0.602984  0.827856  0.662557  0.821374  0.720167  0.715967  0.718066  0.582938  0.560989  0.731492  0.501809  0.628716  0.679077  0.852223  0.578161  0.703339  0.821098  0.728356  0.738787  0.887650  0.610044  0.643767  0.605438  0.667861  0.520698  0.601063  0.706224  0.267812  0.562622  0.583179  0.665826  0.746803  0.565860  0.414520  0.695576  0.516774  0.583438  0.455812  0.546876  0.672244  0.786595  0.796444  0.883068  0.666453  0.611635  0.376552  0.633340  0.774497  0.717514  0.859662  0.746332  0.544572  0.769078  0.692609  0.549253  0.748780  0.552233  0.697242  0.570339  0.583049  0.880435  0.794958  0.673457  0.780856  0.745516  0.812832 
21  0.771858  0.859332  0.832105  0.769039  0.765839  0.686088  0.895363  0.748816  0.816224  0.619956  0.744649  0.648421  0.873971  0.193120  0.807778  0.732035  0.924308  0.527626  0.705094  0.705861  0.753294 0.0  0.761431  0.654129  0.610654  0.640687  0.933160  0.655361  0.390101  0.736470  0.801870  0.701766  0.837640  0.711972  0.641849  0.532169  0.479951  0.797651  0.730910  0.782176  0.910400  0.754654  0.489891  0.687604  0.858039  0.925249  0.622083  0.735000  0.729875  0.600208  0.874376  0.799682  0.726101  0.833706  0.314756  0.848266  0.868762  0.577018  0.778350  0.788601  0.721316  0.849044  0.632331  0.615544  0.649668  0.525691  0.854918  0.825835  0.736813  0.779051  0.178791  0.671277  0.584660  0.477372  0.773825  0.653995  0.514308  0.695448  0.541890  0.818047  0.572300  0.656063  0.663245  0.581734  0.543867  0.592696  0.657314  0.747504  0.386247 
22  0.560004  0.613097  0.579356  0.376553  0.403201  0.686401  0.680524  0.658411  0.690924  0.712384  0.238382  0.735651  0.627191  0.793365  0.518748  0.656450  0.674359  0.726788  0.602053  0.602706  0.389723  0.761431 0.0  0.600591  0.789947  0.626922  0.830046  0.657658  0.780868  0.623593  0.607813  0.601126  0.742865  0.658912  0.638331  0.723119  0.837667  0.640307  0.602735  0.772556  0.707169  0.714353  0.769232  0.796533  0.576010  0.694180  0.583178  0.658616  0.359399  0.793311  0.460419  0.355662  0.666751  0.739466  0.774319  0.571043  0.247162  0.661382  0.568347  0.614077  0.432764  0.629743  0.701083  0.813849  0.871070  0.842950  0.548002  0.640065  0.572688  0.689817  0.889933  0.798214  0.844933  0.666385  0.700563  0.769168  0.729690  0.508447  0.685336  0.737910  0.642906  0.529922  0.607038  0.659717  0.837384  0.645040  0.784414  0.671598  0.812293 
23  0.578272  0.711149  0.557952  0.527493  0.647371  0.490916  0.510292  0.510330  0.685773  0.865488  0.632602  0.649515  0.648839  0.727552  0.540172  0.519424  0.731901  0.652575  0.272989  0.508276  0.602984  0.654129  0.600591 0.0  0.673982  0.636100  0.950531  0.577909  0.776194  0.737046  0.755609  0.320379  0.731645  0.711529  0.577551  0.685775  0.716458  0.721947  0.496249  0.842944  0.751663  0.729392  0.796998  0.761838  0.633556  0.873480  0.477569  0.569129  0.592541  0.701811  0.608060  0.569201  0.589370  0.890168  0.677008  0.684517  0.615120  0.608417  0.575823  0.639431  0.607233  0.646416  0.683136  0.741195  0.733281  0.732045  0.664307  0.540405  0.678670  0.759624  0.678869  0.682675  0.663975  0.517784  0.553415  0.682345  0.768769  0.483218  0.678415  0.640174  0.558366  0.614060  0.518916  0.742778  0.793012  0.531106  0.837165  0.692427  0.621290 
24  0.881865  0.771139  0.788518  0.854653  0.783573  0.795581  0.869374  0.847494  0.953954  0.545127  0.734545  0.646000  0.923385  0.547314  0.805752  0.710398  0.858403  0.698515  0.810565  0.722890  0.827856  0.610654  0.789947  0.673982 0.0  0.629495  0.995672  0.769400  0.510987  0.923702  0.740060  0.870888  0.839886  0.762310  0.607049  0.665245  0.447195  0.715589  0.768945  0.894061  0.776671  0.836754  0.360789  0.850957  0.732812  0.738897  0.773938  0.762949  0.744154  0.557776  0.754655  0.791122  0.709428  0.756836  0.499462  0.785171  0.798124  0.694871  0.884656  0.831630  0.901126  0.738876  0.707798  0.441447  0.534510  0.218736  0.826129  0.936298  0.776934  0.712625  0.532947  0.741491  0.360323  0.707725  0.790357  0.707322  0.638521  0.787574  0.655487  0.651971  0.738344  0.830401  0.694535  0.129396  0.117901  0.733192  0.372678  0.826611  0.464883 
25  0.632101  0.748128  0.757471  0.773650  0.720759  0.524105  0.759492  0.705808  0.837510  0.666788  0.760489  0.240446  0.787973  0.608876  0.611970  0.575637  0.860345  0.392904  0.583867  0.565606  0.662557  0.640687  0.626922  0.636100  0.629495 0.0  0.831437  0.475555  0.652383  0.947505  0.700419  0.735753  0.683267  0.790903  0.393673  0.366607  0.640988  0.735169  0.753768  0.810878  0.692856  0.764130  0.578215  0.793951  0.768100  0.879455  0.544867  0.692834  0.683962  0.305882  0.794973  0.685926  0.765688  0.877904  0.641829  0.729473  0.768548  0.455759  0.836548  0.620927  0.756849  0.751961  0.526037  0.603447  0.694451  0.796692  0.770067  0.718926  0.590627  0.901553  0.632277  0.608511  0.647109  0.347973  0.700307  0.436766  0.711467  0.669983  0.215929  0.492662  0.474518  0.701099  0.580646  0.691550  0.668788  0.479912  0.612137  0.670839  0.596831 
26  0.856127  0.878272  0.743752  0.900660  0.823915  0.785722  0.825631  0.804146  0.870610  0.831756  0.846156  0.924406  0.776265  0.934438  0.832881  0.798533  0.458878  0.838558  0.949134  0.851973  0.821374  0.933160  0.830046  0.950531  0.995672  0.831437 0.0  0.906830  0.927675  0.806272  0.658177  0.766669  0.863151  0.802755  0.823378  0.929317  0.869614  0.899117  0.968523  0.870178  0.923067  0.855967  0.963562  0.766215  0.922887  0.826471  0.922341  0.848886  0.860327  0.760832  0.931919  0.807995  0.842697  0.718412  0.884342  0.797702  0.759842  0.907638  0.802267  0.801435  0.903968  0.799823  0.940128  0.928190  0.985025  0.912907  0.737617  0.875485  0.717677  0.798478  0.866123  0.939110  0.894860  0.971432  0.712501  0.900464  0.944268  0.826911  0.873457  0.887066  0.834061  0.858518  0.913741  0.867983  0.956159  0.879633  0.834395  0.839369  0.903579 
27  0.635236  0.774115  0.724471  0.722900  0.598258  0.319833  0.672876  0.562537  0.835821  0.717641  0.752486  0.488585  0.796430  0.602593  0.778435  0.314647  0.806783  0.443772  0.512613  0.374938  0.720167  0.655361  0.657658  0.577909  0.769400  0.475555  0.906830 0.0  0.679544  0.704017  0.749005  0.679885  0.762398  0.756507  0.291171  0.525803  0.683953  0.683699  0.635824  0.842581  0.736481  0.695274  0.671259  0.813734  0.645648  0.694617  0.589303  0.675400  0.625499  0.556655  0.718606  0.714101  0.737070  0.747277  0.581543  0.672809  0.725465  0.270793  0.722099  0.652723  0.728748  0.792250  0.069138  0.791960  0.689596  0.809974  0.854420  0.839370  0.777484  0.740755  0.611886  0.372114  0.747161  0.367041  0.598425  0.358410  0.632898  0.579892  0.676844  0.310537  0.257310  0.571758  0.610426  0.595926  0.705620  0.515623  0.734004  0.831790  0.663751 
28  0.760433  0.803836  0.721266  0.716283  0.816854  0.736944  0.833072  0.716039  0.884466  0.701732  0.865418  0.701286  0.878239  0.389366  0.730825  0.600123  0.883755  0.633566  0.813032  0.665811  0.715967  0.390101  0.780868  0.776194  0.510987  0.652383  0.927675  0.679544 0.0  0.784412  0.637445  0.656996  0.924879  0.770857  0.544104  0.524829  0.392934  0.774976  0.877604  0.804164  0.849888  0.841936  0.724529  0.863676  0.703779  0.802957  0.809201  0.875818  0.735221  0.608024  0.742144  0.831992  0.788768  0.759163  0.221940  0.844581  0.626476  0.634046  0.756036  0.767469  0.774185  0.801606  0.662052  0.360340  0.601173  0.469388  0.726099  0.911387  0.755393  0.731912  0.369793  0.648047  0.457631  0.613819  0.750781  0.681466  0.508962  0.631628  0.616188  0.720139  0.777566  0.782343  0.738402  0.391676  0.510367  0.687377  0.555632  0.870658  0.408799 
29  0.697772  0.386651  0.642258  0.563759  0.616666  0.761284  0.536850  0.702109  0.491075  0.901298  0.728651  0.835501  0.581911  0.849302  0.659777  0.755575  0.661375  0.858131  0.758841  0.815752  0.718066  0.736470  0.623593  0.737046  0.923702  0.947505  0.806272  0.704017  0.784412 0.0  0.592149  0.664334  0.616229  0.637912  0.798817  0.746983  0.862010  0.699878  0.689992  0.660322  0.594557  0.732224  0.883826  0.577653  0.691873  0.512071  0.816546  0.576910  0.648761  0.802181  0.674081  0.673062  0.602492  0.782718  0.939651  0.524055  0.652109  0.721446  0.665305  0.641027  0.706989  0.553320  0.680006  0.687212  0.803297  0.872103  0.622604  0.666559  0.711191  0.824256  0.810982  0.755518  0.951865  0.793888  0.639309  0.854685  0.838713  0.780539  0.724639  0.725459  0.866540  0.853256  0.701586  0.941318  0.848890  0.779337  0.857711  0.483944  0.797683 
30  0.486379  0.586559  0.550878  0.486755  0.614148  0.776534  0.574002  0.591192  0.759037  0.843836  0.517462  0.650332  0.504430  0.893863  0.469173  0.763716  0.907910  0.603048  0.592982  0.767378  0.582938  0.801870  0.607813  0.755609  0.740060  0.700419  0.658177  0.749005  0.637445  0.592149 0.0  0.634020  0.626052  0.731900  0.671849  0.750774  0.787097  0.737848  0.667149  0.623856  0.763849  0.683585  0.892210  0.674739  0.567311  0.569915  0.614643  0.505332  0.503359  0.790400  0.672429  0.665715  0.569447  0.760333  0.659116  0.557882  0.586887  0.709347  0.614047  0.571584  0.463911  0.422689  0.702596  0.823722  0.836441  0.773555  0.579634  0.642936  0.488622  0.663307  0.785958  0.726477  0.808234  0.714000  0.567861  0.795085  0.779800  0.585566  0.773966  0.692818  0.703882  0.785798  0.763744  0.740732  0.820584  0.696364  0.817292  0.676753  0.806936 
31  0.675596  0.725034  0.781275  0.636783  0.392734  0.591384  0.668733  0.442627  0.714412  0.750918  0.586058  0.716269  0.711956  0.712964  0.435998  0.732358  0.936508  0.750039  0.254095  0.528894  0.560989  0.701766  0.601126  0.320379  0.870888  0.735753  0.766669  0.679885  0.656996  0.664334  0.634020 0.0  0.672340  0.698183  0.618756  0.704562  0.738318  0.731262  0.543906  0.726744  0.806126  0.754303  0.719065  0.671924  0.599616  0.621802  0.541380  0.678885  0.499518  0.664557  0.758356  0.369836  0.565998  0.791175  0.645381  0.798393  0.524423  0.514566  0.569689  0.501781  0.506430  0.655442  0.568206  0.710717  0.913757  0.728673  0.622424  0.653744  0.613169  0.745037  0.732657  0.584769  0.643332  0.721171  0.708862  0.616505  0.765755  0.424078  0.644646  0.597352  0.568491  0.529568  0.653265  0.813916  0.803687  0.605090  0.769228  0.727599  0.735121 
32  0.774124  0.625333  0.677836  0.632960  0.568241  0.632793  0.706178  0.644379  0.460798  0.895220  0.799412  0.772356  0.437399  0.815789  0.684587  0.705235  0.657275  0.727005  0.765395  0.762405  0.731492  0.837640  0.742865  0.731645  0.839886  0.683267  0.863151  0.762398  0.924879  0.616229  0.626052  0.672340 0.0  0.709279  0.841279  0.896601  0.794574  0.790536  0.695782  0.675389  0.400109  0.261829  0.903975  0.448651  0.499617  0.736035  0.784049  0.638581  0.688982  0.853602  0.747525  0.781543  0.611163  0.830652  0.806887  0.647615  0.620138  0.684668  0.635676  0.648771  0.764264  0.726798  0.729405  0.869258  0.947938  0.891261  0.635828  0.659805  0.715827  0.774821  0.812718  0.805805  0.788468  0.846739  0.617038  0.819442  0.839810  0.704552  0.760332  0.792665  0.778148  0.700367  0.794388  0.913091  0.849375  0.768922  0.836832  0.646080  0.836015 
33  0.660192  0.758441  0.662450  0.710404  0.615422  0.888484  0.606586  0.760032  0.703340  0.825844  0.600403  0.730921  0.760008  0.757518  0.753503  0.722235  0.719533  0.699809  0.762621  0.760554  0.501809  0.711972  0.658912  0.711529  0.762310  0.790903  0.802755  0.756507  0.770857  0.637912  0.731900  0.698183  0.709279 0.0  0.820142  0.701374  0.881992  0.519799  0.754618  0.790308  0.785397  0.838284  0.766290  0.819050  0.688519  0.635059  0.752564  0.642685  0.660285  0.796640  0.616525  0.686597  0.643384  0.700369  0.789116  0.699792  0.594858  0.729549  0.656670  0.690924  0.689957  0.586858  0.733966  0.861290  0.865524  0.833971  0.622333  0.774507  0.631190  0.544074  0.821534  0.724251  0.713993  0.736212  0.710766  0.708879  0.805478  0.758668  0.839630  0.658376  0.769082  0.578034  0.651928  0.814867  0.783954  0.769860  0.824095  0.690018  0.861614 
34  0.720864  0.847898  0.660491  0.671859  0.594237  0.285922  0.765505  0.679654  0.800169  0.669833  0.624876  0.526927  0.800408  0.775676  0.711622  0.367093  0.832257  0.451888  0.576772  0.547050  0.628716  0.641849  0.638331  0.577551  0.607049  0.393673  0.823378  0.291171  0.544104  0.798817  0.671849  0.618756  0.841279  0.820142 0.0  0.496753  0.704118  0.637299  0.716543  0.859165  0.818435  0.743807  0.707740  0.809925  0.705421  0.739263  0.544256  0.721880  0.687423  0.615660  0.677817  0.609839  0.706496  0.842342  0.762133  0.740984  0.756291  0.318054  0.666263  0.664045  0.718145  0.731730  0.284472  0.698265  0.772312  0.726605  0.723530  0.614534  0.742534  0.709964  0.687423  0.074096  0.684543  0.414439  0.584850  0.349973  0.609977  0.675303  0.495286  0.279811  0.086156  0.629275  0.539574  0.866513  0.660266  0.519794  0.665219  0.786549  0.764996 
35  0.708000  0.846160  0.673939  0.724356  0.658111  0.668378  0.740377  0.762307  0.814257  0.693966  0.777787  0.424690  0.790159  0.566925  0.638100  0.548815  0.782467  0.421812  0.632466  0.618495  0.679077  0.532169  0.723119  0.685775  0.665245  0.366607  0.929317  0.525803  0.524829  0.746983  0.750774  0.704562  0.896601  0.701374  0.496753 0.0  0.566826  0.772721  0.627592  0.743068  0.733758  0.824707  0.702568  0.836527  0.731017  0.877228  0.682470  0.679136  0.684935  0.289712  0.710586  0.824155  0.724445  0.866719  0.653661  0.785311  0.731441  0.532687  0.706012  0.749022  0.698161  0.792181  0.510691  0.696110  0.739727  0.572139  0.802302  0.764098  0.813109  0.719005  0.507967  0.566792  0.565138  0.446053  0.810448  0.582647  0.628781  0.653357  0.399952  0.486724  0.580502  0.679678  0.650744  0.755804  0.695638  0.630502  0.638055  0.832139  0.618772 
36  0.784221  0.796461  0.820865  0.868210  0.895060  0.797100  0.860401  0.750928  0.816208  0.525062  0.671013  0.699034  0.818209  0.617243  0.783587  0.593563  0.985129  0.758489  0.833803  0.718434  0.852223  0.479951  0.837667  0.716458  0.447195  0.640988  0.869614  0.683953  0.392934  0.862010  0.787097  0.738318  0.794574  0.881992  0.704118  0.566826 0.0  0.829069  0.818275  0.873085  0.871616  0.866267  0.584621  0.839826  0.897233  0.916582  0.735749  0.862016  0.740597  0.705490  0.828372  0.702116  0.704790  0.872537  0.468680  0.833240  0.755337  0.564163  0.763895  0.796653  0.935312  0.803525  0.686739  0.279634  0.573935  0.374508  0.772217  0.778294  0.873091  0.799748  0.491454  0.642116  0.382088  0.658443  0.884572  0.644927  0.569485  0.634914  0.571759  0.672585  0.674984  0.703420  0.755409  0.469590  0.365110  0.678750  0.363271  0.872165  0.240089 
37  0.732397  0.904230  0.557399  0.585455  0.664846  0.830022  0.697334  0.735373  0.863542  0.740068  0.511495  0.740111  0.708795  0.684356  0.657611  0.653243  0.858260  0.806570  0.695498  0.685959  0.578161  0.797651  0.640307  0.721947  0.715589  0.735169  0.899117  0.683699  0.774976  0.699878  0.737848  0.731262  0.790536  0.519799  0.637299  0.772721  0.829069 0.0  0.664598  0.834708  0.926617  0.737180  0.852791  0.690522  0.808548  0.636985  0.700336  0.636807  0.780746  0.736104  0.551461  0.640136  0.739710  0.793102  0.757954  0.759033  0.542009  0.716773  0.689238  0.624313  0.627016  0.737885  0.653298  0.790696  0.819188  0.814517  0.523390  0.702374  0.633251  0.642979  0.897141  0.707266  0.855826  0.768251  0.670070  0.743274  0.786253  0.635447  0.689313  0.691406  0.806392  0.639565  0.674518  0.912518  0.752736  0.616322  0.858495  0.717276  0.727161 
38  0.433347  0.736720  0.632455  0.512443  0.475452  0.784512  0.726379  0.524772  0.779045  0.795926  0.627415  0.783714  0.530773  0.769958  0.624468  0.619878  0.840488  0.726949  0.689466  0.640152  0.703339  0.730910  0.602735  0.496249  0.768945  0.753768  0.968523  0.635824  0.877604  0.689992  0.667149  0.543906  0.695782  0.754618  0.716543  0.627592  0.818275  0.664598 0.0  0.785722  0.735937  0.768945  0.802368  0.698080  0.564088  0.667717  0.602004  0.647322  0.462003  0.644681  0.588171  0.456970  0.506072  0.773831  0.901650  0.597955  0.638897  0.727096  0.470399  0.398167  0.553666  0.551000  0.651918  0.818348  0.820714  0.766273  0.797865  0.275574  0.654951  0.746935  0.821197  0.641036  0.736620  0.673770  0.480309  0.553248  0.809784  0.520872  0.635339  0.652833  0.756307  0.619722  0.638962  0.681035  0.846213  0.768167  0.743109  0.709700  0.781302 
39  0.749628  0.722874  0.816630  0.772033  0.786878  0.945661  0.754959  0.744937  0.638457  0.900334  0.822112  0.898046  0.658753  0.833057  0.789125  0.800096  0.890973  0.758574  0.817487  0.642274  0.821098  0.782176  0.772556  0.842944  0.894061  0.810878  0.870178  0.842581  0.804164  0.660322  0.623856  0.726744  0.675389  0.790308  0.859165  0.743068  0.873085  0.834708  0.785722 0.0  0.648227  0.620566  0.922692  0.669442  0.760453  0.734678  0.800572  0.739491  0.854708  0.839395  0.807917  0.681956  0.719111  0.873840  0.962912  0.844736  0.856093  0.929424  0.880497  0.719386  0.774087  0.707765  0.794416  0.817415  0.834961  0.801156  0.740732  0.718715  0.821736  0.768160  0.885000  0.899002  0.833493  0.840046  0.794075  0.839591  0.846178  0.814595  0.809264  0.813390  0.811276  0.722137  0.750928  0.901312  0.808453  0.683054  0.800109  0.791206  0.791528 
40  0.757907  0.517942  0.739360  0.607690  0.700165  0.756343  0.817532  0.597138  0.609385  0.883316  0.703031  0.819986  0.580207  0.872627  0.829841  0.740128  0.960687  0.786599  0.744496  0.687317  0.728356  0.910400  0.707169  0.751663  0.776671  0.692856  0.923067  0.736481  0.849888  0.594557  0.763849  0.806126  0.400109  0.785397  0.818435  0.733758  0.871616  0.926617  0.735937  0.648227 0.0  0.425273  0.910716  0.448457  0.658472  0.696823  0.822049  0.728563  0.730172  0.821402  0.676794  0.729609  0.693121  0.906889  0.832815  0.613572  0.691876  0.751554  0.650333  0.643852  0.703882  0.752652  0.653934  0.951714  0.755054  0.874548  0.653914  0.658862  0.669361  0.821011  0.920619  0.838874  0.889720  0.806225  0.622647  0.738111  0.861354  0.753007  0.766271  0.700204  0.670895  0.833012  0.727567  0.776264  0.869446  0.707441  0.807578  0.641630  0.752022 
41  0.592388  0.565820  0.744407  0.556527  0.609036  0.783416  0.711948  0.621819  0.435351  0.899193  0.702977  0.738300  0.510941  0.904854  0.640353  0.829434  0.812787  0.752064  0.713800  0.703035  0.738787  0.754654  0.714353  0.729392  0.836754  0.764130  0.855967  0.695274  0.841936  0.732224  0.683585  0.754303  0.261829  0.838284  0.743807  0.824707  0.866267  0.737180  0.768945  0.620566  0.425273 0.0  0.851056  0.459876  0.654390  0.699585  0.691676  0.636641  0.751609  0.860002  0.706956  0.705007  0.711147  0.763738  0.786317  0.689907  0.797262  0.749897  0.631892  0.645169  0.716741  0.603115  0.784658  0.842331  0.957803  0.825183  0.757533  0.754269  0.677182  0.766752  0.844662  0.781101  0.869150  0.809295  0.656199  0.822963  0.773207  0.723873  0.864465  0.826873  0.724121  0.746312  0.760370  0.896856  0.816595  0.782044  0.754468  0.617573  0.923188 
42  0.857229  0.816098  0.755688  0.822972  0.728274  0.700096  0.901024  0.778094  0.888068  0.548876  0.794197  0.718671  0.781148  0.677518  0.879992  0.680990  0.910591  0.665215  0.988902  0.775837  0.887650  0.489891  0.769232  0.796998  0.360789  0.578215  0.963562  0.671259  0.724529  0.883826  0.892210  0.719065  0.903975  0.766290  0.707740  0.702568  0.584621  0.852791  0.802368  0.922692  0.910716  0.851056 0.0  0.920523  0.730549  0.885011  0.754160  0.894648  0.837803  0.650860  0.744655  0.733116  0.831356  0.961337  0.560508  0.810764  0.812259  0.847184  0.840582  0.795649  0.827095  0.838573  0.734495  0.574891  0.413815  0.461258  0.816788  0.818791  0.783124  0.867021  0.605617  0.746943  0.445822  0.633039  0.748803  0.621678  0.752269  0.710435  0.727461  0.755548  0.727613  0.884563  0.861024  0.419300  0.525337  0.723489  0.530218  0.776371  0.478847 
43  0.701546  0.527800  0.643875  0.658504  0.663733  0.740537  0.581679  0.621536  0.482256  0.876209  0.707400  0.772623  0.527977  0.874398  0.561082  0.796752  0.847299  0.870006  0.669059  0.753266  0.610044  0.687604  0.796533  0.761838  0.850957  0.793951  0.766215  0.813734  0.863676  0.577653  0.674739  0.671924  0.448651  0.819050  0.809925  0.836527  0.839826  0.690522  0.698080  0.669442  0.448457  0.459876  0.920523 0.0  0.557165  0.691072  0.635684  0.667584  0.634301  0.759419  0.705736  0.684686  0.506214  0.884714  0.832081  0.570363  0.736122  0.805841  0.656629  0.611839  0.692892  0.712473  0.689018  0.832034  0.732650  0.737462  0.770237  0.683578  0.659711  0.735805  0.704411  0.743646  0.952279  0.871422  0.654996  0.734855  0.820251  0.694259  0.805271  0.625856  0.791752  0.759384  0.789036  0.819294  0.842987  0.887713  0.861796  0.643080  0.784700 
44  0.587523  0.629226  0.627789  0.690946  0.633765  0.613719  0.685338  0.388350  0.600443  0.889925  0.705022  0.737526  0.408855  0.784081  0.526431  0.588318  0.734374  0.759668  0.553041  0.647107  0.643767  0.858039  0.576010  0.633556  0.732812  0.768100  0.922887  0.645648  0.703779  0.691873  0.567311  0.599616  0.499617  0.688519  0.705421  0.731017  0.897233  0.808548  0.564088  0.760453  0.658472  0.654390  0.730549  0.557165 0.0  0.641017  0.656763  0.596922  0.536830  0.648662  0.711181  0.502876  0.251260  0.796628  0.711560  0.678998  0.586144  0.745065  0.465814  0.665929  0.618950  0.570291  0.687241  0.801226  0.854901  0.798907  0.640593  0.419976  0.664186  0.709902  0.850926  0.706498  0.606771  0.703412  0.454305  0.743110  0.816055  0.722046  0.708433  0.685865  0.716734  0.784124  0.791958  0.936546  0.811605  0.655959  0.825248  0.848106  0.907092 
