89
0 0.0  0.586308  0.546824  0.323495  0.509200  0.577617  0.592483  0.534640  0.602520  0.812753  0.469636  0.667628  0.615150  0.716408  0.250986  0.546249  0.773297  0.659362  0.590671  0.719865  0.547298  0.742991  0.494795  0.573384  0.642483  0.698891  0.855327  0.658699  0.687578  0.581540  0.473291  0.487094  0.688636  0.733271  0.667922  0.652390  0.722326  0.557534  0.536598  0.756761  0.569485  0.681394  0.670319  0.541195  0.623182  0.593330  0.634057  0.572210  0.356198  0.673401  0.468785  0.375896  0.443738  0.738082  0.716409  0.643941  0.543218  0.557203  0.282883  0.138322  0.466096  0.515054  0.729747  0.717634  0.790659  0.798720  0.653974  0.524785  0.527229  0.636353  0.756957  0.693993  0.724624  0.703959  0.347448  0.614049  0.742903  0.538677  0.664101  0.688498  0.575572  0.586612  0.559465  0.892437  0.853135  0.676163  0.746072  0.638971  0.790463 
1  0.586308 0.0  0.583197  0.540614  0.573733  0.660822  0.517376  0.519844  0.420664  0.895210  0.562336  0.779711  0.486318  0.754022  0.578180  0.650916  0.827538  0.723326  0.618079  0.675846  0.628110  0.744019  0.690662  0.759064  0.827562  0.727012  0.647822  0.725372  0.845171  0.335207  0.546804  0.651181  0.410459  0.596097  0.748686  0.726637  0.857914  0.740106  0.648015  0.630301  0.658143  0.551968  0.880688  0.424094  0.542216  0.526998  0.641996  0.544581  0.644387  0.625889  0.566179  0.580507  0.620130  0.707164  0.867599  0.520429  0.618816  0.798278  0.563637  0.523171  0.533200  0.562327  0.661981  0.637448  0.791914  0.818295  0.526702  0.618272  0.640819  0.680901  0.671361  0.664528  0.702784  0.765264  0.599820  0.735143  0.723847  0.715293  0.723557  0.713901  0.779660  0.673050  0.671840  0.847639  0.687180  0.762674  0.733949  0.544832  0.775543 
2  0.546824  0.583197 0.0  0.528662  0.587674  0.666738  0.503025  0.540371  0.639503  0.848565  0.583176  0.723550  0.528068  0.742472  0.464541  0.687657  0.750969  0.726971  0.532843  0.527125  0.453047  0.651162  0.520828  0.590556  0.801804  0.780895  0.713052  0.753187  0.700651  0.565786  0.432176  0.691694  0.664086  0.508437  0.678354  0.643002  0.711407  0.680294  0.560751  0.675556  0.693570  0.691309  0.801198  0.728276  0.530157  0.435092  0.723541  0.409989  0.427130  0.645937  0.488721  0.579828  0.527443  0.711959  0.748713  0.548373  0.588113  0.675131  0.603429  0.641895  0.595345  0.246662  0.744873  0.804707  0.744920  0.825708  0.424432  0.538295  0.402560  0.502134  0.844584  0.626677  0.759771  0.612275  0.582073  0.549150  0.717735  0.652846  0.638451  0.858727  0.685407  0.609550  0.572770  0.687716  0.714338  0.563939  0.817323  0.554279  0.789798 
3  0.323495  0.540614  0.528662 0.0  0.395248  0.503158  0.578285  0.521686  0.652066  0.828967  0.501643  0.658510  0.581056  0.616568  0.139027  0.555138  0.667759  0.638324  0.532680  0.629526  0.434329  0.759910  0.373071  0.478434  0.747965  0.730939  0.735627  0.607702  0.744353  0.588849  0.415015  0.436365  0.447683  0.600009  0.524066  0.594236  0.731529  0.628844  0.538824  0.743720  0.584044  0.705411  0.736380  0.669155  0.480127  0.578057  0.555346  0.470836  0.206562  0.708324  0.479558  0.311860  0.538868  0.778733  0.669186  0.536088  0.445360  0.636475  0.351720  0.377532  0.306029  0.567806  0.575185  0.757011  0.755873  0.675374  0.504299  0.473382  0.441307  0.703018  0.731613  0.520917  0.775494  0.595512  0.425785  0.777005  0.834158  0.398830  0.619502  0.626078  0.625417  0.575438  0.584126  0.740670  0.672078  0.681759  0.668094  0.662877  0.698520 
4  0.509200  0.573733  0.587674  0.395248 0.0  0.662199  0.635424  0.488865  0.689232  0.772561  0.376006  0.549300  0.577192  0.714478  0.379710  0.530363  0.686150  0.495446  0.649748  0.522894  0.425520  0.683424  0.355550  0.592768  0.738105  0.629922  0.823785  0.524199  0.673257  0.620521  0.574727  0.462350  0.665503  0.548275  0.630493  0.695009  0.730775  0.562170  0.403954  0.731090  0.627822  0.769835  0.771522  0.589175  0.443309  0.623883  0.510953  0.475783  0.382818  0.652269  0.422757  0.338561  0.610862  0.769731  0.728287  0.629693  0.402605  0.671346  0.370352  0.480571  0.418336  0.544165  0.611875  0.628993  0.665202  0.843612  0.631388  0.482759  0.580997  0.709534  0.758789  0.646745  0.785584  0.654182  0.551744  0.656501  0.736837  0.363842  0.680640  0.517909  0.615753  0.529605  0.556353  0.738141  0.706168  0.475440  0.694017  0.668610  0.681799 
5  0.577617  0.660822  0.666738  0.503158  0.662199 0.0  0.645971  0.675774  0.756907  0.741718  0.680526  0.488473  0.706157  0.658783  0.486170  0.256539  0.841350  0.484434  0.529220  0.268722  0.619992  0.562370  0.663024  0.524783  0.606062  0.476539  0.747467  0.278347  0.585924  0.741292  0.678093  0.517195  0.637073  0.757606  0.335377  0.417038  0.691142  0.650839  0.538613  0.799102  0.728718  0.762377  0.723376  0.676283  0.487014  0.733389  0.311996  0.685127  0.580184  0.476349  0.687903  0.598374  0.583218  0.736413  0.722891  0.523779  0.560896  0.450186  0.664766  0.607754  0.673498  0.655933  0.420520  0.610408  0.723637  0.619031  0.738997  0.568385  0.694634  0.654954  0.593469  0.323377  0.753936  0.438246  0.673998  0.502365  0.539059  0.602215  0.593631  0.442639  0.283461  0.637050  0.513020  0.661078  0.816849  0.474927  0.620795  0.684984  0.719926 
6  0.592483  0.517376  0.503025  0.578285  0.635424  0.645971 0.0  0.599495  0.513458  0.793956  0.625718  0.687911  0.696475  0.707155  0.530288  0.691677  0.670645  0.750705  0.542666  0.745383  0.524737  0.710355  0.646824  0.600125  0.795325  0.835135  0.750187  0.690525  0.745313  0.562099  0.478795  0.605184  0.633858  0.574709  0.717405  0.806647  0.692160  0.661105  0.652894  0.720000  0.647909  0.582415  0.785193  0.639734  0.680927  0.318000  0.663556  0.399707  0.550343  0.748499  0.572639  0.632897  0.605672  0.682134  0.731171  0.431608  0.579387  0.734937  0.674224  0.709822  0.612267  0.423265  0.705711  0.789062  0.756682  0.740623  0.581935  0.600893  0.435757  0.590904  0.738819  0.732608  0.805620  0.751435  0.559782  0.682819  0.662642  0.615858  0.780757  0.649056  0.810441  0.666607  0.677806  0.795925  0.717444  0.671459  0.746582  0.552869  0.860564 
7  0.534640  0.519844  0.540371  0.521686  0.488865  0.675774  0.599495 0.0  0.592268  0.790761  0.675411  0.733416  0.537524  0.708820  0.501825  0.609164  0.800341  0.643393  0.520052  0.474664  0.596733  0.749553  0.623327  0.518728  0.695074  0.596448  0.870028  0.695804  0.729652  0.618616  0.685215  0.591611  0.477012  0.552945  0.661721  0.710806  0.701164  0.670469  0.494598  0.648475  0.527234  0.671424  0.723980  0.534613  0.341066  0.662076  0.580782  0.526770  0.591202  0.708227  0.638565  0.508274  0.300575  0.784369  0.717130  0.616804  0.611280  0.681591  0.493904  0.467056  0.597908  0.690771  0.628917  0.722741  0.787625  0.724651  0.734753  0.383342  0.612526  0.713145  0.689837  0.601185  0.640018  0.596584  0.463676  0.721592  0.633051  0.602061  0.693659  0.628874  0.598027  0.573937  0.513315  0.748136  0.807188  0.627619  0.757926  0.655175  0.781145 
8  0.602520  0.420664  0.639503  0.652066  0.689232  0.756907  0.513458  0.592268 0.0  0.810792  0.611113  0.841455  0.529711  0.850928  0.608238  0.741667  0.661553  0.780669  0.804519  0.690762  0.656675  0.725946  0.731702  0.683824  0.705819  0.792301  0.800176  0.826440  0.731220  0.543075  0.584896  0.724739  0.420054  0.726634  0.729500  0.745399  0.723968  0.638407  0.715096  0.624721  0.564868  0.564036  0.781766  0.453426  0.647062  0.570937  0.672417  0.616750  0.593578  0.748677  0.670930  0.647929  0.573856  0.772062  0.702225  0.647431  0.712378  0.821099  0.572819  0.565130  0.671057  0.682552  0.754097  0.723730  0.752691  0.818097  0.635284  0.478731  0.612164  0.592958  0.751530  0.763484  0.793026  0.648748  0.558031  0.625476  0.799196  0.736439  0.702654  0.698578  0.660415  0.735275  0.725922  0.793030  0.784678  0.710253  0.834181  0.581072  0.771536 
9  0.812753  0.895210  0.848565  0.828967  0.772561  0.741718  0.793956  0.790761  0.810792 0.0  0.846285  0.659035  0.810213  0.541560  0.774124  0.577641  0.885419  0.695988  0.748465  0.753008  0.766900  0.548629  0.758910  0.685054  0.366335  0.612718  0.922364  0.653210  0.485215  0.782917  0.820263  0.797221  0.830471  0.837801  0.708934  0.641236  0.520554  0.809610  0.742368  0.837618  0.772613  0.696447  0.429030  0.749429  0.824719  0.822075  0.761666  0.727111  0.822048  0.627302  0.710329  0.786800  0.744535  0.764835  0.628795  0.859639  0.721861  0.692656  0.692566  0.824850  0.699172  0.680632  0.788122  0.541395  0.160454  0.597876  0.771885  0.769836  0.794311  0.736830  0.518406  0.663810  0.416355  0.602072  0.817416  0.716055  0.582956  0.664819  0.550073  0.597714  0.660732  0.620204  0.735706  0.435438  0.386865  0.619102  0.455234  0.777457  0.573795 
10  0.469636  0.562336  0.583176  0.501643  0.376006  0.680526  0.625718  0.675411  0.611113  0.846285 0.0  0.756738  0.545435  0.629230  0.486442  0.628951  0.774768  0.694003  0.528702  0.720590  0.442417  0.785283  0.263534  0.581217  0.720476  0.595880  0.734026  0.763073  0.753402  0.670181  0.421305  0.503634  0.660929  0.546514  0.650459  0.625790  0.769681  0.519351  0.591923  0.692309  0.566017  0.751861  0.763481  0.612071  0.604791  0.593121  0.587865  0.544983  0.339691  0.704103  0.328850  0.494544  0.577277  0.756749  0.707772  0.712252  0.108086  0.561946  0.453659  0.491026  0.482052  0.505456  0.580439  0.766848  0.692939  0.678981  0.471737  0.592458  0.413573  0.615465  0.778033  0.498712  0.753183  0.609373  0.529946  0.612395  0.686760  0.437043  0.713634  0.596332  0.731127  0.447041  0.435282  0.669785  0.801058  0.612386  0.763469  0.774300  0.767416 
11  0.667628  0.779711  0.723550  0.658510  0.549300  0.488473  0.687911  0.733416  0.841455  0.659035  0.756738 0.0  0.711351  0.472795  0.720498  0.476268  0.775466  0.323252  0.547402  0.555445  0.708778  0.506801  0.669134  0.610208  0.729854  0.351679  0.817298  0.411792  0.556540  0.707967  0.646313  0.597413  0.615603  0.760208  0.419126  0.330857  0.678817  0.730104  0.639300  0.828934  0.766270  0.725755  0.620197  0.689924  0.785312  0.681772  0.532170  0.698452  0.644428  0.447161  0.690841  0.727919  0.702248  0.806570  0.586396  0.748316  0.667422  0.439642  0.573174  0.742738  0.642107  0.754076  0.423788  0.643025  0.552942  0.692479  0.739172  0.689393  0.716414  0.817153  0.401597  0.430706  0.576888  0.404091  0.662135  0.421694  0.460099  0.468579  0.247295  0.451556  0.429423  0.515310  0.691226  0.573862  0.530752  0.500060  0.623222  0.694994  0.566334 
12  0.615150  0.486318  0.528068  0.581056  0.577192  0.706157  0.696475  0.537524  0.529711  0.810213  0.545435  0.711351 0.0  0.726721  0.576186  0.651243  0.690186  0.663512  0.630767  0.598220  0.728131  0.731633  0.575843  0.601804  0.767053  0.717698  0.845765  0.843768  0.809087  0.547044  0.612472  0.682140  0.421624  0.656468  0.726639  0.704490  0.702871  0.560472  0.565089  0.662104  0.486590  0.474556  0.753601  0.379418  0.579978  0.682976  0.719581  0.592686  0.503518  0.731116  0.712322  0.552201  0.448209  0.764656  0.755296  0.428949  0.633743  0.667570  0.565059  0.662317  0.535454  0.524399  0.686203  0.676947  0.702105  0.723257  0.662896  0.560016  0.550242  0.632803  0.760882  0.678593  0.702594  0.681789  0.517368  0.721495  0.643823  0.667070  0.735870  0.731948  0.738116  0.693314  0.707384  0.835190  0.688937  0.670836  0.699640  0.627584  0.690020 
13  0.716408  0.754022  0.742472  0.616568  0.714478  0.658783  0.707155  0.708820  0.850928  0.541560  0.629230  0.472795  0.726721 0.0  0.708288  0.466007  0.889451  0.472982  0.605722  0.642231  0.774691  0.214566  0.725195  0.759660  0.503543  0.603482  0.852827  0.525128  0.451894  0.718767  0.728425  0.660858  0.763089  0.747937  0.738504  0.409532  0.527439  0.697240  0.735283  0.796367  0.847948  0.818105  0.648061  0.733634  0.668782  0.771620  0.601452  0.658237  0.768762  0.536018  0.827144  0.653950  0.651526  0.812981  0.312815  0.652366  0.609208  0.452789  0.703900  0.701656  0.692323  0.769656  0.610709  0.419689  0.617871  0.609827  0.731372  0.592438  0.737289  0.674209  0.324130  0.657840  0.517465  0.478147  0.719632  0.689852  0.449087  0.622158  0.428785  0.673952  0.631390  0.658756  0.649417  0.690924  0.497746  0.555773  0.516700  0.831009  0.415192 
14  0.250986  0.578180  0.464541  0.139027  0.379710  0.486170  0.530288  0.501825  0.608238  0.774124  0.486442  0.720498  0.576186  0.708288 0.0  0.677858  0.697488  0.705669  0.512004  0.495714  0.482990  0.638463  0.479520  0.437615  0.769462  0.666765  0.814112  0.750342  0.642203  0.687538  0.474085  0.574158  0.583423  0.621979  0.691427  0.757717  0.722870  0.637726  0.448963  0.719781  0.513581  0.570464  0.772722  0.628075  0.570226  0.589550  0.657639  0.532536  0.224537  0.726954  0.559888  0.275945  0.630136  0.669073  0.655805  0.525691  0.482779  0.623776  0.314874  0.263499  0.286348  0.521095  0.550260  0.664808  0.841492  0.778999  0.634765  0.483253  0.591361  0.593845  0.674346  0.606014  0.795011  0.688517  0.399642  0.654864  0.720948  0.414894  0.605896  0.545897  0.571461  0.603732  0.570834  0.676621  0.717383  0.630419  0.793469  0.645579  0.696335 
15  0.546249  0.650916  0.687657  0.555138  0.530363  0.256539  0.691677  0.609164  0.741667  0.577641  0.628951  0.476268  0.651243  0.466007  0.677858 0.0  0.832545  0.500553  0.615771  0.437678  0.664235  0.593420  0.630724  0.549670  0.733021  0.515394  0.834100  0.343452  0.667729  0.659469  0.641820  0.480590  0.571406  0.756698  0.292658  0.511693  0.656373  0.712547  0.631640  0.710003  0.575951  0.706918  0.705165  0.648947  0.616209  0.650774  0.327478  0.658897  0.643124  0.498816  0.644667  0.644958  0.574371  0.731142  0.651442  0.725345  0.588023  0.425775  0.693820  0.610807  0.615657  0.709236  0.251098  0.634949  0.723057  0.738602  0.671687  0.628020  0.601099  0.667387  0.647634  0.324927  0.610838  0.322873  0.583074  0.391649  0.703060  0.570581  0.526830  0.349687  0.245795  0.508609  0.652836  0.717099  0.555789  0.522474  0.655673  0.709304  0.684293 
16  0.773297  0.827538  0.750969  0.667759  0.686150  0.841350  0.670645  0.800341  0.661553  0.885419  0.774768  0.775466  0.690186  0.889451  0.697488  0.832545 0.0  0.792515  0.797157  0.715454  0.749718  0.830527  0.637286  0.797074  0.844651  0.875084  0.357873  0.757642  0.852938  0.740138  0.680500  0.758394  0.765823  0.656623  0.768393  0.833689  0.799667  0.724989  0.760145  0.705470  0.752081  0.735164  0.814870  0.692701  0.712775  0.723114  0.697196  0.624606  0.604391  0.806547  0.806516  0.752401  0.726905  0.557494  0.689609  0.661722  0.702296  0.759350  0.752739  0.775168  0.814173  0.688252  0.772011  0.731629  0.798865  0.835799  0.680079  0.709224  0.688592  0.761754  0.833095  0.765392  0.801685  0.800495  0.644425  0.794578  0.904938  0.756613  0.821723  0.805895  0.810370  0.820618  0.759672  0.831580  0.766275  0.744792  0.710031  0.577456  0.841471 
17  0.659362  0.723326  0.726971  0.638324  0.495446  0.484434  0.750705  0.643393  0.780669  0.695988  0.694003  0.323252  0.663512  0.472982  0.705669  0.500553  0.792515 0.0  0.586981  0.685399  0.560790  0.575764  0.749692  0.572178  0.648465  0.245409  0.781582  0.324132  0.626515  0.663146  0.677648  0.478694  0.729453  0.747784  0.443217  0.308602  0.561993  0.752081  0.686806  0.663224  0.781544  0.664631  0.549456  0.664601  0.651256  0.749574  0.513290  0.711967  0.679331  0.395769  0.766774  0.673955  0.632451  0.734917  0.549518  0.729656  0.639600  0.211931  0.751495  0.645978  0.625957  0.645031  0.352935  0.666939  0.691178  0.707572  0.660884  0.547177  0.670671  0.746929  0.600323  0.494360  0.575415  0.458730  0.566518  0.372016  0.553739  0.576598  0.514195  0.323489  0.459287  0.655719  0.574594  0.605026  0.577208  0.394398  0.577003  0.811382  0.552288 
18  0.590671  0.618079  0.532843  0.532680  0.649748  0.529220  0.542666  0.520052  0.804519  0.748465  0.528702  0.547402  0.630767  0.605722  0.512004  0.615771  0.797157  0.586981 0.0  0.371608  0.623187  0.692175  0.587700  0.126669  0.659419  0.607096  0.736402  0.640006  0.704191  0.738889  0.642660  0.216210  0.520917  0.697390  0.633282  0.446711  0.704410  0.675357  0.586844  0.769139  0.696704  0.800117  0.703965  0.629417  0.584333  0.588881  0.312721  0.681217  0.504264  0.507543  0.637379  0.513526  0.580157  0.765378  0.693814  0.645715  0.572117  0.607027  0.548833  0.548615  0.622023  0.630655  0.450745  0.703173  0.700011  0.722404  0.755290  0.576404  0.597728  0.653782  0.653104  0.495340  0.671580  0.642732  0.614387  0.444814  0.740193  0.533208  0.656000  0.506147  0.495964  0.561251  0.593209  0.614136  0.765980  0.518105  0.673895  0.702671  0.710313 
19  0.719865  0.675846  0.527125  0.629526  0.522894  0.268722  0.745383  0.474664  0.690762  0.753008  0.720590  0.555445  0.598220  0.642231  0.495714  0.437678  0.715454  0.685399  0.371608 0.0  0.608684  0.621832  0.578656  0.472740  0.649865  0.548169  0.843930  0.455896  0.735747  0.670433  0.655837  0.329221  0.641253  0.659220  0.399570  0.594325  0.712987  0.635320  0.437482  0.701982  0.775801  0.700661  0.679717  0.711901  0.717126  0.732994  0.352381  0.648251  0.645055  0.611041  0.700532  0.582945  0.540720  0.762562  0.609365  0.683194  0.542863  0.420738  0.723803  0.543055  0.700447  0.630304  0.349700  0.712736  0.687932  0.664050  0.687288  0.591605  0.642875  0.713053  0.497917  0.336354  0.636340  0.397711  0.594575  0.525472  0.586997  0.463724  0.506246  0.400159  0.400479  0.511862  0.506650  0.700019  0.700439  0.527015  0.653162  0.778203  0.576073 
20  0.547298  0.628110  0.453047  0.434329  0.425520  0.619992  0.524737  0.596733  0.656675  0.766900  0.442417  0.708778  0.728131  0.774691  0.482990  0.664235  0.749718  0.560790  0.623187  0.608684 0.0  0.706892  0.310448  0.587918  0.758352  0.584222  0.687111  0.570043  0.739806  0.667128  0.446880  0.579741  0.662462  0.634788  0.615850  0.700916  0.631653  0.656694  0.527073  0.747581  0.636053  0.696082  0.785919  0.654407  0.624606  0.567348  0.644568  0.433781  0.530191  0.665531  0.382443  0.611668  0.522611  0.701426  0.721253  0.529811  0.371302  0.592313  0.530540  0.486500  0.408538  0.506597  0.554757  0.733730  0.773315  0.760606  0.623823  0.646178  0.468727  0.659467  0.648991  0.713483  0.687575  0.712948  0.571051  0.624794  0.775415  0.593222  0.651690  0.575899  0.721259  0.594258  0.542146  0.703121  0.666974  0.588093  0.732380  0.634910  0.723776 
21  0.742991  0.744019  0.651162  0.759910  0.683424  0.562370  0.710355  0.749553  0.725946  0.548629  0.785283  0.506801  0.731633  0.214566  0.638463  0.593420  0.830527  0.575764  0.692175  0.621832  0.706892 0.0  0.714299  0.672608  0.600569  0.542386  0.921849  0.653898  0.244928  0.673532  0.713713  0.682363  0.738755  0.737651  0.624210  0.513557  0.472991  0.695228  0.683915  0.790699  0.735645  0.703496  0.566951  0.848858  0.780722  0.763819  0.596857  0.776239  0.741669  0.530591  0.723642  0.727325  0.758718  0.826083  0.222408  0.732303  0.744484  0.551607  0.639279  0.747671  0.661673  0.626935  0.601172  0.521976  0.555609  0.603447  0.774630  0.641682  0.786608  0.749852  0.203823  0.626053  0.449679  0.557298  0.654556  0.612397  0.466270  0.605502  0.569207  0.593273  0.573117  0.609003  0.697771  0.444371  0.545020  0.463867  0.553861  0.788338  0.527708 
22  0.494795  0.690662  0.520828  0.373071  0.355550  0.663024  0.646824  0.623327  0.731702  0.758910  0.263534  0.669134  0.575843  0.725195  0.479520  0.630724  0.637286  0.749692  0.587700  0.578656  0.310448  0.714299 0.0  0.587732  0.912959  0.601785  0.741621  0.625658  0.712330  0.617784  0.526812  0.608576  0.568436  0.560051  0.552598  0.593262  0.738230  0.527646  0.628169  0.715714  0.673066  0.678707  0.785449  0.615792  0.564869  0.603527  0.672240  0.474736  0.464754  0.619201  0.372753  0.380842  0.637356  0.773150  0.807698  0.553075  0.149636  0.629427  0.508220  0.504115  0.341447  0.534727  0.624097  0.670924  0.756388  0.751646  0.556479  0.519063  0.531574  0.654837  0.732479  0.620425  0.661278  0.522307  0.548475  0.617554  0.679543  0.475778  0.547722  0.665080  0.699285  0.563749  0.522965  0.743916  0.737670  0.578074  0.774300  0.670116  0.684637 
23  0.573384  0.759064  0.590556  0.478434  0.592768  0.524783  0.600125  0.518728  0.683824  0.685054  0.581217  0.610208  0.601804  0.759660  0.437615  0.549670  0.797074  0.572178  0.126669  0.472740  0.587918  0.672608  0.587732 0.0  0.734984  0.557969  0.800871  0.556191  0.795776  0.686364  0.624292  0.439025  0.552177  0.632362  0.595823  0.782876  0.643730  0.759435  0.416263  0.695372  0.689961  0.685884  0.726698  0.638332  0.613598  0.688177  0.461847  0.623511  0.485120  0.682654  0.609886  0.449886  0.613750  0.743852  0.670439  0.675242  0.571635  0.611541  0.577443  0.600589  0.550783  0.641495  0.534427  0.739510  0.803351  0.730648  0.747187  0.491843  0.683272  0.766454  0.706468  0.662242  0.715705  0.444465  0.538160  0.396323  0.738834  0.434899  0.623016  0.571982  0.533332  0.579663  0.603927  0.731339  0.778039  0.599233  0.656321  0.641183  0.731370 
24  0.642483  0.827562  0.801804  0.747965  0.738105  0.606062  0.795325  0.695074  0.705819  0.366335  0.720476  0.729854  0.767053  0.503543  0.769462  0.733021  0.844651  0.648465  0.659419  0.649865  0.758352  0.600569  0.912959  0.734984 0.0  0.622100  0.867154  0.587234  0.506646  0.778933  0.717900  0.720495  0.714600  0.829948  0.614326  0.535167  0.370396  0.886590  0.736970  0.938614  0.652751  0.792501  0.391973  0.836330  0.807433  0.819434  0.725617  0.784833  0.738754  0.584686  0.727525  0.844935  0.696170  0.694352  0.506742  0.873705  0.870550  0.729724  0.828252  0.607834  0.775609  0.733649  0.752420  0.416971  0.390542  0.256757  0.727884  0.727132  0.694195  0.831135  0.462861  0.593895  0.209508  0.657544  0.752321  0.647121  0.574078  0.677380  0.627678  0.600238  0.619465  0.701364  0.709238  0.050471  0.080325  0.678775  0.243800  0.854802  0.322020 
25  0.698891  0.727012  0.780895  0.730939  0.629922  0.476539  0.835135  0.596448  0.792301  0.612718  0.595880  0.351679  0.717698  0.603482  0.666765  0.515394  0.875084  0.245409  0.607096  0.548169  0.584222  0.542386  0.601785  0.557969  0.622100 0.0  0.861906  0.442349  0.693215  0.700612  0.681368  0.602141  0.739610  0.679271  0.531529  0.448112  0.579683  0.722706  0.646508  0.833531  0.702628  0.780106  0.691410  0.770100  0.625588  0.751471  0.569163  0.686560  0.700485  0.331792  0.613352  0.630276  0.706954  0.706671  0.539413  0.608265  0.600858  0.294949  0.586809  0.671699  0.668141  0.674595  0.438972  0.602939  0.665586  0.675706  0.721217  0.695518  0.693343  0.686111  0.564257  0.406271  0.604700  0.348629  0.715647  0.489161  0.511370  0.705957  0.367909  0.385308  0.552027  0.501516  0.528576  0.624533  0.618737  0.585184  0.642621  0.809998  0.615082 
26  0.855327  0.647822  0.713052  0.735627  0.823785  0.747467  0.750187  0.870028  0.800176  0.922364  0.734026  0.817298  0.845765  0.852827  0.814112  0.834100  0.357873  0.781582  0.736402  0.843930  0.687111  0.921849  0.741621  0.800871  0.867154  0.861906 0.0  0.761004  0.864331  0.704716  0.794217  0.823251  0.788947  0.735924  0.875244  0.808033  0.898707  0.785103  0.812723  0.849800  0.823462  0.692830  0.860577  0.790510  0.737839  0.787067  0.811595  0.748860  0.880021  0.879352  0.666611  0.679825  0.714310  0.656942  0.792916  0.803588  0.755191  0.828101  0.732484  0.784878  0.746570  0.617899  0.758178  0.926201  0.779236  0.868364  0.741164  0.800826  0.687065  0.703929  0.762002  0.765981  0.896276  0.764082  0.666032  0.870281  0.842641  0.792253  0.759131  0.804838  0.761146  0.944418  0.716703  0.891495  0.831791  0.784051  1.000000  0.709594  0.829715 
27  0.658699  0.725372  0.753187  0.607702  0.524199  0.278347  0.690525  0.695804  0.826440  0.653210  0.763073  0.411792  0.843768  0.525128  0.750342  0.343452  0.757642  0.324132  0.640006  0.455896  0.570043  0.653898  0.625658  0.556191  0.587234  0.442349  0.761004 0.0  0.645574  0.604227  0.614997  0.544188  0.690044  0.835722  0.272487  0.355234  0.658674  0.844893  0.578452  0.749244  0.659378  0.691671  0.617964  0.846578  0.669459  0.673196  0.508650  0.712995  0.615074  0.458851  0.752189  0.579581  0.632295  0.750448  0.673843  0.584482  0.715417  0.221100  0.622691  0.577078  0.691321  0.766888  0.081041  0.712007  0.690838  0.658605  0.718833  0.633810  0.702553  0.721377  0.609003  0.419302  0.630428  0.318871  0.625714  0.396515  0.561435  0.646183  0.515360  0.308934  0.267492  0.662302  0.573440  0.586185  0.667710  0.466705  0.731802  0.814202  0.657984 
28  0.687578  0.845171  0.700651  0.744353  0.673257  0.585924  0.745313  0.729652  0.731220  0.485215  0.753402  0.556540  0.809087  0.451894  0.642203  0.667729  0.852938  0.626515  0.704191  0.735747  0.739806  0.244928  0.712330  0.795776  0.506646  0.693215  0.864331  0.645574 0.0  0.806893  0.724549  0.702394  0.678534  0.742377  0.629751  0.544325  0.453066  0.673892  0.638800  0.838049  0.733858  0.705171  0.599317  0.732923  0.735886  0.770199  0.700184  0.764158  0.626505  0.545362  0.737271  0.549774  0.792996  0.785676  0.401444  0.760297  0.577903  0.660554  0.720163  0.731907  0.675165  0.718190  0.718796  0.321208  0.670377  0.444779  0.798694  0.735869  0.661279  0.782409  0.277479  0.606982  0.396660  0.682086  0.727178  0.598582  0.492821  0.623587  0.570083  0.502134  0.551016  0.765857  0.633432  0.429824  0.296196  0.632864  0.495578  0.705554  0.309710 
29  0.581540  0.335207  0.565786  0.588849  0.620521  0.741292  0.562099  0.618616  0.543075  0.782917  0.670181  0.707967  0.547044  0.718767  0.687538  0.659469  0.740138  0.663146  0.738889  0.670433  0.667128  0.673532  0.617784  0.686364  0.778933  0.700612  0.704716  0.604227  0.806893 0.0  0.469891  0.666255  0.562481  0.620233  0.667901  0.697021  0.918159  0.664430  0.685811  0.727784  0.639403  0.617280  0.800866  0.574605  0.566074  0.519123  0.773341  0.479497  0.656211  0.722302  0.636902  0.626762  0.648479  0.725170  0.725846  0.405295  0.577977  0.795727  0.700663  0.577114  0.518167  0.558559  0.709971  0.719817  0.795463  0.749641  0.631618  0.660284  0.596187  0.624733  0.821879  0.669381  0.722237  0.805454  0.603876  0.744884  0.710036  0.680081  0.702213  0.747394  0.658328  0.751747  0.721670  0.773086  0.802601  0.636312  0.855380  0.490324  0.823610 
30  0.473291  0.546804  0.432176  0.415015  0.574727  0.678093  0.478795  0.685215  0.584896  0.820263  0.421305  0.646313  0.612472  0.728425  0.474085  0.641820  0.680500  0.677648  0.642660  0.655837  0.446880  0.713713  0.526812  0.624292  0.717900  0.681368  0.794217  0.614997  0.724549  0.469891 0.0  0.641131  0.540570  0.626653  0.553849  0.663408  0.825507  0.622654  0.506250  0.707217  0.619608  0.663564  0.712066  0.507367  0.596873  0.528316  0.682252  0.345627  0.510873  0.621666  0.538711  0.507619  0.474757  0.814610  0.804712  0.419090  0.528284  0.715378  0.438519  0.443220  0.471712  0.539176  0.672007  0.682210  0.655840  0.737662  0.651693  0.599096  0.464840  0.625743  0.742003  0.692150  0.759506  0.745877  0.484015  0.704118  0.723179  0.545359  0.694903  0.753300  0.616406  0.541930  0.685973  0.721231  0.728152  0.592490  0.739237  0.502568  0.633196 
31  0.487094  0.651181  0.691694  0.436365  0.462350  0.517195  0.605184  0.591611  0.724739  0.797221  0.503634  0.597413  0.682140  0.660858  0.574158  0.480590  0.758394  0.478694  0.216210  0.329221  0.579741  0.682363  0.608576  0.439025  0.720495  0.602141  0.823251  0.544188  0.702394  0.666255  0.641131 0.0  0.627047  0.601743  0.632775  0.656686  0.792351  0.619162  0.475324  0.646403  0.610379  0.637130  0.804083  0.679545  0.616841  0.611093  0.385448  0.663002  0.413120  0.643004  0.580317  0.496995  0.558548  0.760567  0.617393  0.627372  0.553930  0.527239  0.512288  0.524872  0.637711  0.595252  0.629005  0.735529  0.766247  0.679466  0.571461  0.474330  0.558160  0.722093  0.723179  0.542890  0.674424  0.520369  0.518184  0.503450  0.558165  0.340842  0.656887  0.472365  0.553456  0.527141  0.546582  0.722425  0.731153  0.578169  0.753840  0.747493  0.792428 
32  0.688636  0.410459  0.664086  0.447683  0.665503  0.637073  0.633858  0.477012  0.420054  0.830471  0.660929  0.615603  0.421624  0.763089  0.583423  0.571406  0.765823  0.729453  0.520917  0.641253  0.662462  0.738755  0.568436  0.552177  0.714600  0.739610  0.788947  0.690044  0.678534  0.562481  0.540570  0.627047 0.0  0.758331  0.768638  0.690437  0.769654  0.711197  0.605498  0.572526  0.385566  0.318104  0.910997  0.274572  0.593237  0.652091  0.716567  0.604130  0.530689  0.741196  0.654721  0.658796  0.482848  0.804743  0.774603  0.572493  0.685699  0.681927  0.659157  0.499723  0.639092  0.601706  0.803184  0.817789  0.797392  0.794507  0.635598  0.595524  0.699391  0.700742  0.712707  0.686370  0.678607  0.813339  0.490539  0.646040  0.815743  0.688213  0.723682  0.748059  0.740565  0.764694  0.703961  0.826774  0.770471  0.676257  0.806147  0.543236  0.684933 
33  0.733271  0.596097  0.508437  0.600009  0.548275  0.757606  0.574709  0.552945  0.726634  0.837801  0.546514  0.760208  0.656468  0.747937  0.621979  0.756698  0.656623  0.747784  0.697390  0.659220  0.634788  0.737651  0.560051  0.632362  0.829948  0.679271  0.735924  0.835722  0.742377  0.620233  0.626653  0.601743  0.758331 0.0  0.672403  0.629247  0.848026  0.341057  0.698142  0.762215  0.669570  0.759419  0.779727  0.725857  0.622694  0.632545  0.692288  0.591201  0.667611  0.687757  0.560360  0.557481  0.701287  0.610965  0.701656  0.667333  0.575876  0.725987  0.505555  0.561225  0.587927  0.525898  0.738639  0.720950  0.805600  0.742971  0.466100  0.654757  0.544201  0.542592  0.760154  0.782680  0.699210  0.645909  0.681954  0.677757  0.716561  0.610416  0.722642  0.689089  0.771804  0.616283  0.763349  0.747943  0.823450  0.696943  0.725487  0.724688  0.786094 
34  0.667922  0.748686  0.678354  0.524066  0.630493  0.335377  0.717405  0.661721  0.729500  0.708934  0.650459  0.419126  0.726639  0.738504  0.691427  0.292658  0.768393  0.443217  0.633282  0.399570  0.615850  0.624210  0.552598  0.595823  0.614326  0.531529  0.875244  0.272487  0.629751  0.667901  0.553849  0.632775  0.768638  0.672403 0.0  0.417573  0.612589  0.688843  0.597110  0.710712  0.702987  0.679572  0.708767  0.652847  0.688891  0.729962  0.383443  0.579755  0.666675  0.527070  0.633246  0.543048  0.656996  0.772549  0.476910  0.643387  0.619005  0.390263  0.674188  0.641100  0.666491  0.636285  0.262276  0.661069  0.693414  0.626627  0.787211  0.653699  0.628755  0.662929  0.670853  0.215047  0.667973  0.347767  0.650716  0.329788  0.591983  0.493758  0.511701  0.246884  0.131496  0.606020  0.561855  0.662563  0.588634  0.463451  0.810488  0.734741  0.599979 
35  0.652390  0.726637  0.643002  0.594236  0.695009  0.417038  0.806647  0.710806  0.745399  0.641236  0.625790  0.330857  0.704490  0.409532  0.757717  0.511693  0.833689  0.308602  0.446711  0.594325  0.700916  0.513557  0.593262  0.782876  0.535167  0.448112  0.808033  0.355234  0.544325  0.697021  0.663408  0.656686  0.690437  0.629247  0.417573 0.0  0.506407  0.809859  0.629723  0.680987  0.783095  0.795320  0.574744  0.709600  0.607556  0.778067  0.565487  0.687187  0.731618  0.200099  0.815735  0.676635  0.683333  0.851935  0.471731  0.741888  0.669263  0.477612  0.710895  0.744265  0.729849  0.688642  0.491228  0.635360  0.580974  0.607380  0.801871  0.675567  0.639204  0.754965  0.606203  0.580076  0.533421  0.504172  0.694936  0.468237  0.643865  0.601328  0.450735  0.469066  0.418412  0.624879  0.649754  0.539306  0.604254  0.495416  0.561988  0.785096  0.543547 
36  0.722326  0.857914  0.711407  0.731529  0.730775  0.691142  0.692160  0.701164  0.723968  0.520554  0.769681  0.678817  0.702871  0.527439  0.722870  0.656373  0.799667  0.561993  0.704410  0.712987  0.631653  0.472991  0.738230  0.643730  0.370396  0.579683  0.898707  0.658674  0.453066  0.918159  0.825507  0.792351  0.769654  0.848026  0.612589  0.506407 0.0  0.708092  0.612604  0.798942  0.844416  0.742942  0.404036  0.675713  0.670111  0.854592  0.773644  0.832654  0.783620  0.540170  0.732788  0.748699  0.730232  0.769826  0.386157  0.747667  0.646967  0.665104  0.763223  0.764704  0.690175  0.842103  0.637318  0.309685  0.631493  0.318748  0.812464  0.642799  0.710146  0.680146  0.515360  0.576308  0.276913  0.613227  0.714893  0.664798  0.439283  0.665549  0.615168  0.615692  0.650752  0.684086  0.546373  0.430251  0.430555  0.707262  0.224709  0.697994  0.189744 
37  0.557534  0.740106  0.680294  0.628844  0.562170  0.650839  0.661105  0.670469  0.638407  0.809610  0.519351  0.730104  0.560472  0.697240  0.637726  0.712547  0.724989  0.752081  0.675357  0.635320  0.656694  0.695228  0.527646  0.759435  0.886590  0.722706  0.785103  0.844893  0.673892  0.664430  0.622654  0.619162  0.711197  0.341057  0.688843  0.809859  0.708092 0.0  0.672764  0.831021  0.717073  0.740779  0.690175  0.692278  0.609303  0.551356  0.652693  0.575001  0.671386  0.725505  0.581677  0.531850  0.627909  0.681224  0.816257  0.591694  0.502048  0.703057  0.659269  0.681706  0.598020  0.518587  0.655567  0.732760  0.806947  0.773230  0.450851  0.633569  0.538050  0.491093  0.595714  0.591614  0.724569  0.650046  0.677708  0.586831  0.745281  0.580692  0.657001  0.698501  0.629786  0.602259  0.535184  0.634402  0.823327  0.629339  0.704300  0.633336  0.658495 
38  0.536598  0.648015  0.560751  0.538824  0.403954  0.538613  0.652894  0.494598  0.715096  0.742368  0.591923  0.639300  0.565089  0.735283  0.448963  0.631640  0.760145  0.686806  0.586844  0.437482  0.527073  0.683915  0.628169  0.416263  0.736970  0.646508  0.812723  0.578452  0.638800  0.685811  0.506250  0.475324  0.605498  0.698142  0.597110  0.629723  0.612604  0.672764 0.0  0.707746  0.569309  0.676653  0.743422  0.638972  0.429003  0.653526  0.456838  0.508746  0.452406  0.645848  0.519694  0.512116  0.358248  0.714480  0.677939  0.560486  0.584264  0.669940  0.400584  0.493664  0.552583  0.554217  0.565371  0.636983  0.764291  0.764582  0.656382  0.353285  0.739292  0.620799  0.743102  0.681714  0.753824  0.687774  0.343488  0.598126  0.620706  0.537799  0.456360  0.645682  0.597514  0.605604  0.575418  0.688257  0.692547  0.594754  0.708405  0.644084  0.735963 
39  0.756761  0.630301  0.675556  0.743720  0.731090  0.799102  0.720000  0.648475  0.624721  0.837618  0.692309  0.828934  0.662104  0.796367  0.719781  0.710003  0.705470  0.663224  0.769139  0.701982  0.747581  0.790699  0.715714  0.695372  0.938614  0.833531  0.849800  0.749244  0.838049  0.727784  0.707217  0.646403  0.572526  0.762215  0.710712  0.680987  0.798942  0.831021  0.707746 0.0  0.511927  0.577803  0.823402  0.680772  0.601207  0.703705  0.716747  0.634167  0.661256  0.802551  0.709098  0.717897  0.704326  0.743465  0.816844  0.600069  0.658343  0.780017  0.666558  0.689391  0.701138  0.711338  0.727247  0.695383  0.912898  0.758967  0.745529  0.661727  0.689264  0.767562  0.781128  0.809699  0.819217  0.707357  0.803334  0.691002  0.762207  0.728132  0.788830  0.763054  0.808607  0.882520  0.829088  0.924791  0.852491  0.752796  0.775393  0.694488  0.820424 
40  0.569485  0.658143  0.693570  0.584044  0.627822  0.728718  0.647909  0.527234  0.564868  0.772613  0.566017  0.766270  0.486590  0.847948  0.513581  0.575951  0.752081  0.781544  0.696704  0.775801  0.636053  0.735645  0.673066  0.689961  0.652751  0.702628  0.823462  0.659378  0.733858  0.639403  0.619608  0.610379  0.385566  0.669570  0.702987  0.783095  0.844416  0.717073  0.569309  0.511927 0.0  0.422961  0.686231  0.464645  0.611053  0.609704  0.673152  0.700401  0.573083  0.734809  0.669303  0.672997  0.729382  0.737621  0.751998  0.594347  0.599006  0.728449  0.637211  0.624907  0.617507  0.650682  0.697098  0.898777  0.880308  0.792026  0.651034  0.525054  0.619744  0.765487  0.810638  0.672328  0.723240  0.683704  0.636557  0.793732  0.924176  0.784020  0.685129  0.781394  0.719746  0.781821  0.754272  0.857966  0.757623  0.740609  0.687226  0.653927  0.838716 
41  0.681394  0.551968  0.691309  0.705411  0.769835  0.762377  0.582415  0.671424  0.564036  0.696447  0.751861  0.725755  0.474556  0.818105  0.570464  0.706918  0.735164  0.664631  0.800117  0.700661  0.696082  0.703496  0.678707  0.685884  0.792501  0.780106  0.692830  0.691671  0.705171  0.617280  0.663564  0.637130  0.318104  0.759419  0.679572  0.795320  0.742942  0.740779  0.676653  0.577803  0.422961 0.0  0.790200  0.353812  0.490220  0.664492  0.779519  0.647737  0.654684  0.798108  0.565390  0.589905  0.493977  0.733570  0.821827  0.581817  0.573889  0.730779  0.571853  0.579370  0.629518  0.627227  0.747547  0.807234  0.819992  0.745736  0.576187  0.587484  0.705901  0.691823  0.736819  0.748929  0.757259  0.722834  0.579110  0.770902  0.772672  0.571285  0.851877  0.681292  0.801264  0.676342  0.777591  0.815550  0.850554  0.807711  0.712639  0.644075  0.721173 
42  0.670319  0.880688  0.801198  0.736380  0.771522  0.723376  0.785193  0.723980  0.781766  0.429030  0.763481  0.620197  0.753601  0.648061  0.772722  0.705165  0.814870  0.549456  0.703965  0.679717  0.785919  0.566951  0.785449  0.726698  0.391973  0.691410  0.860577  0.617964  0.599317  0.800866  0.712066  0.804083  0.910997  0.779727  0.708767  0.574744  0.404036  0.690175  0.743422  0.823402  0.686231  0.790200 0.0  0.757779  0.767654  0.657717  0.663584  0.748975  0.692448  0.553198  0.688014  0.679560  0.712353  0.797105  0.592510  0.823413  0.723536  0.718073  0.636757  0.750878  0.698001  0.807333  0.582697  0.462707  0.397538  0.369060  0.675275  0.794332  0.748653  0.813465  0.568363  0.636271  0.433774  0.615192  0.710295  0.732327  0.455948  0.743094  0.523032  0.732405  0.575899  0.695452  0.668942  0.416242  0.357200  0.676790  0.342693  0.811445  0.506535 
43  0.541195  0.424094  0.728276  0.669155  0.589175  0.676283  0.639734  0.534613  0.453426  0.749429  0.612071  0.689924  0.379418  0.733634  0.628075  0.648947  0.692701  0.664601  0.629417  0.711901  0.654407  0.848858  0.615792  0.638332  0.836330  0.770100  0.790510  0.846578  0.732923  0.574605  0.507367  0.679545  0.274572  0.725857  0.652847  0.709600  0.675713  0.692278  0.638972  0.680772  0.464645  0.353812  0.757779 0.0  0.659764  0.628539  0.712279  0.592543  0.553701  0.624330  0.729805  0.531301  0.552602  0.805803  0.787340  0.579788  0.701186  0.715846  0.525449  0.529002  0.617329  0.615597  0.675900  0.780444  0.787375  0.742338  0.784763  0.577474  0.691176  0.616296  0.855403  0.683843  0.866493  0.721241  0.672458  0.696342  0.677633  0.723785  0.744739  0.685020  0.737941  0.689144  0.584000  0.768514  0.755222  0.711185  0.728571  0.637534  0.684857 
44  0.623182  0.542216  0.530157  0.480127  0.443309  0.487014  0.680927  0.341066  0.647062  0.824719  0.604791  0.785312  0.579978  0.668782  0.570226  0.616209  0.712775  0.651256  0.584333  0.717126  0.624606  0.780722  0.564869  0.613598  0.807433  0.625588  0.737839  0.669459  0.735886  0.566074  0.596873  0.616841  0.593237  0.622694  0.688891  0.607556  0.670111  0.609303  0.429003  0.601207  0.611053  0.490220  0.767654  0.659764 0.0  0.670065  0.510851  0.508799  0.514163  0.716777  0.629558  0.458253  0.316537  0.701528  0.613341  0.579068  0.601878  0.638486  0.464985  0.444635  0.584853  0.576619  0.663458  0.788480  0.814460  0.769424  0.710568  0.442214  0.492419  0.721496  0.665925  0.681103  0.667479  0.665926  0.387121  0.672931  0.650489  0.557779  0.667213  0.647585  0.573862  0.577093  0.644623  0.678852  0.763463  0.677765  0.730208  0.618282  0.731281 
