89
0 0.0  0.686315  0.662988  0.280371  0.487346  0.700110  0.573536  0.678205  0.616842  0.809085  0.566245  0.794687  0.600702  0.763861  0.261009  0.665327  0.807586  0.692215  0.521159  0.618755  0.443820  0.741042  0.431783  0.414233  0.692654  0.750892  0.888117  0.707852  0.692814  0.665017  0.570457  0.539113  0.608996  0.620232  0.717784  0.583005  0.877503  0.598388  0.486828  0.708860  0.698332  0.627116  0.761366  0.650797  0.587043  0.563930  0.692538  0.498127  0.205510  0.736856  0.563169  0.357221  0.459097  0.726409  0.728381  0.615653  0.521109  0.621769  0.431552  0.062382  0.427947  0.518098  0.608969  0.781779  0.840030  0.768292  0.591136  0.593591  0.496012  0.739452  0.767189  0.661723  0.806932  0.717478  0.304973  0.716769  0.874478  0.507038  0.713521  0.594226  0.547581  0.613023  0.571985  0.723101  0.711168  0.716477  0.875671  0.711976  0.779360 
1  0.686315 0.0  0.533508  0.729853  0.629427  0.691214  0.639552  0.661938  0.447446  0.893954  0.693512  0.670414  0.500229  0.801464  0.567132  0.741708  0.652157  0.807885  0.756703  0.679969  0.632891  0.812872  0.556740  0.654342  0.795089  0.882884  0.699029  0.743329  0.792323  0.361366  0.618040  0.715665  0.585288  0.698452  0.770471  0.621785  0.760948  0.765350  0.588047  0.755431  0.538616  0.483897  0.795344  0.446396  0.575511  0.531918  0.769490  0.645077  0.772671  0.689332  0.663659  0.578098  0.574123  0.739662  0.922005  0.464070  0.597886  0.703858  0.572789  0.623436  0.697430  0.624394  0.786239  0.822588  0.826891  0.796808  0.706164  0.713788  0.642260  0.641615  0.808509  0.726690  0.898290  0.875682  0.601743  0.771732  0.779125  0.692261  0.769569  0.738942  0.784132  0.760852  0.737885  0.787220  0.791400  0.737269  0.696750  0.645228  0.890107 
2  0.662988  0.533508 0.0  0.497229  0.482353  0.700244  0.462121  0.745951  0.685788  0.794024  0.602372  0.711220  0.607021  0.727157  0.470171  0.620848  0.648720  0.801030  0.673483  0.598866  0.455161  0.764040  0.614351  0.616387  0.796869  0.723181  0.849331  0.751489  0.779888  0.522814  0.454845  0.703944  0.632209  0.558865  0.746092  0.855087  0.753861  0.631957  0.582031  0.723116  0.713163  0.669361  0.798892  0.624328  0.629964  0.465687  0.618067  0.380464  0.543086  0.790333  0.522758  0.626319  0.678136  0.692448  0.730626  0.534421  0.506976  0.790482  0.555693  0.558349  0.532456  0.278310  0.726814  0.886472  0.878415  0.698530  0.410078  0.668848  0.385229  0.568480  0.713037  0.772449  0.837751  0.741230  0.608355  0.722150  0.791973  0.646341  0.795914  0.743031  0.651752  0.663752  0.638467  0.760908  0.844402  0.743589  0.874487  0.580584  0.941436 
3  0.280371  0.729853  0.497229 0.0  0.342773  0.631710  0.614522  0.560356  0.698219  0.970533  0.561470  0.714051  0.587797  0.741385  0.146404  0.634476  0.838170  0.696486  0.511659  0.643290  0.571894  0.750033  0.525541  0.467963  0.874056  0.848999  0.793062  0.738213  0.753491  0.670592  0.468775  0.577006  0.688135  0.575280  0.650933  0.771748  0.801974  0.615774  0.586239  0.690880  0.646223  0.582028  0.877129  0.631364  0.582386  0.592773  0.577135  0.488497  0.275650  0.730601  0.511592  0.309096  0.490772  0.822165  0.812476  0.563568  0.498055  0.687542  0.297697  0.267675  0.425685  0.577723  0.625437  0.752054  0.745205  0.685604  0.745331  0.475745  0.461174  0.510760  0.653624  0.661122  0.805276  0.736852  0.514266  0.685577  0.752489  0.503833  0.727833  0.734105  0.640725  0.521244  0.653644  0.832177  0.725645  0.675135  0.798996  0.666399  0.767324 
4  0.487346  0.629427  0.482353  0.342773 0.0  0.538491  0.685856  0.635089  0.768417  0.655394  0.463330  0.644995  0.719135  0.647870  0.534581  0.603688  0.756372  0.631517  0.436824  0.667496  0.390037  0.634646  0.343030  0.401796  0.737807  0.721623  0.756289  0.582401  0.702933  0.592521  0.586569  0.457682  0.674469  0.647660  0.625892  0.809829  0.816214  0.574060  0.563164  0.729626  0.780912  0.653591  0.763384  0.766876  0.716879  0.642594  0.585564  0.565133  0.414046  0.765614  0.417113  0.437441  0.551348  0.821606  0.774010  0.615056  0.281430  0.595583  0.547438  0.512907  0.445437  0.579711  0.615685  0.744903  0.751654  0.737950  0.525635  0.455222  0.538590  0.670930  0.676883  0.693978  0.855340  0.611815  0.571517  0.584018  0.698448  0.435878  0.675106  0.680578  0.612621  0.525889  0.552247  0.692659  0.782534  0.564495  0.816812  0.693043  0.751308 
5  0.700110  0.691214  0.700244  0.631710  0.538491 0.0  0.794204  0.547606  0.775540  0.834740  0.682654  0.526315  0.635241  0.661938  0.701171  0.312668  0.850658  0.556968  0.562118  0.256734  0.683400  0.651273  0.590112  0.586984  0.604684  0.576604  0.871442  0.364725  0.735416  0.732541  0.726336  0.498922  0.726337  0.692587  0.283100  0.556332  0.701175  0.658868  0.551299  0.744828  0.759497  0.724986  0.756904  0.770088  0.618637  0.724308  0.395053  0.701664  0.615762  0.528166  0.693241  0.625457  0.611844  0.805048  0.705531  0.638235  0.650814  0.425835  0.615054  0.703599  0.706666  0.626111  0.419179  0.721286  0.705274  0.731959  0.809120  0.635269  0.755430  0.775199  0.723136  0.308938  0.705565  0.532887  0.556967  0.429408  0.622463  0.609332  0.508408  0.419819  0.372084  0.532001  0.616081  0.825439  0.706643  0.553866  0.670241  0.849566  0.785834 
6  0.573536  0.639552  0.462121  0.614522  0.685856  0.794204 0.0  0.653289  0.600486  0.776878  0.562126  0.691522  0.536702  0.783136  0.485024  0.628226  0.776559  0.749873  0.842444  0.729809  0.602028  0.860324  0.528728  0.710357  0.737757  0.831440  0.779384  0.739839  0.856241  0.575290  0.486961  0.707552  0.660878  0.600005  0.842820  0.806847  0.719119  0.737547  0.651278  0.654231  0.616948  0.626465  0.720702  0.583931  0.577826  0.392205  0.620043  0.448322  0.501244  0.695910  0.530757  0.738512  0.640775  0.715810  0.755864  0.555154  0.630432  0.679912  0.598422  0.601312  0.653794  0.489110  0.808689  0.889192  0.806571  0.813010  0.516487  0.601422  0.604128  0.541229  0.730910  0.619262  0.839785  0.764119  0.577461  0.740251  0.760765  0.727144  0.769383  0.787661  0.664935  0.636048  0.685699  0.781664  0.803946  0.675531  0.756468  0.615551  0.617136 
7  0.678205  0.661938  0.745951  0.560356  0.635089  0.547606  0.653289 0.0  0.708897  0.810160  0.675967  0.626201  0.511595  0.765495  0.501971  0.522897  0.787650  0.662808  0.579703  0.624771  0.564219  0.726893  0.693415  0.528472  0.712820  0.597683  0.852675  0.692471  0.806714  0.772087  0.634396  0.609296  0.636133  0.668859  0.659177  0.655959  0.837219  0.789852  0.393183  0.652077  0.603542  0.675232  0.903093  0.574139  0.452533  0.735081  0.673704  0.573167  0.614266  0.610071  0.679779  0.658374  0.323129  0.729072  0.748098  0.688242  0.643479  0.644318  0.620639  0.520150  0.641377  0.578588  0.530963  0.719544  0.861009  0.714887  0.744888  0.456853  0.656125  0.687754  0.806527  0.571990  0.710481  0.649253  0.460709  0.620419  0.824393  0.614401  0.755057  0.617727  0.607340  0.643162  0.712520  0.735231  0.709567  0.658624  0.771137  0.790045  0.905050 
8  0.616842  0.447446  0.685788  0.698219  0.768417  0.775540  0.600486  0.708897 0.0  0.779212  0.598162  0.824690  0.553280  0.839022  0.652887  0.637735  0.691195  0.756179  0.716231  0.708864  0.740147  0.788000  0.743426  0.753866  0.714554  0.785034  0.796117  0.842656  0.738008  0.433975  0.568206  0.780999  0.469900  0.770870  0.724109  0.846876  0.850937  0.799771  0.759983  0.768751  0.527983  0.573061  0.847353  0.395726  0.579291  0.614420  0.712471  0.765034  0.712427  0.782806  0.720426  0.732812  0.646039  0.705875  0.699785  0.561003  0.727931  0.761633  0.728641  0.633841  0.582789  0.676445  0.852618  0.749301  0.879845  0.981460  0.642279  0.693485  0.723520  0.776692  0.811208  0.733463  0.771615  0.747271  0.629299  0.742619  0.805652  0.754773  0.672497  0.794298  0.826509  0.749059  0.702295  0.712568  0.846198  0.756832  0.796599  0.557698  0.815895 
9  0.809085  0.893954  0.794024  0.970533  0.655394  0.834740  0.776878  0.810160  0.779212 0.0  0.764592  0.716641  0.875189  0.650389  0.816430  0.755300  0.819338  0.687927  0.806393  0.698721  0.717281  0.568770  0.734599  0.858098  0.497469  0.680328  0.858556  0.721123  0.599630  0.818006  0.693102  0.798467  0.779094  0.820282  0.561417  0.661648  0.511384  0.831794  0.893451  0.840143  0.774228  0.838177  0.467547  0.803427  0.829964  0.756454  0.780222  0.800691  0.782845  0.730297  0.742562  0.761784  0.691110  0.757809  0.558778  0.829045  0.777502  0.648569  0.737447  0.689304  0.713847  0.780745  0.777215  0.550733  0.085577  0.468778  0.852946  0.735786  0.803611  0.789552  0.591922  0.704906  0.632192  0.658383  0.930162  0.621508  0.610531  0.800844  0.747570  0.633525  0.777448  0.724959  0.683120  0.630556  0.516009  0.718798  0.498085  0.873367  0.557281 
10  0.566245  0.693512  0.602372  0.561470  0.463330  0.682654  0.562126  0.675967  0.598162  0.764592 0.0  0.548612  0.570842  0.653595  0.585550  0.685910  0.876990  0.763698  0.625099  0.511587  0.407031  0.882985  0.243355  0.602141  0.765333  0.771129  0.877508  0.661739  0.753123  0.627092  0.688868  0.635441  0.747486  0.506433  0.639117  0.702535  0.771137  0.560510  0.492824  0.793303  0.665999  0.743904  0.855391  0.577640  0.750757  0.586157  0.599412  0.574867  0.448781  0.746252  0.467027  0.353757  0.717623  0.803237  0.752903  0.626111  0.024322  0.662303  0.452374  0.476280  0.449637  0.600327  0.698817  0.790001  0.738810  0.791721  0.632450  0.558984  0.516570  0.641306  0.679318  0.751588  0.751097  0.735242  0.617235  0.628641  0.672837  0.428443  0.764924  0.691621  0.611524  0.466049  0.508887  0.763439  0.853924  0.587917  0.883053  0.739804  0.713395 
11  0.794687  0.670414  0.711220  0.714051  0.644995  0.526315  0.691522  0.626201  0.824690  0.716641  0.548612 0.0  0.834249  0.502376  0.718392  0.386236  0.806577  0.396645  0.682628  0.456352  0.790436  0.614048  0.651063  0.714066  0.641301  0.235816  0.792501  0.489097  0.534291  0.691702  0.809278  0.540464  0.775789  0.738556  0.463595  0.265364  0.594308  0.695456  0.692736  0.829459  0.770586  0.799748  0.687008  0.793429  0.742582  0.762183  0.518438  0.682276  0.734886  0.308250  0.791255  0.774986  0.656248  0.958773  0.467132  0.725302  0.748943  0.397785  0.665929  0.696871  0.704943  0.737368  0.459665  0.622278  0.680856  0.648378  0.734885  0.729116  0.669008  0.827074  0.532279  0.584859  0.642906  0.492696  0.687688  0.439879  0.630664  0.752182  0.091644  0.519911  0.584969  0.671269  0.597436  0.557843  0.636388  0.363641  0.676240  0.816904  0.663405 
12  0.600702  0.500229  0.607021  0.587797  0.719135  0.635241  0.536702  0.511595  0.553280  0.875189  0.570842  0.834249 0.0  0.781218  0.569181  0.621075  0.931951  0.755808  0.676171  0.573915  0.638224  0.793365  0.656463  0.569438  0.782733  0.739028  0.938996  0.649559  0.778618  0.628843  0.684942  0.575589  0.460954  0.677393  0.711949  0.657330  0.773394  0.703417  0.619463  0.624684  0.533454  0.486365  0.759414  0.537302  0.575277  0.655253  0.673202  0.613857  0.631477  0.748634  0.639992  0.615458  0.539275  0.734104  0.684263  0.599482  0.704574  0.829552  0.620048  0.535730  0.722904  0.649256  0.634399  0.758149  0.765975  0.823861  0.662942  0.503371  0.684020  0.662237  0.830514  0.670749  0.765367  0.688516  0.640747  0.634230  0.768489  0.585655  0.763785  0.738948  0.633811  0.580645  0.608695  0.879043  0.862345  0.649405  0.755259  0.636278  0.804010 
13  0.763861  0.801464  0.727157  0.741385  0.647870  0.661938  0.783136  0.765495  0.839022  0.650389  0.653595  0.502376  0.781218 0.0  0.854018  0.649429  0.792915  0.496340  0.789619  0.704059  0.879565  0.252898  0.623307  0.722995  0.525084  0.670387  0.838971  0.731881  0.426211  0.745745  0.769237  0.633941  0.679125  0.727650  0.643348  0.534313  0.337550  0.796785  0.700503  0.888556  0.819265  0.763198  0.647641  0.803632  0.662062  0.763399  0.716827  0.904215  0.678474  0.530711  0.712635  0.710953  0.664318  0.830535  0.301284  0.754198  0.813301  0.593283  0.639462  0.731416  0.620920  0.727996  0.666890  0.441929  0.626631  0.476075  0.847943  0.686176  0.703444  0.693124  0.315544  0.613950  0.510752  0.513248  0.826071  0.629822  0.477790  0.663403  0.640318  0.699519  0.696502  0.689669  0.802547  0.512888  0.479433  0.622841  0.499911  0.799986  0.548853 
14  0.261009  0.567132  0.470171  0.146404  0.534581  0.701171  0.485024  0.501971  0.652887  0.816430  0.585550  0.718392  0.569181  0.854018 0.0  0.666184  0.858249  0.704527  0.512780  0.736030  0.440070  0.770959  0.486786  0.599652  0.764299  0.686856  0.787099  0.624152  0.776950  0.650372  0.569977  0.509846  0.662149  0.554380  0.589980  0.623320  0.621603  0.514990  0.559986  0.705301  0.646682  0.599643  0.890311  0.646258  0.524523  0.727403  0.642803  0.500645  0.335368  0.665167  0.457755  0.327337  0.619684  0.752906  0.807416  0.570932  0.435840  0.717877  0.378217  0.327490  0.378488  0.551491  0.697970  0.632050  0.771977  0.702854  0.613722  0.410394  0.474412  0.672517  0.751500  0.699754  0.787813  0.633136  0.402382  0.662488  0.752126  0.559981  0.768507  0.662465  0.561800  0.551410  0.484938  0.702393  0.853373  0.758879  0.771486  0.621628  0.685282 
15  0.665327  0.741708  0.620848  0.634476  0.603688  0.312668  0.628226  0.522897  0.637735  0.755300  0.685910  0.386236  0.621075  0.649429  0.666184 0.0  0.864896  0.413840  0.704227  0.289223  0.728872  0.609734  0.754733  0.436021  0.689661  0.559061  0.897926  0.255579  0.667791  0.864001  0.653523  0.603407  0.659923  0.807495  0.200167  0.558640  0.629888  0.716315  0.632446  0.705122  0.673544  0.804796  0.808126  0.770302  0.580044  0.696081  0.422493  0.677656  0.674857  0.503674  0.758064  0.656778  0.647914  0.769398  0.697897  0.750983  0.691316  0.418893  0.637519  0.562518  0.676546  0.708457  0.294967  0.669930  0.781907  0.646269  0.809380  0.634523  0.558157  0.781037  0.663690  0.427705  0.791605  0.391525  0.695218  0.515970  0.635123  0.573596  0.612537  0.264139  0.271533  0.545632  0.694233  0.644861  0.708516  0.408270  0.669689  0.820425  0.706417 
16  0.807586  0.652157  0.648720  0.838170  0.756372  0.850658  0.776559  0.787650  0.691195  0.819338  0.876990  0.806577  0.931951  0.792915  0.858249  0.864896 0.0  0.811415  0.916466  0.808254  0.808741  0.770833  0.784585  0.754307  0.862575  0.746749  0.631834  0.669755  0.858088  0.680457  0.878106  0.786519  0.805831  0.673852  0.791790  0.808992  0.813497  0.744391  0.813111  0.660513  0.903776  0.762654  0.822017  0.816828  0.922583  0.713360  0.921470  0.644699  0.831960  0.841065  0.743297  0.739010  0.794649  0.798011  0.818344  0.755030  0.749452  0.882322  0.749555  0.795130  0.849926  0.750561  0.795772  0.831186  0.803095  0.830033  0.733755  0.758485  0.699048  0.760464  0.893575  0.806207  0.787271  0.811584  0.659054  0.851191  0.801007  0.770731  0.776508  0.848883  0.762439  0.824505  0.649464  0.779176  0.810161  0.865028  0.862918  0.571944  0.944740 
17  0.692215  0.807885  0.801030  0.696486  0.631517  0.556968  0.749873  0.662808  0.756179  0.687927  0.763698  0.396645  0.755808  0.496340  0.704527  0.413840  0.811415 0.0  0.568843  0.694245  0.616339  0.668777  0.741515  0.651928  0.803458  0.342975  0.881872  0.428634  0.588779  0.788449  0.770119  0.675321  0.758147  0.753824  0.427335  0.554847  0.612342  0.698018  0.599915  0.854670  0.798562  0.761094  0.681373  0.681672  0.686243  0.771998  0.543316  0.613904  0.629949  0.476757  0.684750  0.675723  0.616675  0.862044  0.569949  0.754036  0.665616  0.374605  0.637345  0.671597  0.687659  0.765091  0.455506  0.663932  0.696306  0.770276  0.782975  0.607265  0.666492  0.734408  0.615745  0.373249  0.690950  0.356351  0.746937  0.445999  0.634742  0.622381  0.437871  0.390796  0.386560  0.682164  0.594834  0.640245  0.671008  0.440134  0.610659  0.742372  0.574472 
18  0.521159  0.756703  0.673483  0.511659  0.436824  0.562118  0.842444  0.579703  0.716231  0.806393  0.625099  0.682628  0.676171  0.789619  0.512780  0.704227  0.916466  0.568843 0.0  0.413354  0.592848  0.704364  0.511858  0.286742  0.734993  0.601088  0.837263  0.596987  0.780091  0.685905  0.660353  0.215064  0.727112  0.701635  0.452925  0.699054  0.648740  0.635976  0.468728  0.794724  0.728543  0.731296  0.686509  0.743082  0.605986  0.530957  0.492777  0.704835  0.594283  0.683755  0.531672  0.472752  0.592163  0.834353  0.766366  0.689250  0.585374  0.587199  0.520729  0.459090  0.601740  0.632256  0.516761  0.730283  0.815797  0.769060  0.645206  0.533208  0.680367  0.702358  0.864118  0.472352  0.774520  0.523204  0.511554  0.582089  0.730294  0.523168  0.626715  0.504164  0.614193  0.485242  0.557665  0.669617  0.876445  0.540869  0.765293  0.688021  0.697469 
19  0.618755  0.679969  0.598866  0.643290  0.667496  0.256734  0.729809  0.624771  0.708864  0.698721  0.511587  0.456352  0.573915  0.704059  0.736030  0.289223  0.808254  0.694245  0.413354 0.0  0.615896  0.635779  0.688645  0.534805  0.701495  0.391667  0.830042  0.416045  0.592836  0.730825  0.699680  0.513494  0.694553  0.622799  0.372083  0.611223  0.644723  0.713195  0.535776  0.743160  0.683991  0.708404  0.692745  0.768895  0.606901  0.712919  0.310623  0.628667  0.499794  0.578959  0.753701  0.540098  0.651558  0.799781  0.777882  0.720387  0.665292  0.416149  0.700501  0.578670  0.658803  0.714715  0.444163  0.655838  0.830567  0.665352  0.752189  0.626982  0.619590  0.748182  0.725261  0.409305  0.634583  0.473909  0.503006  0.656222  0.630172  0.645548  0.670712  0.550983  0.300497  0.522326  0.582697  0.657630  0.680215  0.631135  0.691511  0.826922  0.571413 
20  0.443820  0.632891  0.455161  0.571894  0.390037  0.683400  0.602028  0.564219  0.740147  0.717281  0.407031  0.790436  0.638224  0.879565  0.440070  0.728872  0.808741  0.616339  0.592848  0.615896 0.0  0.766635  0.469871  0.584708  0.780883  0.607407  0.825842  0.636476  0.663353  0.749805  0.443453  0.561247  0.641711  0.594631  0.715110  0.800364  0.804273  0.674728  0.545127  0.696983  0.750930  0.598157  0.763796  0.648849  0.679548  0.639348  0.648129  0.647064  0.547747  0.755475  0.328672  0.523247  0.669985  0.741682  0.865673  0.606429  0.354954  0.747017  0.509903  0.521382  0.547287  0.504735  0.683039  0.776203  0.821786  0.869247  0.535892  0.692912  0.494092  0.517854  0.776575  0.672639  0.713450  0.791172  0.597894  0.644384  0.716659  0.484407  0.599017  0.775601  0.674631  0.714747  0.531577  0.736987  0.798313  0.733031  0.810024  0.679076  0.895958 
21  0.741042  0.812872  0.764040  0.750033  0.634646  0.651273  0.860324  0.726893  0.788000  0.568770  0.882985  0.614048  0.793365  0.252898  0.770959  0.609734  0.770833  0.668777  0.704364  0.635779  0.766635 0.0  0.729562  0.636719  0.482545  0.620298  0.766667  0.740945  0.472347  0.762657  0.872522  0.674164  0.793295  0.712536  0.632157  0.458017  0.478567  0.640428  0.790837  0.866783  0.843812  0.867123  0.607340  0.804282  0.767765  0.804232  0.601707  0.733992  0.660634  0.626901  0.791439  0.761599  0.728456  0.867772  0.096750  0.785844  0.800902  0.576906  0.842405  0.692077  0.720631  0.903435  0.595193  0.506028  0.597840  0.601482  0.715332  0.615091  0.842412  0.767998  0.184768  0.744725  0.497443  0.619965  0.742476  0.615839  0.557446  0.732045  0.556568  0.472164  0.683164  0.672696  0.806044  0.609305  0.474818  0.558916  0.506144  0.781620  0.495829 
22  0.431783  0.556740  0.614351  0.525541  0.343030  0.590112  0.528728  0.693415  0.743426  0.734599  0.243355  0.651063  0.656463  0.623307  0.486786  0.754733  0.784585  0.741515  0.511858  0.688645  0.469871  0.729562 0.0  0.593537  0.729367  0.570719  0.789380  0.698314  0.734688  0.871327  0.543365  0.494416  0.593256  0.554512  0.650785  0.595081  0.789321  0.517117  0.663179  0.665676  0.638733  0.813490  0.790972  0.708978  0.608364  0.617285  0.588531  0.559360  0.405172  0.723815  0.390895  0.492180  0.652942  0.758456  0.731349  0.609410  0.224829  0.652908  0.556211  0.514813  0.314831  0.654307  0.696840  0.756595  0.767582  0.693049  0.621574  0.701696  0.558092  0.645402  0.856829  0.675568  0.740987  0.630199  0.537440  0.664169  0.788466  0.481881  0.606611  0.709950  0.642901  0.534877  0.559445  0.792753  0.662549  0.625380  0.747516  0.739189  0.825602 
23  0.414233  0.654342  0.616387  0.467963  0.401796  0.586984  0.710357  0.528472  0.753866  0.858098  0.602141  0.714066  0.569438  0.722995  0.599652  0.436021  0.754307  0.651928  0.286742  0.534805  0.584708  0.636719  0.593537 0.0  0.641037  0.700170  0.835494  0.612758  0.708209  0.672137  0.577290  0.262981  0.698456  0.678003  0.651057  0.638397  0.751037  0.693056  0.440071  0.638824  0.648577  0.745696  0.732442  0.612659  0.591014  0.669603  0.460288  0.626271  0.556045  0.684201  0.599548  0.497163  0.576696  0.780589  0.607822  0.708994  0.557155  0.511124  0.508363  0.530028  0.611349  0.665147  0.641631  0.705988  0.777696  0.695948  0.706587  0.649365  0.538355  0.824844  0.725589  0.556041  0.702913  0.624316  0.525535  0.559053  0.705216  0.535679  0.701587  0.581287  0.643099  0.567169  0.570625  0.807512  0.797319  0.642944  0.876500  0.711274  0.736298 
24  0.692654  0.795089  0.796869  0.874056  0.737807  0.604684  0.737757  0.712820  0.714554  0.497469  0.765333  0.641301  0.782733  0.525084  0.764299  0.689661  0.862575  0.803458  0.734993  0.701495  0.780883  0.482545  0.729367  0.641037 0.0  0.702362  0.846549  0.736611  0.415376  0.821692  0.824073  0.765162  0.833109  0.786649  0.715589  0.628748  0.469483  0.782448  0.707039  0.889775  0.880363  0.804087  0.475053  0.724273  0.759148  0.802166  0.573898  0.727549  0.738518  0.618226  0.853154  0.730758  0.898476  0.931821  0.532118  0.878318  0.572110  0.737284  0.797950  0.700737  0.862813  0.798721  0.737448  0.415777  0.523971  0.172297  0.684861  0.782043  0.886137  0.842696  0.568855  0.580292  0.278896  0.657914  0.867997  0.615359  0.485780  0.763484  0.740370  0.669543  0.640117  0.643587  0.880703  0.059067  0.055264  0.714379  0.139030  0.912702  0.396441 
25  0.750892  0.882884  0.723181  0.848999  0.721623  0.576604  0.831440  0.597683  0.785034  0.680328  0.771129  0.235816  0.739028  0.670387  0.686856  0.559061  0.746749  0.342975  0.601088  0.391667  0.607407  0.620298  0.570719  0.700170  0.702362 0.0  0.785655  0.462266  0.553166  0.825647  0.660930  0.509871  0.706325  0.722713  0.589120  0.428113  0.680039  0.654717  0.689288  0.744073  0.816696  0.671412  0.610607  0.680718  0.610824  0.801713  0.588272  0.735857  0.715570  0.342548  0.643694  0.608396  0.681587  0.782406  0.595773  0.850034  0.553031  0.305299  0.632221  0.866274  0.624521  0.853726  0.389182  0.652050  0.620422  0.697358  0.844557  0.728176  0.616232  0.757153  0.519122  0.425894  0.674227  0.280511  0.755967  0.486106  0.639586  0.718276  0.265227  0.353601  0.504535  0.600136  0.573895  0.538600  0.697812  0.451503  0.647977  0.751166  0.533844 
26  0.888117  0.699029  0.849331  0.793062  0.756289  0.871442  0.779384  0.852675  0.796117  0.858556  0.877508  0.792501  0.938996  0.838971  0.787099  0.897926  0.631834  0.881872  0.837263  0.830042  0.825842  0.766667  0.789380  0.835494  0.846549  0.785655 0.0  0.822297  0.868003  0.790649  0.813913  0.721269  0.781806  0.637605  0.844388  0.951695  0.891649  0.746400  0.791022  0.736265  0.778483  0.746339  1.000000  0.856581  0.730631  0.601423  0.764748  0.731010  0.768558  0.809750  0.880903  0.887434  0.777816  0.646278  0.854748  0.783101  0.894703  0.864860  0.724651  0.817187  0.697151  0.696093  0.886497  0.909672  0.786124  0.863389  0.773439  0.818363  0.691131  0.702118  0.878272  0.845921  0.892521  0.953479  0.706818  0.895812  0.918114  0.809981  0.854752  0.859681  0.801797  0.751047  0.867373  0.847640  0.826933  0.781885  0.765437  0.667256  0.881772 
27  0.707852  0.743329  0.751489  0.738213  0.582401  0.364725  0.739839  0.692471  0.842656  0.721123  0.661739  0.489097  0.649559  0.731881  0.624152  0.255579  0.669755  0.428634  0.596987  0.416045  0.636476  0.740945  0.698314  0.612758  0.736611  0.462266  0.822297 0.0  0.630674  0.845736  0.690438  0.683515  0.718737  0.745216  0.338376  0.474141  0.635221  0.661622  0.631039  0.877309  0.819458  0.746604  0.762651  0.717128  0.621930  0.667495  0.501430  0.653630  0.690210  0.606472  0.661195  0.610838  0.601590  0.816224  0.560628  0.755865  0.707177  0.234609  0.696122  0.734879  0.649691  0.721201  0.044406  0.619269  0.766049  0.673880  0.737025  0.721770  0.688084  0.701776  0.696387  0.362904  0.703679  0.294052  0.690989  0.399219  0.604812  0.538760  0.400404  0.172991  0.192820  0.500791  0.696492  0.661115  0.752056  0.499536  0.657332  0.782723  0.648957 
28  0.692814  0.792323  0.779888  0.753491  0.702933  0.735416  0.856241  0.806714  0.738008  0.599630  0.753123  0.534291  0.778618  0.426211  0.776950  0.667791  0.858088  0.588779  0.780091  0.592836  0.663353  0.472347  0.734688  0.708209  0.415376  0.553166  0.868003  0.630674 0.0  0.832701  0.763909  0.679061  0.733013  0.756203  0.695482  0.505989  0.344789  0.783674  0.701826  0.874893  0.752102  0.808310  0.520820  0.828827  0.737467  0.845296  0.759726  0.737676  0.794597  0.621478  0.780784  0.789070  0.764698  0.895609  0.369002  0.787578  0.649295  0.572749  0.649575  0.802688  0.784348  0.932843  0.717426  0.500008  0.623416  0.628413  0.699754  0.787215  0.745610  0.744658  0.252436  0.582278  0.482078  0.700776  0.780996  0.662763  0.493391  0.755158  0.458898  0.644192  0.619279  0.673671  0.699468  0.382888  0.425239  0.623144  0.426113  0.868624  0.238316 
29  0.665017  0.361366  0.522814  0.670592  0.592521  0.732541  0.575290  0.772087  0.433975  0.818006  0.627092  0.691702  0.628843  0.745745  0.650372  0.864001  0.680457  0.788449  0.685905  0.730825  0.749805  0.762657  0.871327  0.672137  0.821692  0.825647  0.790649  0.845736  0.832701 0.0  0.654163  0.722657  0.497181  0.735410  0.753189  0.868326  0.739755  0.781801  0.725160  0.717246  0.656985  0.621861  0.895768  0.622574  0.676040  0.558172  0.648863  0.658220  0.782248  0.781956  0.709090  0.613595  0.734271  0.751639  0.815893  0.673200  0.632897  0.783987  0.638445  0.730715  0.584555  0.545434  0.642269  0.693506  0.891421  0.830782  0.581078  0.684836  0.605115  0.716596  0.799398  0.686967  0.833434  0.693866  0.677594  0.803292  0.685510  0.677569  0.769363  0.764742  0.698817  0.829779  0.761218  0.840965  0.734373  0.770741  0.773771  0.572977  0.833524 
30  0.570457  0.618040  0.454845  0.468775  0.586569  0.726336  0.486961  0.634396  0.568206  0.693102  0.688868  0.809278  0.684942  0.769237  0.569977  0.653523  0.878106  0.770119  0.660353  0.699680  0.443453  0.872522  0.543365  0.577290  0.824073  0.660930  0.813913  0.690438  0.763909  0.654163 0.0  0.693719  0.599185  0.535199  0.693624  0.802032  0.751446  0.654528  0.641330  0.826529  0.648963  0.683328  0.846045  0.557873  0.566288  0.518087  0.668809  0.338093  0.532203  0.736384  0.466002  0.509141  0.512340  0.622407  0.819147  0.596915  0.547107  0.729669  0.408374  0.564656  0.430054  0.420405  0.745711  0.848828  0.819463  0.770903  0.536683  0.546107  0.477634  0.700271  0.764891  0.655048  0.776070  0.701115  0.547344  0.591594  0.657201  0.598593  0.662112  0.691542  0.693295  0.528203  0.602612  0.764199  0.730721  0.750939  0.771621  0.666236  0.797176 
31  0.539113  0.715665  0.703944  0.577006  0.457682  0.498922  0.707552  0.609296  0.780999  0.798467  0.635441  0.540464  0.575589  0.633941  0.509846  0.603407  0.786519  0.675321  0.215064  0.513494  0.561247  0.674164  0.494416  0.262981  0.765162  0.509871  0.721269  0.683515  0.679061  0.722657  0.693719 0.0  0.678569  0.682616  0.573326  0.725506  0.675806  0.584280  0.503856  0.766825  0.713198  0.740604  0.862582  0.743972  0.547455  0.714744  0.439922  0.687302  0.506167  0.670023  0.593597  0.542082  0.585836  0.854283  0.629984  0.584954  0.529868  0.590766  0.585627  0.568883  0.708555  0.624060  0.533719  0.736243  0.775327  0.710816  0.646582  0.511100  0.601833  0.711697  0.717782  0.629839  0.838299  0.766231  0.492892  0.670271  0.748639  0.382844  0.598917  0.687524  0.615782  0.528678  0.534483  0.842376  0.644680  0.547771  0.669881  0.742278  0.746601 
32  0.608996  0.585288  0.632209  0.688135  0.674469  0.726337  0.660878  0.636133  0.469900  0.779094  0.747486  0.775789  0.460954  0.679125  0.662149  0.659923  0.805831  0.758147  0.727112  0.694553  0.641711  0.793295  0.593256  0.698456  0.833109  0.706325  0.781806  0.718737  0.733013  0.497181  0.599185  0.678569 0.0  0.609067  0.774409  0.721648  0.780899  0.772137  0.647409  0.659804  0.487875  0.165480  0.875189  0.275243  0.508438  0.677052  0.743071  0.638495  0.593122  0.802240  0.697672  0.682029  0.589817  0.770898  0.869706  0.584284  0.594491  0.817126  0.578589  0.703651  0.557422  0.635408  0.740560  0.880635  0.831205  0.897863  0.634249  0.651888  0.741362  0.701388  0.788443  0.821454  0.809451  0.748265  0.597651  0.794974  0.910149  0.664381  0.814148  0.711680  0.646854  0.735997  0.747259  0.740898  0.847178  0.750839  0.805516  0.596512  0.859594 
33  0.620232  0.698452  0.558865  0.575280  0.647660  0.692587  0.600005  0.668859  0.770870  0.820282  0.506433  0.738556  0.677393  0.727650  0.554380  0.807495  0.673852  0.753824  0.701635  0.622799  0.594631  0.712536  0.554512  0.678003  0.786649  0.722713  0.637605  0.745216  0.756203  0.735410  0.535199  0.682616  0.609067 0.0  0.695774  0.731491  0.833928  0.557488  0.751568  0.762786  0.752518  0.810644  0.681087  0.682289  0.586838  0.660731  0.688216  0.645356  0.627140  0.779443  0.571548  0.641347  0.630408  0.663204  0.766437  0.690441  0.528255  0.704512  0.621765  0.681694  0.613345  0.663555  0.678295  0.825905  0.779030  0.777726  0.541548  0.638360  0.682515  0.522705  0.885533  0.640809  0.758525  0.778872  0.750648  0.673778  0.821621  0.519192  0.784897  0.688187  0.830548  0.580995  0.705775  0.810551  0.769592  0.637997  0.766347  0.762253  0.845993 
34  0.717784  0.770471  0.746092  0.650933  0.625892  0.283100  0.842820  0.659177  0.724109  0.561417  0.639117  0.463595  0.711949  0.643348  0.589980  0.200167  0.791790  0.427335  0.452925  0.372083  0.715110  0.632157  0.650785  0.651057  0.715589  0.589120  0.844388  0.338376  0.695482  0.753189  0.693624  0.573326  0.774409  0.695774 0.0  0.613902  0.776372  0.728448  0.800077  0.708726  0.780398  0.757823  0.599350  0.682019  0.660295  0.778107  0.334614  0.730836  0.583719  0.567329  0.671031  0.632097  0.708716  0.870727  0.746461  0.734968  0.614990  0.288661  0.696639  0.689606  0.620565  0.688538  0.277948  0.610864  0.772424  0.744606  0.810827  0.645529  0.612555  0.788616  0.666996  0.237419  0.678185  0.470504  0.697581  0.384368  0.668626  0.649548  0.492783  0.287384  0.079048  0.605751  0.616668  0.781495  0.588996  0.476428  0.652205  0.652020  0.744539 
35  0.583005  0.621785  0.855087  0.771748  0.809829  0.556332  0.806847  0.655959  0.846876  0.661648  0.702535  0.265364  0.657330  0.534313  0.623320  0.558640  0.808992  0.554847  0.699054  0.611223  0.800364  0.458017  0.595081  0.638397  0.628748  0.428113  0.951695  0.474141  0.505989  0.868326  0.802032  0.725506  0.721648  0.731491  0.613902 0.0  0.621696  0.745439  0.642924  0.805012  0.736843  0.714397  0.608323  0.875316  0.754790  0.676282  0.532999  0.827340  0.767099  0.282965  0.874410  0.734984  0.672054  0.764102  0.524858  0.848072  0.622240  0.581122  0.709196  0.644021  0.760150  0.727114  0.526242  0.518037  0.634967  0.723742  0.784523  0.756001  0.677498  0.738637  0.540307  0.557872  0.611281  0.510231  0.686705  0.561813  0.569489  0.789656  0.308646  0.529346  0.368013  0.726560  0.594885  0.571270  0.643582  0.585041  0.669107  0.945526  0.637546 
36  0.877503  0.760948  0.753861  0.801974  0.816214  0.701175  0.719119  0.837219  0.850937  0.511384  0.771137  0.594308  0.773394  0.337550  0.621603  0.629888  0.813497  0.612342  0.648740  0.644723  0.804273  0.478567  0.789321  0.751037  0.469483  0.680039  0.891649  0.635221  0.344789  0.739755  0.751446  0.675806  0.780899  0.833928  0.776372  0.621696 0.0  0.775957  0.685330  0.918569  0.743232  0.864119  0.417757  0.719831  0.856426  0.877270  0.690415  0.825922  0.729482  0.599849  0.649093  0.786421  0.760656  0.791534  0.524708  0.866840  0.834328  0.584631  0.845340  0.705808  0.863652  0.821397  0.694980  0.180193  0.592275  0.438752  0.732600  0.711257  0.784900  0.879657  0.270383  0.658612  0.306743  0.667151  0.842287  0.677835  0.491519  0.705718  0.666547  0.791387  0.677714  0.641259  0.704001  0.372878  0.432680  0.621504  0.426675  0.851584  0.233217 
37  0.598388  0.765350  0.631957  0.615774  0.574060  0.658868  0.737547  0.789852  0.799771  0.831794  0.560510  0.695456  0.703417  0.796785  0.514990  0.716315  0.744391  0.698018  0.635976  0.713195  0.674728  0.640428  0.517117  0.693056  0.782448  0.654717  0.746400  0.661622  0.783674  0.781801  0.654528  0.584280  0.772137  0.557488  0.728448  0.745439  0.775957 0.0  0.626768  0.744788  0.718098  0.817130  0.821802  0.737311  0.663801  0.714304  0.712101  0.663349  0.611849  0.798242  0.463333  0.580928  0.628687  0.691812  0.828333  0.696295  0.655870  0.765802  0.748758  0.653772  0.641554  0.624824  0.691494  0.775501  0.822332  0.694286  0.603048  0.705756  0.590124  0.555239  0.756852  0.738373  0.741362  0.728788  0.681789  0.718553  0.770436  0.746334  0.742570  0.788137  0.651358  0.594577  0.621777  0.821404  0.707884  0.758212  0.756506  0.701670  0.714524 
38  0.486828  0.588047  0.582031  0.586239  0.563164  0.551299  0.651278  0.393183  0.759983  0.893451  0.492824  0.692736  0.619463  0.700503  0.559986  0.632446  0.813111  0.599915  0.468728  0.535776  0.545127  0.790837  0.663179  0.440071  0.707039  0.689288  0.791022  0.631039  0.701826  0.725160  0.641330  0.503856  0.647409  0.751568  0.800077  0.642924  0.685330  0.626768 0.0  0.646872  0.722058  0.664550  0.768458  0.679068  0.448101  0.618991  0.536899  0.587926  0.548860  0.607110  0.546616  0.517841  0.505898  0.782445  0.797520  0.590413  0.493900  0.802292  0.414820  0.477436  0.474532  0.570987  0.509417  0.784456  0.791641  0.747648  0.687384  0.355616  0.496899  0.591203  0.744906  0.682126  0.677105  0.600164  0.417345  0.648629  0.690354  0.576862  0.549670  0.707116  0.569661  0.700696  0.686391  0.747757  0.772436  0.613359  0.729780  0.769845  0.804580 
39  0.708860  0.755431  0.723116  0.690880  0.729626  0.744828  0.654231  0.652077  0.768751  0.840143  0.793303  0.829459  0.624684  0.888556  0.705301  0.705122  0.660513  0.854670  0.794724  0.743160  0.696983  0.866783  0.665676  0.638824  0.889775  0.744073  0.736265  0.877309  0.874893  0.717246  0.826529  0.766825  0.659804  0.762786  0.708726  0.805012  0.918569  0.744788  0.646872 0.0  0.630859  0.586713  0.861155  0.541850  0.675055  0.623292  0.741323  0.683499  0.809297  0.857582  0.784153  0.725942  0.774268  0.957458  0.842220  0.764403  0.780341  0.734317  0.724467  0.602407  0.789070  0.752713  0.762306  0.818937  0.803613  0.904694  0.717156  0.760900  0.756784  0.820778  0.860482  0.847494  0.831279  0.752913  0.780307  0.816798  0.784611  0.678413  0.805620  0.718351  0.752392  0.750286  0.785875  0.857787  0.836103  0.801758  0.793489  0.690363  0.983114 
40  0.698332  0.538616  0.713163  0.646223  0.780912  0.759497  0.616948  0.603542  0.527983  0.774228  0.665999  0.770586  0.533454  0.819265  0.646682  0.673544  0.903776  0.798562  0.728543  0.683991  0.750930  0.843812  0.638733  0.648577  0.880363  0.816696  0.778483  0.819458  0.752102  0.656985  0.648963  0.713198  0.487875  0.752518  0.780398  0.736843  0.743232  0.718098  0.722058  0.630859 0.0  0.329507  0.762994  0.548937  0.547759  0.702293  0.776429  0.686122  0.629699  0.786083  0.694580  0.688394  0.796474  0.847403  0.831940  0.612971  0.758931  0.614366  0.637263  0.618969  0.701364  0.782318  0.724493  0.853790  0.776239  0.818186  0.591112  0.599495  0.657142  0.766093  0.706846  0.696781  0.797348  0.807169  0.712706  0.766199  0.746880  0.819034  0.727160  0.658709  0.764727  0.649421  0.794013  0.928476  0.857462  0.765805  0.891084  0.807063  0.838669 
41  0.627116  0.483897  0.669361  0.582028  0.653591  0.724986  0.626465  0.675232  0.573061  0.838177  0.743904  0.799748  0.486365  0.763198  0.599643  0.804796  0.762654  0.761094  0.731296  0.708404  0.598157  0.867123  0.813490  0.745696  0.804087  0.671412  0.746339  0.746604  0.808310  0.621861  0.683328  0.740604  0.165480  0.810644  0.757823  0.714397  0.864119  0.817130  0.664550  0.586713  0.329507 0.0  0.871543  0.352524  0.528381  0.608127  0.925880  0.650266  0.717731  0.775586  0.680833  0.679117  0.695885  0.776716  0.789310  0.575623  0.681443  0.769148  0.608799  0.543565  0.703458  0.761095  0.792435  0.844215  0.909211  0.723400  0.650648  0.600294  0.596220  0.758411  0.823428  0.805921  0.880290  0.783060  0.614449  0.739401  0.823598  0.627973  0.816018  0.731651  0.700066  0.725729  0.734013  0.881652  0.775721  0.740820  0.850017  0.721230  0.813121 
42  0.761366  0.795344  0.798892  0.877129  0.763384  0.756904  0.720702  0.903093  0.847353  0.467547  0.855391  0.687008  0.759414  0.647641  0.890311  0.808126  0.822017  0.681373  0.686509  0.692745  0.763796  0.607340  0.790972  0.732442  0.475053  0.610607  1.000000  0.762651  0.520820  0.895768  0.846045  0.862582  0.875189  0.681087  0.599350  0.608323  0.417757  0.821802  0.768458  0.861155  0.762994  0.871543 0.0  0.817961  0.844028  0.701907  0.623456  0.840609  0.755773  0.753960  0.707134  0.802732  0.795734  0.856948  0.505372  0.698266  0.814984  0.699905  0.831830  0.860662  0.736143  0.852907  0.701595  0.357265  0.314921  0.399653  0.778690  0.788161  0.846867  0.836799  0.559312  0.702449  0.487830  0.622450  0.860694  0.522778  0.442600  0.712573  0.638085  0.626957  0.683806  0.707596  0.715873  0.430919  0.399645  0.752776  0.442388  0.782939  0.532659 
43  0.650797  0.446396  0.624328  0.631364  0.766876  0.770088  0.583931  0.574139  0.395726  0.803427  0.577640  0.793429  0.537302  0.803632  0.646258  0.770302  0.816828  0.681672  0.743082  0.768895  0.648849  0.804282  0.708978  0.612659  0.724273  0.680718  0.856581  0.717128  0.828827  0.622574  0.557873  0.743972  0.275243  0.682289  0.682019  0.875316  0.719831  0.737311  0.679068  0.541850  0.548937  0.352524  0.817961 0.0  0.581655  0.727119  0.722159  0.627674  0.628429  0.650998  0.635168  0.655523  0.500297  0.713754  0.656272  0.525707  0.809336  0.718707  0.587756  0.572269  0.657538  0.648549  0.671782  0.774663  0.959351  0.916401  0.716171  0.646987  0.628189  0.792764  0.690213  0.649667  0.849547  0.719205  0.758468  0.679238  0.865864  0.758341  0.854400  0.756091  0.670040  0.681920  0.863897  0.873908  0.794746  0.764643  0.776754  0.635230  0.846104 
44  0.587043  0.575511  0.629964  0.582386  0.716879  0.618637  0.577826  0.452533  0.579291  0.829964  0.750757  0.742582  0.575277  0.662062  0.524523  0.580044  0.922583  0.686243  0.605986  0.606901  0.679548  0.767765  0.608364  0.591014  0.759148  0.610824  0.730631  0.621930  0.737467  0.676040  0.566288  0.547455  0.508438  0.586838  0.660295  0.754790  0.856426  0.663801  0.448101  0.675055  0.547759  0.528381  0.844028  0.581655 0.0  0.507052  0.582281  0.608236  0.628741  0.677761  0.593693  0.575591  0.302374  0.764913  0.754082  0.626280  0.699594  0.731754  0.491413  0.471311  0.620482  0.619213  0.647776  0.865761  0.869312  0.821044  0.642627  0.471119  0.730809  0.774568  0.758881  0.656896  0.768492  0.573686  0.426892  0.682095  0.783277  0.594039  0.710955  0.734382  0.637104  0.725687  0.760380  0.770921  0.924590  0.685989  0.770473  0.658186  0.723287 
