89
0 0.0  0.600226  0.566492  0.372662  0.407894  0.614518  0.536501  0.497495  0.656846  0.723168  0.428678  0.646474  0.584513  0.753023  0.216158  0.617690  0.719564  0.585307  0.524751  0.632038  0.596112  0.765266  0.511197  0.626122  0.866380  0.719554  0.836340  0.633234  0.823411  0.531461  0.493976  0.509303  0.642408  0.538205  0.737718  0.689712  0.764871  0.691107  0.467614  0.735398  0.577330  0.664418  0.789933  0.578756  0.599962  0.553587  0.571956  0.553037  0.484584  0.689916  0.518533  0.413843  0.498133  0.783592  0.696382  0.621936  0.628401  0.712783  0.375178  0.022072  0.433674  0.638902  0.759151  0.758384  0.785167  0.778154  0.655575  0.453071  0.637554  0.738951  0.782520  0.694061  0.763678  0.735173  0.405708  0.589187  0.649025  0.485836  0.703094  0.735428  0.693514  0.592898  0.625102  0.755990  0.710320  0.567023  0.759443  0.647167  0.744526 
1  0.600226 0.0  0.672261  0.528859  0.692673  0.802770  0.468643  0.561190  0.500896  0.837060  0.751867  0.779500  0.575209  0.829937  0.723696  0.748735  0.778729  0.729061  0.763147  0.735055  0.592153  0.749774  0.575387  0.657569  0.846348  0.765193  0.746914  0.760655  0.866966  0.385370  0.491171  0.657268  0.572266  0.736836  0.750681  0.813122  0.777169  0.675318  0.668222  0.701950  0.650396  0.607705  0.919283  0.595705  0.709578  0.581640  0.766233  0.486068  0.629537  0.775839  0.693245  0.696819  0.599133  0.775012  0.715588  0.408613  0.650867  0.705275  0.577259  0.683397  0.590162  0.684911  0.782705  0.817701  0.905212  0.832207  0.659372  0.669358  0.668010  0.781710  0.739833  0.665810  0.853714  0.780921  0.580255  0.702376  0.722191  0.702592  0.654529  0.712128  0.689843  0.718532  0.688291  0.761270  0.824648  0.759043  0.865055  0.618151  0.786459 
2  0.566492  0.672261 0.0  0.600262  0.522008  0.699212  0.421754  0.635105  0.684127  0.798521  0.583619  0.719367  0.584558  0.777472  0.547988  0.705740  0.713708  0.578291  0.678024  0.685423  0.497999  0.811803  0.565743  0.594573  0.754352  0.735878  0.708335  0.709140  0.775314  0.508386  0.445114  0.682958  0.779275  0.613914  0.670852  0.873127  0.728515  0.611939  0.562990  0.725497  0.680556  0.693326  0.821797  0.555642  0.694881  0.480520  0.719696  0.441212  0.617318  0.774022  0.533192  0.650722  0.638707  0.676455  0.655865  0.610287  0.607862  0.691526  0.583994  0.543326  0.468703  0.209474  0.658653  0.798882  0.740639  0.841766  0.495102  0.668769  0.509523  0.605770  0.609140  0.691753  0.873132  0.804305  0.501152  0.594123  0.741576  0.542633  0.713915  0.649980  0.740052  0.615583  0.768676  0.724933  0.781596  0.728936  0.617686  0.709318  0.783965 
3  0.372662  0.528859  0.600262 0.0  0.410907  0.570620  0.562403  0.556366  0.699079  0.715085  0.496394  0.715610  0.561971  0.755517  0.132705  0.632761  0.785979  0.654356  0.545683  0.613787  0.530959  0.695136  0.460307  0.574264  0.767259  0.662446  0.746200  0.699198  0.741410  0.672241  0.543096  0.617146  0.563455  0.578092  0.605132  0.714166  0.752580  0.638498  0.535917  0.738892  0.613986  0.572821  0.867824  0.487472  0.528710  0.519951  0.540787  0.539214  0.083662  0.771795  0.501086  0.349323  0.629182  0.732374  0.736045  0.569690  0.420287  0.745806  0.297623  0.251986  0.345549  0.663301  0.688653  0.742818  0.799068  0.784051  0.625415  0.516590  0.468407  0.601947  0.577685  0.583812  0.740483  0.653108  0.476741  0.729211  0.765668  0.416957  0.615192  0.648051  0.694817  0.550227  0.552079  0.654881  0.817823  0.675553  0.728806  0.673259  0.723181 
4  0.407894  0.692673  0.522008  0.410907 0.0  0.675233  0.591913  0.603905  0.762928  0.775161  0.364165  0.695028  0.653780  0.679084  0.315757  0.512147  0.778522  0.590348  0.497206  0.691413  0.458455  0.817009  0.270260  0.564768  0.707219  0.640284  0.697240  0.581306  0.702373  0.683875  0.545337  0.504695  0.635600  0.603125  0.655110  0.712990  0.726742  0.618769  0.445660  0.811141  0.720224  0.692211  0.792238  0.731895  0.567617  0.527369  0.582525  0.470999  0.456961  0.637524  0.469423  0.466123  0.652996  0.763581  0.769001  0.660546  0.473852  0.644301  0.553083  0.431588  0.378155  0.566537  0.728405  0.761799  0.747561  0.764852  0.713287  0.629986  0.524113  0.747608  0.633711  0.635336  0.691586  0.632980  0.547280  0.563487  0.813172  0.487793  0.607195  0.543438  0.567151  0.486366  0.532099  0.821191  0.714953  0.602303  0.791354  0.646625  0.668724 
5  0.614518  0.802770  0.699212  0.570620  0.675233 0.0  0.663741  0.592573  0.825442  0.819804  0.599055  0.528129  0.739787  0.687825  0.747531  0.217169  0.862913  0.548418  0.454782  0.355060  0.674635  0.720017  0.699741  0.433496  0.638046  0.525292  0.793337  0.405472  0.600424  0.630168  0.701582  0.528794  0.796982  0.701990  0.293858  0.550398  0.688679  0.619776  0.647268  0.652604  0.719249  0.714180  0.694371  0.687781  0.587673  0.662769  0.315971  0.582864  0.586803  0.573444  0.650713  0.585659  0.571134  0.888580  0.608389  0.715790  0.698177  0.447147  0.682584  0.611738  0.540938  0.548378  0.367060  0.674680  0.642681  0.755741  0.763030  0.515260  0.696720  0.601850  0.774966  0.350485  0.638167  0.546496  0.609080  0.487827  0.649147  0.558022  0.609515  0.410712  0.350963  0.562416  0.562964  0.652459  0.648285  0.529742  0.751396  0.765435  0.716864 
6  0.536501  0.468643  0.421754  0.562403  0.591913  0.663741 0.0  0.642831  0.513006  0.816187  0.607504  0.851416  0.611495  0.833210  0.550261  0.625324  0.746624  0.817815  0.700406  0.713384  0.606777  0.844787  0.610280  0.705743  0.807848  0.678826  0.705636  0.728449  0.786661  0.505898  0.416408  0.715005  0.676211  0.733420  0.713014  0.599190  0.813757  0.651075  0.652151  0.648195  0.656198  0.704258  0.803537  0.635942  0.580699  0.367940  0.607393  0.431640  0.469090  0.813333  0.623941  0.657039  0.641650  0.682810  0.809470  0.486461  0.600760  0.700377  0.598748  0.525458  0.477633  0.307096  0.795514  0.847129  0.815402  0.794688  0.437825  0.667238  0.496214  0.656887  0.800379  0.799311  0.848177  0.700948  0.555318  0.724997  0.765762  0.620164  0.746080  0.696358  0.715260  0.706388  0.678668  0.904127  0.759466  0.657912  0.757951  0.575544  0.787396 
7  0.497495  0.561190  0.635105  0.556366  0.603905  0.592573  0.642831 0.0  0.623807  0.734119  0.640422  0.661976  0.563851  0.661280  0.633348  0.628352  0.814513  0.649486  0.589658  0.535416  0.592776  0.709540  0.600093  0.635547  0.759969  0.747480  0.888155  0.673526  0.780274  0.662131  0.485531  0.626688  0.545688  0.684065  0.813578  0.649460  0.819151  0.724719  0.506500  0.774094  0.657744  0.621897  0.830367  0.583343  0.424599  0.538652  0.641549  0.632490  0.570455  0.696160  0.602325  0.564339  0.271296  0.809538  0.772032  0.500563  0.624852  0.669931  0.473972  0.513187  0.549085  0.620103  0.638120  0.752848  0.891706  0.727194  0.629838  0.433846  0.615695  0.721454  0.756904  0.659516  0.748372  0.626599  0.440407  0.682622  0.642996  0.577761  0.627979  0.621735  0.707608  0.607065  0.668204  0.920417  0.837878  0.704263  0.806964  0.788099  0.609593 
8  0.656846  0.500896  0.684127  0.699079  0.762928  0.825442  0.513006  0.623807 0.0  0.827556  0.671025  0.718018  0.621657  0.882189  0.644405  0.672054  0.635788  0.748436  0.631805  0.857330  0.743372  0.667865  0.607910  0.726927  0.779053  0.759932  0.823336  0.688728  0.801257  0.490592  0.574237  0.650503  0.495772  0.784477  0.853277  0.758163  0.857579  0.714029  0.706955  0.678744  0.564606  0.515731  0.784288  0.479610  0.555380  0.471288  0.854868  0.536137  0.698432  0.720825  0.618361  0.664090  0.627892  0.628819  0.895147  0.503926  0.735979  0.781839  0.586779  0.602622  0.635117  0.645065  0.799995  0.836689  0.851549  0.863316  0.656788  0.633049  0.662070  0.751737  0.828430  0.777936  0.732115  0.775523  0.670387  0.712725  0.719292  0.633041  0.743735  0.819077  0.795317  0.881460  0.668365  0.798285  0.812403  0.699103  0.932037  0.531860  0.898707 
9  0.723168  0.837060  0.798521  0.715085  0.775161  0.819804  0.816187  0.734119  0.827556 0.0  0.835716  0.630202  0.819307  0.554567  0.762959  0.778258  0.870696  0.605352  0.771062  0.689748  0.774651  0.641506  0.850461  0.826813  0.572973  0.755767  0.933962  0.721545  0.508866  0.894339  0.798005  0.812574  0.810635  0.703364  0.780502  0.674591  0.678331  0.681705  0.810192  0.704712  0.813289  0.845888  0.419761  0.933502  0.755177  0.817908  0.755625  0.899014  0.780201  0.675320  0.733283  0.700047  0.776392  0.921059  0.587861  0.784856  0.779766  0.688691  0.802923  0.871241  0.783281  0.740955  0.620014  0.486115  0.292483  0.453825  0.777976  0.856529  0.762784  0.895598  0.607393  0.717297  0.638421  0.681157  0.835904  0.663620  0.670256  0.729183  0.512240  0.729177  0.716112  0.791044  0.774458  0.553230  0.513639  0.639181  0.537455  0.758219  0.489515 
10  0.428678  0.751867  0.583619  0.496394  0.364165  0.599055  0.607504  0.640422  0.671025  0.835716 0.0  0.761930  0.567487  0.585157  0.463489  0.738373  0.736601  0.558223  0.610704  0.607509  0.431865  0.839185  0.161748  0.570849  0.863672  0.703214  0.641317  0.615239  0.807894  0.634679  0.526075  0.549950  0.655400  0.522991  0.735153  0.678707  0.739529  0.593171  0.495091  0.679453  0.629398  0.596763  0.894684  0.724289  0.524064  0.625590  0.651966  0.575375  0.509924  0.751074  0.351300  0.417092  0.636168  0.797928  0.785712  0.594858  0.078246  0.584064  0.459814  0.534965  0.453860  0.533554  0.554803  0.678455  0.677128  0.700899  0.494501  0.578471  0.609716  0.702061  0.753895  0.641800  0.837373  0.682916  0.489114  0.673703  0.695735  0.408140  0.721036  0.603301  0.632288  0.547156  0.548656  0.723094  0.675230  0.747063  0.623450  0.606062  0.659372 
11  0.646474  0.779500  0.719367  0.715610  0.695028  0.528129  0.851416  0.661976  0.718018  0.630202  0.761930 0.0  0.787402  0.536474  0.791673  0.448221  0.908809  0.452775  0.606050  0.512292  0.799038  0.596885  0.718668  0.631219  0.559045  0.398855  0.808917  0.452259  0.612138  0.877904  0.687602  0.570264  0.680021  0.818965  0.457244  0.364153  0.650546  0.683019  0.607241  0.691909  0.745584  0.780664  0.660738  0.674033  0.683907  0.762915  0.511596  0.736512  0.693988  0.400320  0.735549  0.685434  0.621644  0.744057  0.560047  0.751885  0.775361  0.432961  0.693638  0.692603  0.714968  0.742520  0.437227  0.649589  0.528177  0.509505  0.749658  0.714412  0.597337  0.723869  0.571286  0.542075  0.671940  0.433421  0.682226  0.546516  0.583339  0.548790  0.149226  0.466490  0.450118  0.676491  0.561804  0.656093  0.592425  0.508597  0.676781  0.851477  0.564499 
12  0.584513  0.575209  0.584558  0.561971  0.653780  0.739787  0.611495  0.563851  0.621657  0.819307  0.567487  0.787402 0.0  0.717263  0.616475  0.654083  0.662537  0.774576  0.701846  0.745601  0.681663  0.739555  0.654152  0.705374  0.697906  0.797918  0.831392  0.636098  0.810032  0.497616  0.582538  0.730917  0.527908  0.688343  0.649634  0.850243  0.688067  0.701146  0.576652  0.703407  0.544904  0.464101  0.782721  0.613997  0.518564  0.616777  0.701472  0.596780  0.570273  0.717810  0.626301  0.605572  0.656595  0.794589  0.764200  0.538927  0.677280  0.744683  0.576922  0.562608  0.547996  0.656561  0.714205  0.770534  0.854722  0.845370  0.785829  0.429951  0.693315  0.709347  0.871717  0.661649  0.748427  0.666546  0.525794  0.682897  0.782400  0.586171  0.736225  0.653066  0.671400  0.642811  0.727393  0.863844  0.733657  0.785049  0.850310  0.682342  0.686463 
13  0.753023  0.829937  0.777472  0.755517  0.679084  0.687825  0.833210  0.661280  0.882189  0.554567  0.585157  0.536474  0.717263 0.0  0.637531  0.637999  0.864804  0.598555  0.614704  0.515948  0.712998  0.196934  0.705789  0.693713  0.562421  0.559184  0.787951  0.523985  0.465792  0.767658  0.712438  0.681654  0.726211  0.700105  0.637133  0.483918  0.501292  0.714154  0.743078  0.751395  0.743991  0.751177  0.641062  0.717443  0.761732  0.755383  0.704251  0.801013  0.600335  0.522425  0.871391  0.694124  0.742201  0.857834  0.260944  0.701985  0.742294  0.562650  0.754617  0.713863  0.877923  0.758229  0.578754  0.394296  0.575746  0.502046  0.878470  0.641619  0.737766  0.768869  0.321475  0.569788  0.549608  0.531846  0.661935  0.606785  0.504778  0.737290  0.463337  0.726342  0.635848  0.746670  0.716154  0.547742  0.515721  0.609551  0.549550  0.818205  0.506032 
14  0.216158  0.723696  0.547988  0.132705  0.315757  0.747531  0.550261  0.633348  0.644405  0.762959  0.463489  0.791673  0.616475  0.637531 0.0  0.631542  0.799746  0.655170  0.657906  0.711114  0.462471  0.819477  0.372126  0.601911  0.772593  0.663239  0.836099  0.664622  0.788247  0.714435  0.358543  0.468936  0.641769  0.678918  0.635689  0.769620  0.809450  0.513140  0.509901  0.774305  0.665026  0.661644  0.706528  0.558399  0.668607  0.578407  0.599047  0.483677  0.262704  0.725395  0.445486  0.428054  0.431445  0.710627  0.708008  0.536869  0.389829  0.659714  0.360291  0.343280  0.357115  0.585727  0.615750  0.824094  0.718349  0.807628  0.586637  0.540661  0.480900  0.673652  0.724846  0.639855  0.771135  0.606383  0.575174  0.617214  0.721439  0.502953  0.615686  0.548455  0.723843  0.635321  0.510816  0.908836  0.853987  0.642976  0.787475  0.743510  0.698992 
15  0.617690  0.748735  0.705740  0.632761  0.512147  0.217169  0.625324  0.628352  0.672054  0.778258  0.738373  0.448221  0.654083  0.637999  0.631542 0.0  0.753428  0.433878  0.640332  0.395372  0.712341  0.641532  0.509857  0.569469  0.670724  0.521247  0.829119  0.335200  0.678895  0.810446  0.706416  0.560073  0.693616  0.687808  0.292987  0.566421  0.716436  0.765016  0.622101  0.828781  0.687359  0.777443  0.630294  0.775570  0.647083  0.586851  0.453143  0.618446  0.639420  0.562920  0.723197  0.705007  0.627400  0.859810  0.612362  0.671112  0.659476  0.435183  0.664800  0.693871  0.689956  0.711443  0.258392  0.546380  0.737666  0.564987  0.682431  0.647608  0.728779  0.705456  0.654729  0.257415  0.656279  0.490284  0.608135  0.462439  0.711717  0.704378  0.608490  0.394432  0.192764  0.615111  0.669109  0.776748  0.723788  0.405392  0.731985  0.856901  0.736205 
16  0.719564  0.778729  0.713708  0.785979  0.778522  0.862913  0.746624  0.814513  0.635788  0.870696  0.736601  0.908809  0.662537  0.864804  0.799746  0.753428 0.0  0.833837  0.750917  0.862197  0.882319  0.845383  0.767979  0.914847  0.916559  0.824018  0.567356  0.872600  0.828919  0.708314  0.727670  0.801043  0.837236  0.772227  0.713624  0.874342  0.840819  0.767978  0.758538  0.748195  0.688615  0.805313  0.975892  0.708324  0.800676  0.803038  0.847177  0.795405  0.705500  0.866808  0.823067  0.769192  0.716537  0.738777  0.802379  0.817670  0.804606  0.827198  0.765506  0.736343  0.792444  0.739570  0.826409  0.997127  0.913162  0.827150  0.734310  0.809033  0.710989  0.705253  0.969718  0.798635  0.809186  0.924595  0.819253  0.880741  0.876440  0.817604  0.847199  0.888281  0.851846  0.792405  0.771044  0.859142  0.933159  0.778699  0.866024  0.632001  0.924616 
17  0.585307  0.729061  0.578291  0.654356  0.590348  0.548418  0.817815  0.649486  0.748436  0.605352  0.558223  0.452775  0.774576  0.598555  0.655170  0.433878  0.833837 0.0  0.528020  0.570287  0.659162  0.497747  0.741487  0.621077  0.653324  0.278888  0.865602  0.436271  0.634202  0.812551  0.628011  0.672278  0.777572  0.732974  0.435388  0.368496  0.631281  0.664248  0.757566  0.757381  0.803467  0.631991  0.743283  0.777858  0.765905  0.729662  0.497682  0.787509  0.682195  0.434780  0.659209  0.720160  0.697512  0.797038  0.653393  0.665808  0.717059  0.276057  0.612742  0.669868  0.749586  0.713180  0.320601  0.546825  0.617100  0.716333  0.738558  0.698133  0.710104  0.722909  0.572864  0.439682  0.749462  0.233108  0.696449  0.498193  0.656372  0.654925  0.448439  0.434673  0.366460  0.598022  0.621816  0.649234  0.606675  0.449986  0.585479  0.683102  0.609451 
18  0.524751  0.763147  0.678024  0.545683  0.497206  0.454782  0.700406  0.589658  0.631805  0.771062  0.610704  0.606050  0.701846  0.614704  0.657906  0.640332  0.750917  0.528020 0.0  0.541917  0.586807  0.721769  0.618163  0.226730  0.665915  0.657386  0.797923  0.646403  0.741963  0.719400  0.564170  0.376348  0.641921  0.707021  0.588791  0.682148  0.780659  0.617727  0.540076  0.662853  0.700346  0.687865  0.690631  0.796748  0.677038  0.600537  0.466044  0.700554  0.560955  0.593259  0.693328  0.526011  0.573283  0.858233  0.664958  0.573809  0.678930  0.461516  0.547735  0.650877  0.595848  0.538325  0.563849  0.722160  0.807317  0.705557  0.679492  0.568412  0.560794  0.663154  0.657494  0.547321  0.641853  0.491220  0.629689  0.633715  0.639412  0.421442  0.600762  0.490180  0.553464  0.519829  0.514263  0.825270  0.745227  0.610397  0.849161  0.701147  0.725688 
19  0.632038  0.735055  0.685423  0.613787  0.691413  0.355060  0.713384  0.535416  0.857330  0.689748  0.607509  0.512292  0.745601  0.515948  0.711114  0.395372  0.862197  0.570287  0.541917 0.0  0.600522  0.706654  0.604144  0.457931  0.769493  0.574398  0.819144  0.460333  0.633399  0.710653  0.719249  0.673552  0.650479  0.705602  0.501496  0.617704  0.667247  0.722858  0.615307  0.714709  0.704170  0.764981  0.723312  0.705394  0.758374  0.764089  0.334455  0.714655  0.562167  0.616095  0.755852  0.678444  0.512989  0.818011  0.663221  0.703678  0.644244  0.427885  0.549694  0.631831  0.585103  0.668935  0.474361  0.773848  0.616562  0.741055  0.782996  0.501271  0.643609  0.657717  0.688747  0.393315  0.619161  0.405050  0.609065  0.434988  0.745331  0.580640  0.555266  0.470950  0.356147  0.622078  0.600233  0.802771  0.681021  0.505399  0.726903  0.710537  0.613582 
20  0.596112  0.592153  0.497999  0.530959  0.458455  0.674635  0.606777  0.592776  0.743372  0.774651  0.431865  0.799038  0.681663  0.712998  0.462471  0.712341  0.882319  0.659162  0.586807  0.600522 0.0  0.714930  0.371543  0.544011  0.650592  0.701444  0.802011  0.626856  0.754940  0.644731  0.537030  0.687068  0.769532  0.513937  0.668856  0.650938  0.684168  0.563939  0.566891  0.687879  0.598790  0.684553  0.763276  0.711453  0.648538  0.540231  0.624093  0.547274  0.434534  0.713608  0.176918  0.502338  0.641468  0.704712  0.640823  0.500452  0.301226  0.734416  0.586307  0.468146  0.425146  0.541294  0.707483  0.689216  0.843565  0.790073  0.501771  0.599495  0.419834  0.735204  0.732903  0.625023  0.831997  0.847578  0.624467  0.741797  0.681827  0.637749  0.647963  0.606029  0.778936  0.597213  0.557307  0.741772  0.804010  0.732798  0.683395  0.703940  0.714802 
21  0.765266  0.749774  0.811803  0.695136  0.817009  0.720017  0.844787  0.709540  0.667865  0.641506  0.839185  0.596885  0.739555  0.196934  0.819477  0.641532  0.845383  0.497747  0.721769  0.706654  0.714930 0.0  0.800881  0.736337  0.528518  0.528490  0.719932  0.702441  0.394205  0.659902  0.662974  0.795168  0.725765  0.769748  0.521869  0.395190  0.514162  0.773122  0.711241  0.769236  0.804178  0.796183  0.594312  0.774680  0.751047  0.795068  0.697591  0.626117  0.754921  0.501634  0.790156  0.771275  0.777127  0.865495  0.162653  0.867284  0.802609  0.551980  0.690057  0.587458  0.753181  0.700229  0.664812  0.538635  0.583053  0.522165  0.820329  0.613319  0.704320  0.811295  0.252169  0.578858  0.444682  0.655011  0.660571  0.637448  0.507368  0.829644  0.583048  0.585246  0.611742  0.684151  0.620608  0.608377  0.603995  0.666196  0.529655  0.891046  0.455024 
22  0.511197  0.575387  0.565743  0.460307  0.270260  0.699741  0.610280  0.600093  0.607910  0.850461  0.161748  0.718668  0.654152  0.705789  0.372126  0.509857  0.767979  0.741487  0.618163  0.604144  0.371543  0.800881 0.0  0.544889  0.728557  0.601671  0.719242  0.768736  0.801391  0.632523  0.558683  0.637581  0.789264  0.537860  0.577170  0.774994  0.817214  0.605855  0.576944  0.676818  0.600739  0.593208  0.612185  0.717023  0.572088  0.627234  0.660579  0.586673  0.428131  0.797540  0.411263  0.499490  0.662984  0.797536  0.710607  0.600003  0.142019  0.660443  0.440519  0.426562  0.365638  0.631782  0.709152  0.742234  0.812761  0.764569  0.665423  0.652703  0.472777  0.727990  0.766258  0.559172  0.759201  0.698900  0.608825  0.736420  0.733785  0.589393  0.639781  0.627042  0.554000  0.572010  0.452158  0.723659  0.784203  0.587342  0.697764  0.708194  0.713837 
23  0.626122  0.657569  0.594573  0.574264  0.564768  0.433496  0.705743  0.635547  0.726927  0.826813  0.570849  0.631219  0.705374  0.693713  0.601911  0.569469  0.914847  0.621077  0.226730  0.457931  0.544011  0.736337  0.544889 0.0  0.756983  0.688409  0.713451  0.552909  0.712047  0.651156  0.694021  0.285689  0.696115  0.724142  0.575937  0.662231  0.720358  0.729732  0.509792  0.711728  0.638840  0.668718  0.710549  0.680942  0.481424  0.681203  0.517874  0.638403  0.526888  0.694490  0.647526  0.472041  0.514127  0.795222  0.658309  0.605540  0.532553  0.596546  0.527438  0.531620  0.643141  0.592624  0.582463  0.828676  0.696261  0.705208  0.653215  0.501530  0.626843  0.678167  0.742207  0.644654  0.707757  0.561556  0.631303  0.528681  0.669622  0.441882  0.676613  0.653578  0.504784  0.535914  0.530825  0.841756  0.773404  0.698028  0.813748  0.853779  0.736232 
24  0.866380  0.846348  0.754352  0.767259  0.707219  0.638046  0.807848  0.759969  0.779053  0.572973  0.863672  0.559045  0.697906  0.562421  0.772593  0.670724  0.916559  0.653324  0.665915  0.769493  0.650592  0.528518  0.728557  0.756983 0.0  0.707138  0.852743  0.579951  0.521804  0.785196  0.694680  0.818620  0.798448  0.634338  0.658293  0.622436  0.409788  0.828805  0.714212  0.843308  0.878549  0.801868  0.350139  0.773633  0.757814  0.801338  0.675914  0.902398  0.629938  0.661579  0.722894  0.735824  0.723991  0.756983  0.514156  0.838196  0.825422  0.670466  0.814497  0.705804  0.743542  0.772832  0.649746  0.364774  0.521464  0.231079  0.738734  0.911363  0.800776  0.815877  0.492600  0.693987  0.294764  0.679849  0.848326  0.718019  0.479618  0.796954  0.641742  0.653770  0.674687  0.777067  0.749608  0.069039  0.123317  0.626892  0.161235  0.859511  0.481287 
25  0.719554  0.765193  0.735878  0.662446  0.640284  0.525292  0.678826  0.747480  0.759932  0.755767  0.703214  0.398855  0.797918  0.559184  0.663239  0.521247  0.824018  0.278888  0.657386  0.574398  0.701444  0.528490  0.601671  0.688409  0.707138 0.0  0.819513  0.485965  0.569388  0.775179  0.637216  0.649089  0.819938  0.733629  0.457699  0.434765  0.580557  0.763307  0.675710  0.805279  0.750036  0.783105  0.634631  0.711539  0.780517  0.758604  0.596616  0.785327  0.674964  0.426172  0.694007  0.625999  0.630195  0.665423  0.565025  0.728168  0.679344  0.360657  0.673072  0.620143  0.723459  0.822425  0.443827  0.683586  0.599171  0.637647  0.835015  0.730111  0.763747  0.661959  0.555306  0.434478  0.627112  0.341468  0.749071  0.460686  0.656834  0.676910  0.460783  0.536655  0.563259  0.573835  0.610735  0.708173  0.605971  0.402161  0.614517  0.787980  0.620275 
26  0.836340  0.746914  0.708335  0.746200  0.697240  0.793337  0.705636  0.888155  0.823336  0.933962  0.641317  0.808917  0.831392  0.787951  0.836099  0.829119  0.567356  0.865602  0.797923  0.819144  0.802011  0.719932  0.719242  0.713451  0.852743  0.819513 0.0  0.906368  0.717883  0.809209  0.709448  0.749277  0.812859  0.777646  0.855272  0.861588  0.876679  0.819014  0.752957  0.801211  0.758226  0.768998  0.848812  0.705947  0.771721  0.775045  0.831281  0.792358  0.702463  0.913224  0.822693  0.782315  0.753743  0.687438  0.874248  0.804678  0.696872  0.838963  0.795091  0.837045  0.882637  0.733568  0.744759  0.816656  0.884185  0.829535  0.685008  0.739234  0.882636  0.681507  0.843638  0.876138  0.839287  0.809277  0.871764  0.849716  0.973310  0.796578  0.851446  0.841359  0.911253  0.881786  0.742197  0.872130  0.821809  0.813426  0.736800  0.725249  0.872854 
27  0.633234  0.760655  0.709140  0.699198  0.581306  0.405472  0.728449  0.673526  0.688728  0.721545  0.615239  0.452259  0.636098  0.523985  0.664622  0.335200  0.872600  0.436271  0.646403  0.460333  0.626856  0.702441  0.768736  0.552909  0.579951  0.485965  0.906368 0.0  0.507521  0.762778  0.655226  0.584620  0.785112  0.730143  0.341672  0.556734  0.633713  0.684355  0.674198  0.840868  0.730520  0.757175  0.620826  0.722778  0.659016  0.688833  0.493066  0.675771  0.535833  0.497818  0.727875  0.716257  0.671317  0.784029  0.600445  0.633286  0.636506  0.367517  0.572532  0.600365  0.622454  0.702928  0.000000  0.724765  0.736747  0.729452  0.665636  0.492086  0.757073  0.788989  0.622633  0.393592  0.742661  0.392370  0.649104  0.506768  0.584496  0.719014  0.538988  0.306557  0.181760  0.593154  0.673213  0.690651  0.750899  0.471487  0.796779  0.787235  0.705051 
28  0.823411  0.866966  0.775314  0.741410  0.702373  0.600424  0.786661  0.780274  0.801257  0.508866  0.807894  0.612138  0.810032  0.465792  0.788247  0.678895  0.828919  0.634202  0.741963  0.633399  0.754940  0.394205  0.801391  0.712047  0.521804  0.569388  0.717883  0.507521 0.0  0.770469  0.732087  0.619851  0.789058  0.798699  0.592375  0.433035  0.393323  0.861911  0.645962  0.851548  0.798030  0.814657  0.553374  0.727215  0.720931  0.783055  0.639735  0.760564  0.833989  0.487306  0.675918  0.728189  0.783868  0.814776  0.311951  0.773846  0.708218  0.510791  0.783218  0.696525  0.848512  0.834709  0.567756  0.387416  0.563265  0.468736  0.651226  0.735193  0.700300  0.744661  0.311690  0.615832  0.430559  0.634290  0.740663  0.707918  0.573424  0.699370  0.562684  0.611490  0.654346  0.791652  0.650078  0.450955  0.433502  0.598223  0.414197  0.777882  0.255280 
29  0.531461  0.385370  0.508386  0.672241  0.683875  0.630168  0.505898  0.662131  0.490592  0.894339  0.634679  0.877904  0.497616  0.767658  0.714435  0.810446  0.708314  0.812551  0.719400  0.710653  0.644731  0.659902  0.632523  0.651156  0.785196  0.775179  0.809209  0.762778  0.770469 0.0  0.628759  0.677311  0.538707  0.660812  0.838841  0.855076  0.796028  0.685673  0.657332  0.755673  0.614705  0.492386  0.892039  0.534011  0.677592  0.470929  0.648892  0.569812  0.711975  0.882988  0.761311  0.589554  0.629241  0.791702  0.810091  0.552148  0.712930  0.659824  0.719502  0.636663  0.588207  0.540747  0.683391  0.935049  0.973012  0.908014  0.618118  0.638139  0.657221  0.705998  0.781388  0.739451  0.776433  0.775556  0.626371  0.811661  0.967441  0.741025  0.759429  0.747874  0.734596  0.754804  0.775048  0.749082  0.826245  0.784613  0.744201  0.524768  0.813524 
30  0.493976  0.491171  0.445114  0.543096  0.545337  0.701582  0.416408  0.485531  0.574237  0.798005  0.526075  0.687602  0.582538  0.712438  0.358543  0.706416  0.727670  0.628011  0.564170  0.719249  0.537030  0.662974  0.558683  0.694021  0.694680  0.637216  0.709448  0.655226  0.732087  0.628759 0.0  0.505537  0.673900  0.538323  0.750028  0.710955  0.686848  0.625690  0.592985  0.794081  0.680573  0.655661  0.769978  0.682869  0.508823  0.438350  0.687904  0.368964  0.569690  0.637848  0.503385  0.502499  0.616920  0.722314  0.748313  0.493582  0.591081  0.822420  0.444407  0.468818  0.377931  0.360655  0.727369  0.700618  0.635592  0.732823  0.581457  0.675178  0.535754  0.574435  0.722928  0.613924  0.773794  0.599400  0.501109  0.615301  0.669183  0.642859  0.792456  0.717363  0.725265  0.690282  0.710199  0.786713  0.831086  0.777685  0.900523  0.641333  0.731078 
31  0.509303  0.657268  0.682958  0.617146  0.504695  0.528794  0.715005  0.626688  0.650503  0.812574  0.549950  0.570264  0.730917  0.681654  0.468936  0.560073  0.801043  0.672278  0.376348  0.673552  0.687068  0.795168  0.637581  0.285689  0.818620  0.649089  0.749277  0.584620  0.619851  0.677311  0.505537 0.0  0.784131  0.704747  0.653736  0.678073  0.680543  0.648009  0.536857  0.665945  0.602473  0.641456  0.740150  0.649990  0.596609  0.609809  0.562257  0.636394  0.542422  0.730543  0.676880  0.534853  0.503372  0.863151  0.662699  0.644312  0.596854  0.523921  0.463322  0.521621  0.607264  0.697867  0.591657  0.774368  0.655472  0.831807  0.653438  0.621761  0.697539  0.664141  0.685959  0.502586  0.711769  0.528742  0.530651  0.513429  0.770644  0.428341  0.651432  0.662740  0.509002  0.584580  0.572873  0.759965  0.769291  0.539171  0.848630  0.636618  0.730132 
32  0.642408  0.572266  0.779275  0.563455  0.635600  0.796982  0.676211  0.545688  0.495772  0.810635  0.655400  0.680021  0.527908  0.726211  0.641769  0.693616  0.837236  0.777572  0.641921  0.650479  0.769532  0.725765  0.789264  0.696115  0.798448  0.819938  0.812859  0.785112  0.789058  0.538707  0.673900  0.784131 0.0  0.754760  0.730002  0.786981  0.716000  0.765855  0.671187  0.564282  0.397393  0.268193  0.803687  0.397685  0.469130  0.622342  0.710949  0.645628  0.604556  0.746332  0.704051  0.679887  0.625532  0.825874  0.767754  0.647593  0.653227  0.662178  0.636514  0.565676  0.695445  0.714696  0.815771  0.837324  0.818268  0.781981  0.699466  0.563405  0.755574  0.600892  0.856968  0.735980  0.841537  0.780341  0.523792  0.673770  0.765806  0.575108  0.673648  0.736572  0.795297  0.741662  0.778609  0.776312  0.718554  0.679959  0.847447  0.724484  0.806735 
33  0.538205  0.736836  0.613914  0.578092  0.603125  0.701990  0.733420  0.684065  0.784477  0.703364  0.522991  0.818965  0.688343  0.700105  0.678918  0.687808  0.772227  0.732974  0.707021  0.705602  0.513937  0.769748  0.537860  0.724142  0.634338  0.733629  0.777646  0.730143  0.798699  0.660812  0.538323  0.704747  0.754760 0.0  0.663294  0.722933  0.751469  0.337932  0.726269  0.782994  0.878171  0.791908  0.814466  0.745164  0.724640  0.698924  0.694846  0.577773  0.642028  0.680514  0.644122  0.606858  0.672404  0.654962  0.722457  0.673848  0.624792  0.714709  0.738653  0.652833  0.594698  0.651838  0.707785  0.662960  0.740336  0.738078  0.674262  0.696279  0.531083  0.416776  0.838070  0.704691  0.840946  0.645657  0.692378  0.678803  0.690814  0.651728  0.690166  0.646497  0.700773  0.589606  0.659725  0.805800  0.709223  0.690087  0.799998  0.678253  0.754765 
34  0.737718  0.750681  0.670852  0.605132  0.655110  0.293858  0.713014  0.813578  0.853277  0.780502  0.735153  0.457244  0.649634  0.637133  0.635689  0.292987  0.713624  0.435388  0.588791  0.501496  0.668856  0.521869  0.577170  0.575937  0.658293  0.457699  0.855272  0.341672  0.592375  0.838841  0.750028  0.653736  0.730002  0.663294 0.0  0.472696  0.627815  0.771360  0.705178  0.843453  0.684917  0.761252  0.643479  0.804904  0.597299  0.845130  0.373982  0.742305  0.657967  0.484705  0.762519  0.618779  0.611755  0.728051  0.668193  0.654578  0.627174  0.350234  0.698826  0.643628  0.678905  0.762251  0.288691  0.697190  0.735496  0.653606  0.831549  0.638307  0.603892  0.777902  0.569339  0.162675  0.572037  0.456846  0.591176  0.441010  0.592574  0.591878  0.549676  0.292099  0.025895  0.558658  0.498082  0.650913  0.663929  0.475382  0.711302  0.770723  0.626367 
35  0.689712  0.813122  0.873127  0.714166  0.712990  0.550398  0.599190  0.649460  0.758163  0.674591  0.678707  0.364153  0.850243  0.483918  0.769620  0.566421  0.874342  0.368496  0.682148  0.617704  0.650938  0.395190  0.774994  0.662231  0.622436  0.434765  0.861588  0.556734  0.433035  0.855076  0.710955  0.678073  0.786981  0.722933  0.472696 0.0  0.535052  0.800220  0.604690  0.901355  0.756613  0.812749  0.636211  0.859084  0.775773  0.734610  0.569621  0.690885  0.731394  0.222717  0.729579  0.635768  0.700753  0.948958  0.624985  0.667389  0.708019  0.562482  0.670308  0.664919  0.804288  0.802335  0.638928  0.591386  0.745441  0.649932  0.775363  0.780608  0.640885  0.838950  0.542987  0.571792  0.660787  0.511046  0.755503  0.592608  0.543241  0.697123  0.399397  0.547956  0.539899  0.617331  0.598981  0.650356  0.623631  0.535571  0.569260  0.697015  0.664351 
36  0.764871  0.777169  0.728515  0.752580  0.726742  0.688679  0.813757  0.819151  0.857579  0.678331  0.739529  0.650546  0.688067  0.501292  0.809450  0.716436  0.840819  0.631281  0.780659  0.667247  0.684168  0.514162  0.817214  0.720358  0.409788  0.580557  0.876679  0.633713  0.393323  0.796028  0.686848  0.680543  0.716000  0.751469  0.627815  0.535052 0.0  0.708130  0.666937  0.840095  0.829717  0.810321  0.474848  0.749458  0.729984  0.811992  0.636143  0.774073  0.573554  0.712549  0.746398  0.798001  0.758420  0.872997  0.473810  0.768422  0.729362  0.667615  0.779217  0.776558  0.739306  0.712809  0.612916  0.302432  0.532906  0.363643  0.852463  0.781222  0.769230  0.872884  0.456946  0.688351  0.329296  0.733863  0.777053  0.567849  0.485164  0.718350  0.629604  0.649573  0.625841  0.682405  0.662880  0.346514  0.462119  0.623127  0.271163  0.810370  0.250084 
37  0.691107  0.675318  0.611939  0.638498  0.618769  0.619776  0.651075  0.724719  0.714029  0.681705  0.593171  0.683019  0.701146  0.714154  0.513140  0.765016  0.767978  0.664248  0.617727  0.722858  0.563939  0.773122  0.605855  0.729732  0.828805  0.763307  0.819014  0.684355  0.861911  0.685673  0.625690  0.648009  0.765855  0.337932  0.771360  0.800220  0.708130 0.0  0.735306  0.842379  0.644711  0.784014  0.683967  0.758529  0.630195  0.694051  0.590942  0.649990  0.680605  0.714436  0.615785  0.675196  0.664698  0.693351  0.722884  0.721075  0.595561  0.714128  0.583562  0.657574  0.547358  0.620353  0.629131  0.766174  0.675227  0.815276  0.657303  0.621298  0.522208  0.562882  0.724421  0.634546  0.765945  0.676136  0.657296  0.656972  0.806048  0.607901  0.572653  0.587149  0.647093  0.481569  0.655616  0.838923  0.780294  0.657541  0.740052  0.733579  0.740740 
38  0.467614  0.668222  0.562990  0.535917  0.445660  0.647268  0.652151  0.506500  0.706955  0.810192  0.495091  0.607241  0.576652  0.743078  0.509901  0.622101  0.758538  0.757566  0.540076  0.615307  0.566891  0.711241  0.576944  0.509792  0.714212  0.675710  0.752957  0.674198  0.645962  0.657332  0.592985  0.536857  0.671187  0.726269  0.705178  0.604690  0.666937  0.735306 0.0  0.784993  0.704076  0.618735  0.812682  0.600198  0.576988  0.495454  0.661249  0.653537  0.529226  0.696586  0.615531  0.516455  0.342126  0.727829  0.787978  0.731316  0.568123  0.586350  0.431590  0.422968  0.544149  0.498616  0.707286  0.709261  0.738859  0.648247  0.704314  0.268862  0.629619  0.635142  0.836246  0.640022  0.671883  0.603141  0.440592  0.694229  0.669671  0.442538  0.718183  0.663746  0.535524  0.618438  0.646498  0.748107  0.669624  0.609238  0.702237  0.679699  0.698496 
39  0.735398  0.701950  0.725497  0.738892  0.811141  0.652604  0.648195  0.774094  0.678744  0.704712  0.679453  0.691909  0.703407  0.751395  0.774305  0.828781  0.748195  0.757381  0.662853  0.714709  0.687879  0.769236  0.676818  0.711728  0.843308  0.805279  0.801211  0.840868  0.851548  0.755673  0.794081  0.665945  0.564282  0.782994  0.843453  0.901355  0.840095  0.842379  0.784993 0.0  0.556070  0.690113  0.863858  0.684585  0.684928  0.738449  0.765689  0.742594  0.751176  0.695445  0.737309  0.739049  0.736983  0.796839  0.797036  0.702762  0.734934  0.742393  0.679326  0.698351  0.697351  0.773283  0.804308  0.801353  0.842535  0.837917  0.730812  0.729715  0.706639  0.888193  0.796813  0.824720  0.777038  0.870771  0.760367  0.685585  0.835134  0.831306  0.728370  0.776434  0.746140  0.792788  0.785705  0.846669  0.889694  0.757927  0.936297  0.715678  0.756886 
40  0.577330  0.650396  0.680556  0.613986  0.720224  0.719249  0.656198  0.657744  0.564606  0.813289  0.629398  0.745584  0.544904  0.743991  0.665026  0.687359  0.688615  0.803467  0.700346  0.704170  0.598790  0.804178  0.600739  0.638840  0.878549  0.750036  0.758226  0.730520  0.798030  0.614705  0.680573  0.602473  0.397393  0.878171  0.684917  0.756613  0.829717  0.644711  0.704076  0.556070 0.0  0.313639  0.817974  0.428241  0.547214  0.629396  0.801242  0.682153  0.749466  0.850368  0.790747  0.635573  0.653678  0.786345  0.811150  0.555813  0.857853  0.798185  0.721802  0.644454  0.663636  0.723502  0.712378  0.853492  0.708466  0.802033  0.705005  0.681638  0.575293  0.739204  0.815050  0.741937  0.799204  0.830289  0.609536  0.688649  0.792832  0.634728  0.791085  0.726682  0.854320  0.779632  0.687782  0.787928  0.797082  0.683564  0.866273  0.660737  0.859052 
41  0.664418  0.607705  0.693326  0.572821  0.692211  0.714180  0.704258  0.621897  0.515731  0.845888  0.596763  0.780664  0.464101  0.751177  0.661644  0.777443  0.805313  0.631991  0.687865  0.764981  0.684553  0.796183  0.593208  0.668718  0.801868  0.783105  0.768998  0.757175  0.814657  0.492386  0.655661  0.641456  0.268193  0.791908  0.761252  0.812749  0.810321  0.784014  0.618735  0.690113  0.313639 0.0  0.871017  0.427015  0.570595  0.628134  0.732693  0.691468  0.751168  0.718721  0.662152  0.551693  0.630635  0.744165  0.794729  0.592679  0.604684  0.770126  0.619873  0.626785  0.580495  0.645831  0.732972  0.821061  0.885396  0.824658  0.800704  0.634779  0.707287  0.785263  0.875185  0.652466  0.823056  0.737969  0.609445  0.657317  0.888792  0.729474  0.733817  0.812957  0.710982  0.666651  0.807926  0.809957  0.814477  0.753778  0.875685  0.657453  0.833050 
42  0.789933  0.919283  0.821797  0.867824  0.792238  0.694371  0.803537  0.830367  0.784288  0.419761  0.894684  0.660738  0.782721  0.641062  0.706528  0.630294  0.975892  0.743283  0.690631  0.723312  0.763276  0.594312  0.612185  0.710549  0.350139  0.634631  0.848812  0.620826  0.553374  0.892039  0.769978  0.740150  0.803687  0.814466  0.643479  0.636211  0.474848  0.683967  0.812682  0.863858  0.817974  0.871017 0.0  0.882287  0.758390  0.759124  0.692293  0.776113  0.821436  0.788419  0.718538  0.759538  0.714918  0.888852  0.532383  0.816622  0.780816  0.716843  0.859842  0.821347  0.727331  0.792667  0.636045  0.563599  0.445799  0.472492  0.764599  0.607183  0.767642  0.745532  0.619896  0.685349  0.480562  0.673058  0.833179  0.641653  0.468891  0.675645  0.646149  0.652291  0.652313  0.697681  0.730763  0.426169  0.480865  0.521144  0.445264  0.836552  0.543042 
43  0.578756  0.595705  0.555642  0.487472  0.731895  0.687781  0.635942  0.583343  0.479610  0.933502  0.724289  0.674033  0.613997  0.717443  0.558399  0.775570  0.708324  0.777858  0.796748  0.705394  0.711453  0.774680  0.717023  0.680942  0.773633  0.711539  0.705947  0.722778  0.727215  0.534011  0.682869  0.649990  0.397685  0.745164  0.804904  0.859084  0.749458  0.758529  0.600198  0.684585  0.428241  0.427015  0.882287 0.0  0.572714  0.604237  0.655389  0.630607  0.624231  0.738675  0.638932  0.648295  0.567074  0.791409  0.845515  0.560516  0.657345  0.750922  0.669660  0.713238  0.587595  0.712700  0.716040  0.684821  0.947843  0.814297  0.690854  0.585507  0.669051  0.725478  0.861102  0.888066  0.821604  0.748150  0.593858  0.740013  0.824908  0.771898  0.799231  0.779204  0.659832  0.701928  0.762351  0.846634  0.830472  0.775780  0.739273  0.647501  0.798816 
44  0.599962  0.709578  0.694881  0.528710  0.567617  0.587673  0.580699  0.424599  0.555380  0.755177  0.524064  0.683907  0.518564  0.761732  0.668607  0.647083  0.800676  0.765905  0.677038  0.758374  0.648538  0.751047  0.572088  0.481424  0.757814  0.780517  0.771721  0.659016  0.720931  0.677592  0.508823  0.596609  0.469130  0.724640  0.597299  0.775773  0.729984  0.630195  0.576988  0.684928  0.547214  0.570595  0.758390  0.572714 0.0  0.576256  0.575335  0.630581  0.532315  0.731500  0.683697  0.577541  0.417740  0.878939  0.738762  0.597076  0.609061  0.686112  0.480590  0.464192  0.642304  0.621500  0.655644  0.706529  0.699296  0.698394  0.641422  0.544074  0.561357  0.648652  0.758213  0.696679  0.790510  0.600333  0.479822  0.620850  0.598892  0.613076  0.671830  0.640386  0.740350  0.603736  0.674310  0.769704  0.788329  0.719154  0.776266  0.761028  0.730401 
