89
0 0.0  0.664712  0.496054  0.383322  0.335663  0.621552  0.680146  0.513158  0.660347  0.752260  0.587263  0.721627  0.566543  0.732207  0.270152  0.632203  0.658589  0.643152  0.569813  0.599869  0.436979  0.760780  0.382040  0.449074  0.861035  0.812023  0.811002  0.698309  0.841003  0.547375  0.495690  0.539856  0.672069  0.721742  0.568943  0.511880  0.729135  0.620043  0.466812  0.758654  0.526257  0.605205  0.696955  0.612633  0.524434  0.554268  0.583074  0.513063  0.321302  0.679645  0.530297  0.404526  0.602076  0.781323  0.765697  0.629831  0.382054  0.618221  0.184359  0.146969  0.407576  0.609689  0.740829  0.769676  0.779247  0.742852  0.679676  0.428477  0.561055  0.693912  0.873507  0.580238  0.768782  0.723482  0.378318  0.727238  0.733872  0.456831  0.671040  0.649480  0.580689  0.629744  0.578426  0.747619  0.706027  0.623330  0.690590  0.649706  0.707050 
1  0.664712 0.0  0.657916  0.686653  0.654829  0.670477  0.577205  0.573398  0.545417  0.744546  0.631622  0.757899  0.448936  0.757121  0.593033  0.772523  0.723001  0.752516  0.660924  0.812589  0.650347  0.808745  0.601463  0.723294  0.773252  0.752885  0.786925  0.806774  0.828417  0.378211  0.566408  0.610675  0.551946  0.669648  0.751036  0.806932  0.897407  0.551945  0.630522  0.763925  0.560535  0.526783  0.790709  0.530561  0.626418  0.523823  0.718373  0.577345  0.716488  0.678361  0.724404  0.700872  0.543260  0.739640  0.752050  0.522469  0.653580  0.737085  0.668615  0.626602  0.623764  0.567515  0.774121  0.818583  0.819488  0.769837  0.533263  0.592715  0.700704  0.627456  0.758633  0.714966  0.785611  0.728086  0.624124  0.774724  0.768229  0.728824  0.787184  0.750881  0.747247  0.729514  0.627957  0.755423  0.829527  0.751627  0.780026  0.620058  0.809426 
2  0.496054  0.657916 0.0  0.523542  0.593145  0.696694  0.388700  0.576401  0.593766  0.862511  0.530074  0.779241  0.669142  0.616242  0.668032  0.708760  0.734690  0.775084  0.731965  0.628007  0.550490  0.724319  0.505405  0.632661  0.743978  0.715189  0.755347  0.616496  0.734000  0.671131  0.450540  0.477279  0.602846  0.577031  0.729105  0.867948  0.745659  0.679035  0.576015  0.651477  0.684898  0.612053  0.751977  0.648043  0.714862  0.397843  0.640154  0.444532  0.560558  0.745759  0.536322  0.581339  0.699218  0.585364  0.790416  0.628399  0.438571  0.637293  0.574618  0.475238  0.448316  0.321764  0.614084  0.826457  0.867949  0.802891  0.506671  0.589110  0.462010  0.511033  0.715194  0.626462  0.876341  0.711224  0.601971  0.805881  0.710718  0.680821  0.704088  0.709462  0.711502  0.663120  0.728799  0.729971  0.719209  0.593550  0.818990  0.592207  0.713515 
3  0.383322  0.686653  0.523542 0.0  0.397135  0.585559  0.587141  0.517610  0.648732  0.767710  0.383414  0.733552  0.608648  0.722100  0.218053  0.689587  0.697604  0.689080  0.504091  0.659598  0.469167  0.720876  0.442576  0.616823  0.704235  0.701156  0.838905  0.633712  0.673064  0.658368  0.471688  0.560668  0.577234  0.603222  0.682176  0.804637  0.747368  0.549854  0.508400  0.766227  0.737107  0.624729  0.824404  0.735911  0.493326  0.642538  0.660762  0.479250  0.220293  0.633025  0.526151  0.246667  0.509877  0.711226  0.775608  0.650098  0.400960  0.721783  0.525562  0.359860  0.299581  0.646393  0.631788  0.722253  0.846964  0.686995  0.629411  0.459597  0.508525  0.679015  0.711424  0.628373  0.713294  0.724031  0.472685  0.685371  0.670950  0.511033  0.710074  0.658010  0.639242  0.593205  0.529935  0.900172  0.759032  0.628698  0.736539  0.559135  0.725828 
4  0.335663  0.654829  0.593145  0.397135 0.0  0.510567  0.572210  0.515554  0.781843  0.738107  0.404408  0.718159  0.525770  0.681957  0.437729  0.655027  0.690015  0.631520  0.414250  0.620425  0.529988  0.711428  0.385402  0.620522  0.677658  0.659779  0.786746  0.669478  0.737512  0.581686  0.578511  0.544261  0.662046  0.594886  0.706047  0.611392  0.738325  0.660811  0.588574  0.673223  0.713526  0.619389  0.725420  0.680353  0.521390  0.674913  0.564392  0.564881  0.338403  0.740089  0.384784  0.444497  0.577494  0.706802  0.788187  0.549532  0.373157  0.648827  0.513544  0.459835  0.344004  0.573859  0.682031  0.798616  0.758019  0.700615  0.584806  0.673059  0.529144  0.611752  0.758698  0.618017  0.782385  0.757995  0.469003  0.626371  0.613639  0.367337  0.575397  0.563570  0.685153  0.591040  0.462469  0.587130  0.716503  0.561369  0.639695  0.696437  0.585073 
5  0.621552  0.670477  0.696694  0.585559  0.510567 0.0  0.827032  0.639907  0.702542  0.787943  0.626526  0.506546  0.641408  0.687826  0.580747  0.288963  0.783513  0.587980  0.505680  0.291194  0.577587  0.623050  0.622627  0.537448  0.706991  0.465955  0.865104  0.338262  0.603066  0.635456  0.583094  0.519543  0.799062  0.607680  0.207965  0.541254  0.682214  0.692013  0.519617  0.839081  0.775787  0.751606  0.697718  0.744938  0.684028  0.701322  0.343498  0.697233  0.521471  0.480632  0.539702  0.629052  0.672098  0.693838  0.622981  0.646443  0.527064  0.427288  0.601842  0.583640  0.641858  0.730692  0.356422  0.677360  0.647509  0.795109  0.697569  0.530346  0.635387  0.723818  0.558194  0.455164  0.603564  0.504243  0.681187  0.522481  0.625781  0.555983  0.611986  0.438586  0.367610  0.548017  0.503093  0.653510  0.766458  0.441482  0.662377  0.740875  0.580696 
6  0.680146  0.577205  0.388700  0.587141  0.572210  0.827032 0.0  0.537072  0.697095  0.928380  0.627050  0.802276  0.590422  0.816448  0.543234  0.807156  0.700508  0.730759  0.669438  0.640827  0.546962  0.811636  0.479199  0.546633  0.735193  0.676586  0.686013  0.674215  0.806126  0.518856  0.467316  0.670125  0.636107  0.617057  0.737265  0.668228  0.819977  0.664320  0.661123  0.726089  0.717482  0.604947  0.768023  0.618684  0.628262  0.454854  0.611444  0.442629  0.543896  0.692658  0.591436  0.607165  0.670240  0.673638  0.737990  0.508642  0.611766  0.749216  0.627610  0.486712  0.532147  0.421738  0.779814  0.795977  0.861097  0.817144  0.369347  0.556754  0.517271  0.567888  0.829845  0.631385  0.772432  0.743156  0.678400  0.674742  0.888506  0.604426  0.699919  0.827700  0.738613  0.685516  0.663627  0.764117  0.772183  0.739630  0.731746  0.593137  0.787454 
7  0.513158  0.573398  0.576401  0.517610  0.515554  0.639907  0.537072 0.0  0.715865  0.823310  0.686646  0.622778  0.475736  0.595049  0.529674  0.551492  0.757518  0.636840  0.471893  0.629946  0.681181  0.749426  0.582850  0.486554  0.746703  0.620076  0.764100  0.577573  0.772108  0.667674  0.601003  0.588379  0.681705  0.677094  0.582873  0.678068  0.780440  0.747507  0.448388  0.696011  0.616562  0.594027  0.692476  0.667097  0.465693  0.539451  0.659777  0.590397  0.651109  0.707409  0.704286  0.514375  0.365998  0.775884  0.665557  0.585466  0.600892  0.745407  0.467307  0.533168  0.549557  0.644429  0.692792  0.804962  0.793744  0.727778  0.597233  0.471293  0.644935  0.755084  0.693142  0.639047  0.778596  0.670781  0.484577  0.715123  0.723403  0.564075  0.670304  0.740497  0.592740  0.650785  0.711785  0.785237  0.777826  0.675435  0.791822  0.771389  0.660256 
8  0.660347  0.545417  0.593766  0.648732  0.781843  0.702542  0.697095  0.715865 0.0  0.845354  0.737016  0.787091  0.555974  0.744056  0.700368  0.704082  0.734622  0.813635  0.783043  0.752554  0.537689  0.810750  0.624912  0.779934  0.793713  0.722023  0.758320  0.719995  0.840338  0.540010  0.578335  0.631055  0.464855  0.747268  0.658316  0.785559  0.724848  0.749578  0.691017  0.636632  0.466464  0.541003  0.818478  0.414395  0.651381  0.582611  0.731552  0.637701  0.684924  0.708710  0.716994  0.748695  0.657662  0.708255  0.794961  0.564305  0.619387  0.801249  0.629616  0.554071  0.812350  0.755075  0.739411  0.753506  0.871392  0.751475  0.648724  0.642389  0.650979  0.810394  0.802773  0.774827  0.814174  0.771952  0.650076  0.696656  0.890016  0.741982  0.796493  0.821109  0.761063  0.824312  0.730348  0.728348  0.921725  0.665357  0.857216  0.664239  0.797238 
9  0.752260  0.744546  0.862511  0.767710  0.738107  0.787943  0.928380  0.823310  0.845354 0.0  0.707423  0.748164  0.779103  0.659389  0.767819  0.740584  0.766358  0.770613  0.681705  0.660702  0.814068  0.639754  0.857769  0.629200  0.467468  0.686683  0.925869  0.740136  0.647832  0.862130  0.801214  0.762420  0.813639  0.705726  0.800090  0.690143  0.453461  0.774763  0.752704  0.784210  0.744308  0.750261  0.536642  0.797647  0.846393  0.798450  0.729462  0.674099  0.776154  0.683540  0.875905  0.710398  0.749301  0.759824  0.643197  0.844457  0.686648  0.647301  0.786568  0.729315  0.785459  0.843107  0.703027  0.475364  0.133473  0.534539  0.826160  0.766918  0.881525  0.868799  0.583153  0.675437  0.498420  0.681404  0.737496  0.579213  0.596800  0.776665  0.725725  0.778892  0.698263  0.670549  0.743734  0.528167  0.531340  0.675999  0.447173  0.902601  0.541256 
10  0.587263  0.631622  0.530074  0.383414  0.404408  0.626526  0.627050  0.686646  0.737016  0.707423 0.0  0.576301  0.712719  0.742857  0.505725  0.720391  0.745762  0.656100  0.606866  0.509104  0.293699  0.673524  0.209431  0.617110  0.738518  0.613927  0.823182  0.615212  0.800276  0.662207  0.469143  0.616148  0.584946  0.530714  0.674905  0.676992  0.727669  0.590148  0.625689  0.761242  0.577493  0.627166  0.819052  0.743036  0.604742  0.604303  0.609048  0.601872  0.474848  0.761003  0.399437  0.492068  0.572758  0.653619  0.779780  0.712323  0.074112  0.745337  0.473954  0.621658  0.469241  0.629701  0.630227  0.774720  0.792890  0.768980  0.597361  0.582246  0.388741  0.673535  0.653624  0.585981  0.729656  0.700922  0.456580  0.638612  0.749569  0.532040  0.711237  0.689033  0.674941  0.488596  0.495500  0.698601  0.779067  0.595021  0.784304  0.774361  0.751185 
11  0.721627  0.757899  0.779241  0.733552  0.718159  0.506546  0.802276  0.622778  0.787091  0.748164  0.576301 0.0  0.772771  0.515763  0.670072  0.546284  0.904257  0.453636  0.683681  0.484737  0.623516  0.473257  0.664487  0.577751  0.641176  0.414132  0.865063  0.477308  0.588494  0.775394  0.638439  0.698482  0.710522  0.700291  0.455593  0.357675  0.572653  0.697298  0.633627  0.766149  0.837395  0.859912  0.711065  0.776784  0.660601  0.744612  0.539299  0.738926  0.565938  0.356839  0.671976  0.761093  0.722903  0.811009  0.555294  0.753341  0.732121  0.519743  0.741028  0.673466  0.646477  0.695548  0.468252  0.596652  0.750703  0.688482  0.622448  0.646991  0.689351  0.796613  0.552680  0.508263  0.750147  0.430139  0.773406  0.505302  0.451488  0.643857  0.108019  0.537201  0.539828  0.608240  0.745127  0.704926  0.653020  0.476367  0.718940  0.823301  0.649174 
12  0.566543  0.448936  0.669142  0.608648  0.525770  0.641408  0.590422  0.475736  0.555974  0.779103  0.712719  0.772771 0.0  0.646966  0.538400  0.671194  0.753456  0.620390  0.575565  0.760522  0.691279  0.747557  0.605560  0.640808  0.787726  0.697401  0.733013  0.737457  0.865473  0.547707  0.543421  0.627838  0.431160  0.617273  0.741574  0.766181  0.773465  0.708794  0.612987  0.677614  0.611148  0.538650  0.763455  0.303777  0.549134  0.624588  0.729838  0.715011  0.570536  0.682398  0.602398  0.464495  0.449288  0.910982  0.731646  0.511236  0.590714  0.738261  0.573102  0.666213  0.553164  0.676366  0.820476  0.838708  0.833929  0.802287  0.542604  0.518154  0.629663  0.667908  0.761072  0.765568  0.801940  0.689205  0.543659  0.639824  0.921470  0.573691  0.756824  0.694249  0.722048  0.670658  0.686712  0.764895  0.844035  0.751963  0.825315  0.643925  0.744046 
13  0.732207  0.757121  0.616242  0.722100  0.681957  0.687826  0.816448  0.595049  0.744056  0.659389  0.742857  0.515763  0.646966 0.0  0.713453  0.538570  0.926342  0.611191  0.657454  0.636357  0.638235  0.283181  0.730285  0.693265  0.567080  0.570247  0.891224  0.686891  0.362871  0.780448  0.677008  0.762314  0.777729  0.765535  0.589007  0.543624  0.556652  0.713044  0.652610  0.782626  0.807671  0.783595  0.652949  0.852252  0.712748  0.772752  0.568469  0.856032  0.673157  0.603455  0.728965  0.662688  0.658768  0.791787  0.299992  0.889514  0.685172  0.600519  0.735216  0.666791  0.670323  0.715939  0.633695  0.432437  0.525118  0.585703  0.713983  0.730879  0.824613  0.796114  0.370806  0.558242  0.619931  0.583580  0.672693  0.682542  0.383223  0.591914  0.551622  0.555501  0.646020  0.600009  0.602247  0.522833  0.514141  0.513854  0.516957  0.757555  0.534223 
14  0.270152  0.593033  0.668032  0.218053  0.437729  0.580747  0.543234  0.529674  0.700368  0.767819  0.505725  0.670072  0.538400  0.713453 0.0  0.617690  0.701022  0.683571  0.596662  0.556063  0.487842  0.666721  0.449186  0.665380  0.908955  0.646906  0.736937  0.779716  0.718847  0.736426  0.535473  0.508585  0.634481  0.654702  0.659808  0.687663  0.755276  0.587294  0.484379  0.800690  0.740250  0.602399  0.693036  0.701580  0.506745  0.597000  0.590379  0.478213  0.193053  0.618603  0.525893  0.319832  0.645574  0.877857  0.696575  0.614546  0.493283  0.637149  0.370660  0.334577  0.417344  0.564022  0.708293  0.727143  0.747974  0.737920  0.560799  0.501201  0.551853  0.602115  0.810232  0.702046  0.744812  0.593700  0.542177  0.629577  0.711956  0.549752  0.680866  0.691285  0.620030  0.579713  0.554059  0.692255  0.735985  0.664858  0.715107  0.652971  0.805502 
15  0.632203  0.772523  0.708760  0.689587  0.655027  0.288963  0.807156  0.551492  0.704082  0.740584  0.720391  0.546284  0.671194  0.538570  0.617690 0.0  0.755864  0.522331  0.445988  0.341272  0.625411  0.604031  0.646337  0.576189  0.598256  0.543170  0.745195  0.316918  0.756569  0.694857  0.665489  0.611738  0.671035  0.703389  0.256362  0.492401  0.699425  0.713582  0.663878  0.654582  0.665268  0.677765  0.718672  0.634869  0.543419  0.725069  0.466016  0.709122  0.594662  0.589860  0.684720  0.669394  0.657806  0.868746  0.645860  0.649928  0.702880  0.361854  0.597790  0.817784  0.636224  0.749252  0.169869  0.748815  0.669684  0.684925  0.798271  0.647485  0.581740  0.797659  0.657387  0.347534  0.642092  0.395701  0.631983  0.492819  0.663951  0.585027  0.465670  0.307279  0.287964  0.629855  0.594503  0.676449  0.711941  0.476930  0.590627  0.725187  0.615134 
16  0.658589  0.723001  0.734690  0.697604  0.690015  0.783513  0.700508  0.757518  0.734622  0.766358  0.745762  0.904257  0.753456  0.926342  0.701022  0.755864 0.0  0.877118  0.807027  0.859198  0.739003  0.738266  0.730793  0.883132  0.825330  0.769487  0.487217  0.761593  0.791781  0.689451  0.746818  0.792626  0.681676  0.689571  0.845563  0.790107  0.846632  0.684259  0.757520  0.751909  0.729450  0.833361  0.900304  0.786994  0.731783  0.720786  0.652216  0.723831  0.719924  0.885456  0.836331  0.852261  0.715662  0.740813  0.768258  0.740991  0.754862  0.807020  0.794864  0.805089  0.732960  0.773680  0.856955  0.760636  0.905994  0.867825  0.647968  0.696575  0.751911  0.694227  1.000000  0.788839  0.853932  0.809676  0.753325  0.927830  0.879956  0.806784  0.852856  0.844070  0.706602  0.854497  0.716542  0.836960  0.938549  0.754004  0.965718  0.687597  0.872477 
17  0.643152  0.752516  0.775084  0.689080  0.631520  0.587980  0.730759  0.636840  0.813635  0.770613  0.656100  0.453636  0.620390  0.611191  0.683571  0.522331  0.877118 0.0  0.594129  0.434195  0.656578  0.562109  0.564264  0.598614  0.654848  0.268524  0.785058  0.292378  0.560766  0.660601  0.648519  0.590340  0.712891  0.737001  0.414988  0.461240  0.579760  0.649970  0.642774  0.773897  0.710241  0.776885  0.608671  0.760149  0.699155  0.744558  0.531594  0.699962  0.652586  0.398248  0.839187  0.703900  0.766387  0.866652  0.669722  0.649863  0.636840  0.296374  0.698746  0.627213  0.647681  0.757419  0.368148  0.614325  0.675399  0.723609  0.730661  0.623452  0.643251  0.822249  0.684717  0.435968  0.626342  0.201388  0.614027  0.319390  0.636411  0.603096  0.446185  0.306090  0.447855  0.621194  0.601841  0.681997  0.699587  0.378503  0.632397  0.630600  0.673234 
18  0.569813  0.660924  0.731965  0.504091  0.414250  0.505680  0.669438  0.471893  0.783043  0.681705  0.606866  0.683681  0.575565  0.657454  0.596662  0.445988  0.807027  0.594129 0.0  0.400495  0.598092  0.603622  0.593376  0.242338  0.643909  0.550101  0.833233  0.564895  0.685464  0.831798  0.593936  0.291948  0.724316  0.777667  0.510180  0.593519  0.759908  0.654836  0.589816  0.715846  0.722580  0.685268  0.730282  0.657063  0.591575  0.655795  0.398441  0.666025  0.378354  0.618969  0.542183  0.448323  0.591028  0.783148  0.702228  0.761251  0.510546  0.574797  0.604133  0.480687  0.424280  0.675270  0.571797  0.686873  0.628792  0.759287  0.775861  0.539978  0.614232  0.663576  0.747561  0.615308  0.777985  0.560599  0.721439  0.480257  0.757841  0.447390  0.750797  0.553134  0.616290  0.522610  0.555222  0.702986  0.674065  0.677623  0.722775  0.751780  0.590458 
19  0.599869  0.812589  0.628007  0.659598  0.620425  0.291194  0.640827  0.629946  0.752554  0.660702  0.509104  0.484737  0.760522  0.636357  0.556063  0.341272  0.859198  0.434195  0.400495 0.0  0.618824  0.610862  0.642522  0.552210  0.713569  0.577609  0.860262  0.429203  0.745074  0.660941  0.718709  0.436589  0.717802  0.747248  0.425550  0.622514  0.664606  0.663860  0.655125  0.706150  0.775655  0.688477  0.631975  0.884489  0.645822  0.713945  0.229965  0.704578  0.651587  0.588129  0.630789  0.641895  0.543019  0.770101  0.637668  0.718505  0.590146  0.568932  0.712804  0.690015  0.686762  0.763482  0.480087  0.677786  0.700684  0.725406  0.693366  0.622075  0.625887  0.725276  0.688726  0.315706  0.628693  0.450281  0.581765  0.528757  0.753396  0.575653  0.611094  0.492578  0.369635  0.668329  0.589344  0.723247  0.694253  0.433537  0.593069  0.813887  0.707338 
20  0.436979  0.650347  0.550490  0.469167  0.529988  0.577587  0.546962  0.681181  0.537689  0.814068  0.293699  0.623516  0.691279  0.638235  0.487842  0.625411  0.739003  0.656578  0.598092  0.618824 0.0  0.817063  0.396608  0.664738  0.740910  0.690574  0.716897  0.612053  0.745754  0.709294  0.569684  0.618100  0.618540  0.489509  0.709241  0.688622  0.794037  0.568053  0.620051  0.773452  0.609406  0.794797  0.761627  0.618704  0.588102  0.602701  0.644649  0.474581  0.451370  0.642618  0.266312  0.515568  0.494311  0.739424  0.698796  0.536149  0.328505  0.672421  0.541071  0.511070  0.459485  0.518821  0.737591  0.732226  0.739917  0.743440  0.531319  0.596090  0.397415  0.622792  0.769252  0.674366  0.748044  0.732554  0.513676  0.669912  0.647633  0.452651  0.725749  0.685165  0.711972  0.631392  0.559463  0.708518  0.633006  0.669490  0.867419  0.685317  0.772055 
21  0.760780  0.808745  0.724319  0.720876  0.711428  0.623050  0.811636  0.749426  0.810750  0.639754  0.673524  0.473257  0.747557  0.283181  0.666721  0.604031  0.738266  0.562109  0.603622  0.610862  0.817063 0.0  0.772587  0.694071  0.488069  0.591535  0.889567  0.623831  0.397029  0.819631  0.782558  0.679628  0.808565  0.855093  0.722561  0.530247  0.441038  0.740217  0.728798  0.939936  0.587871  0.860253  0.653018  0.726658  0.672563  0.764214  0.654341  0.721998  0.684459  0.558123  0.761561  0.709612  0.649049  0.828418  0.174167  0.771708  0.690079  0.616157  0.731929  0.684595  0.701906  0.749719  0.621430  0.447462  0.650303  0.498716  0.836589  0.673204  0.765681  0.779216  0.167337  0.706060  0.447066  0.570248  0.757677  0.605318  0.464535  0.818090  0.558098  0.718778  0.655877  0.703711  0.594355  0.538712  0.455075  0.619521  0.557041  0.787198  0.440916 
22  0.382040  0.601463  0.505405  0.442576  0.385402  0.622627  0.479199  0.582850  0.624912  0.857769  0.209431  0.664487  0.605560  0.730285  0.449186  0.646337  0.730793  0.564264  0.593376  0.642522  0.396608  0.772587 0.0  0.447496  0.738624  0.631119  0.740091  0.650868  0.699563  0.678507  0.606777  0.567113  0.636839  0.629914  0.714176  0.756443  0.845158  0.556899  0.473268  0.810332  0.595844  0.719535  0.709938  0.506009  0.526968  0.650978  0.601509  0.497151  0.479945  0.655143  0.281664  0.503150  0.515898  0.755240  0.637756  0.665791  0.144585  0.634296  0.471397  0.430583  0.416334  0.675226  0.659545  0.807758  0.837147  0.623347  0.465108  0.641539  0.539540  0.588356  0.685467  0.735372  0.640218  0.578961  0.479687  0.599927  0.762884  0.507141  0.761382  0.720549  0.661493  0.552224  0.470443  0.796579  0.623753  0.571781  0.659070  0.611737  0.716183 
23  0.449074  0.723294  0.632661  0.616823  0.620522  0.537448  0.546633  0.486554  0.779934  0.629200  0.617110  0.577751  0.640808  0.693265  0.665380  0.576189  0.883132  0.598614  0.242338  0.552210  0.664738  0.694071  0.447496 0.0  0.657309  0.586069  0.761360  0.587451  0.727963  0.808154  0.563469  0.282632  0.641385  0.620693  0.561130  0.680272  0.750583  0.714442  0.394059  0.728488  0.694956  0.596952  0.729357  0.646430  0.545689  0.701685  0.366983  0.638638  0.561092  0.745714  0.646255  0.598643  0.539858  0.838565  0.689765  0.687699  0.630164  0.561517  0.620623  0.585933  0.576776  0.671447  0.514888  0.751318  0.749234  0.799211  0.637632  0.509795  0.688196  0.733845  0.653318  0.495600  0.751624  0.587477  0.497260  0.512887  0.622239  0.559373  0.569057  0.602956  0.547419  0.545426  0.524737  0.678567  0.691552  0.610928  0.770721  0.797878  0.737194 
24  0.861035  0.773252  0.743978  0.704235  0.677658  0.706991  0.735193  0.746703  0.793713  0.467468  0.738518  0.641176  0.787726  0.567080  0.908955  0.598256  0.825330  0.654848  0.643909  0.713569  0.740910  0.488069  0.738624  0.657309 0.0  0.593870  0.803811  0.545307  0.545883  0.801417  0.831127  0.687447  0.791389  0.809537  0.705887  0.547747  0.440752  0.740569  0.587357  0.808546  0.909053  0.781961  0.430638  0.788099  0.815992  0.754144  0.785739  0.775580  0.721906  0.604926  0.812263  0.719088  0.836353  0.900575  0.472749  0.663530  0.653654  0.620104  0.674884  0.709214  0.812372  0.754383  0.533382  0.350973  0.521158  0.198812  0.774102  0.750104  0.709854  0.755403  0.428481  0.727436  0.232900  0.695150  0.791824  0.674799  0.547794  0.677936  0.667070  0.676379  0.736312  0.697663  0.718724  0.172694  0.177633  0.659218  0.154125  0.807918  0.404982 
25  0.812023  0.752885  0.715189  0.701156  0.659779  0.465955  0.676586  0.620076  0.722023  0.686683  0.613927  0.414132  0.697401  0.570247  0.646906  0.543170  0.769487  0.268524  0.550101  0.577609  0.690574  0.591535  0.631119  0.586069  0.593870 0.0  0.759476  0.506458  0.478061  0.727849  0.694004  0.600777  0.642898  0.683387  0.403329  0.288386  0.587937  0.640473  0.650184  0.704098  0.737196  0.773617  0.643113  0.694289  0.663688  0.809709  0.488028  0.680082  0.608398  0.309376  0.613789  0.648809  0.598804  0.757695  0.560331  0.748362  0.654864  0.446508  0.652946  0.696108  0.716404  0.809586  0.441383  0.546156  0.715828  0.584046  0.788345  0.563959  0.670232  0.665060  0.648591  0.477193  0.666567  0.259962  0.652596  0.478349  0.615222  0.698923  0.400325  0.544343  0.550230  0.540791  0.633552  0.715119  0.660721  0.508969  0.572642  0.714486  0.629063 
26  0.811002  0.786925  0.755347  0.838905  0.786746  0.865104  0.686013  0.764100  0.758320  0.925869  0.823182  0.865063  0.733013  0.891224  0.736937  0.745195  0.487217  0.785058  0.833233  0.860262  0.716897  0.889567  0.740091  0.761360  0.803811  0.759476 0.0  0.796664  0.859156  0.743343  0.853122  0.826074  0.690491  0.803897  0.875881  0.767221  0.868690  0.765763  0.847182  0.825545  0.847632  0.766825  0.836070  0.754059  0.782670  0.770939  0.737496  0.723206  0.876092  0.845618  0.735995  0.839721  0.796769  0.695919  0.858175  0.682017  0.865476  0.800975  0.831747  0.780734  0.801332  0.681391  0.825337  0.838399  0.844392  0.777695  0.699888  0.777442  0.698394  0.748166  0.861499  0.774518  0.896069  0.841271  0.752914  0.826260  0.876412  0.772069  0.845978  0.810752  0.832806  0.786924  0.775691  0.935072  0.853847  0.837105  0.844894  0.662096  0.785078 
27  0.698309  0.806774  0.616496  0.633712  0.669478  0.338262  0.674215  0.577573  0.719995  0.740136  0.615212  0.477308  0.737457  0.686891  0.779716  0.316918  0.761593  0.292378  0.564895  0.429203  0.612053  0.623831  0.650868  0.587451  0.545307  0.506458  0.796664 0.0  0.572439  0.776000  0.662585  0.705675  0.692378  0.730007  0.241376  0.526562  0.685780  0.626787  0.542412  0.729228  0.698800  0.803301  0.750306  0.773738  0.699138  0.741687  0.490780  0.825192  0.631657  0.440431  0.640369  0.581402  0.658194  0.733636  0.686319  0.682911  0.668111  0.391930  0.706801  0.689443  0.595926  0.774179  0.084405  0.666736  0.693510  0.579490  0.643543  0.675027  0.717890  0.732940  0.712161  0.395888  0.647780  0.240107  0.710232  0.343494  0.653743  0.577416  0.462832  0.252495  0.119999  0.552714  0.498485  0.650314  0.732459  0.460338  0.606263  0.809186  0.666093 
28  0.841003  0.828417  0.734000  0.673064  0.737512  0.603066  0.806126  0.772108  0.840338  0.647832  0.800276  0.588494  0.865473  0.362871  0.718847  0.756569  0.791781  0.560766  0.685464  0.745074  0.745754  0.397029  0.699563  0.727963  0.545883  0.478061  0.859156  0.572439 0.0  0.687865  0.629013  0.613993  0.832218  0.753729  0.786524  0.533895  0.414909  0.618812  0.742359  0.773955  0.809539  0.812817  0.607771  0.908112  0.717071  0.824027  0.642775  0.791372  0.750563  0.605145  0.737074  0.759308  0.746995  0.883589  0.410265  0.732007  0.651197  0.669013  0.777349  0.698527  0.772683  0.751617  0.605468  0.363698  0.644134  0.527592  0.906461  0.730710  0.710701  0.860921  0.268814  0.742923  0.391258  0.624257  0.712626  0.597800  0.333932  0.832234  0.644401  0.544100  0.677213  0.719511  0.733529  0.514398  0.476495  0.577153  0.434985  0.680310  0.485098 
29  0.547375  0.378211  0.671131  0.658368  0.581686  0.635456  0.518856  0.667674  0.540010  0.862130  0.662207  0.775394  0.547707  0.780448  0.736426  0.694857  0.689451  0.660601  0.831798  0.660941  0.709294  0.819631  0.678507  0.808154  0.801417  0.727849  0.743343  0.776000  0.687865 0.0  0.630844  0.689784  0.605901  0.694604  0.679515  0.810991  0.800552  0.670564  0.647389  0.675162  0.638232  0.584776  0.778722  0.495486  0.470566  0.497954  0.725221  0.614495  0.709004  0.770758  0.622003  0.768549  0.752599  0.706829  0.719866  0.490439  0.581734  0.706809  0.599109  0.677660  0.589416  0.520675  0.780310  0.767494  0.784810  0.760220  0.562468  0.669048  0.564440  0.706871  0.851610  0.781370  0.780153  0.768001  0.624280  0.812572  0.897448  0.610489  0.705429  0.702276  0.754776  0.721592  0.726997  0.771444  0.772428  0.847653  0.885665  0.576759  0.769134 
30  0.495690  0.566408  0.450540  0.471688  0.578511  0.583094  0.467316  0.601003  0.578335  0.801214  0.469143  0.638439  0.543421  0.677008  0.535473  0.665489  0.746818  0.648519  0.593936  0.718709  0.569684  0.782558  0.606777  0.563469  0.831127  0.694004  0.853122  0.662585  0.629013  0.630844 0.0  0.485257  0.607394  0.615186  0.656406  0.633412  0.789322  0.635962  0.647392  0.746015  0.630466  0.674272  0.720431  0.561228  0.525256  0.493309  0.562815  0.331772  0.435498  0.664433  0.523214  0.482922  0.600886  0.849268  0.708383  0.462592  0.563789  0.708372  0.556017  0.385504  0.487954  0.574849  0.696569  0.868183  0.814885  0.778872  0.571011  0.557117  0.494341  0.615537  0.801493  0.701531  0.767562  0.747885  0.466969  0.747941  0.762038  0.585143  0.614204  0.721937  0.668261  0.594957  0.598909  0.862907  0.819797  0.825534  0.734007  0.579736  0.822457 
31  0.539856  0.610675  0.477279  0.560668  0.544261  0.519543  0.670125  0.588379  0.631055  0.762420  0.616148  0.698482  0.627838  0.762314  0.508585  0.611738  0.792626  0.590340  0.291948  0.436589  0.618100  0.679628  0.567113  0.282632  0.687447  0.600777  0.826074  0.705675  0.613993  0.689784  0.485257 0.0  0.640423  0.637508  0.566801  0.653997  0.801227  0.602961  0.567857  0.897873  0.688643  0.653042  0.809164  0.726538  0.502129  0.701713  0.556907  0.508905  0.548624  0.700573  0.576972  0.436868  0.473706  0.799233  0.757677  0.653528  0.559362  0.654364  0.548983  0.480178  0.501027  0.582470  0.602497  0.710661  0.730491  0.765020  0.552851  0.622217  0.657719  0.802385  0.683825  0.588973  0.681026  0.556929  0.656421  0.549798  0.693303  0.596141  0.669818  0.467025  0.515529  0.426801  0.552824  0.830359  0.740211  0.567253  0.687391  0.681984  0.650988 
32  0.672069  0.551946  0.602846  0.577234  0.662046  0.799062  0.636107  0.681705  0.464855  0.813639  0.584946  0.710522  0.431160  0.777729  0.634481  0.671035  0.681676  0.712891  0.724316  0.717802  0.618540  0.808565  0.636839  0.641385  0.791389  0.642898  0.690491  0.692378  0.832218  0.605901  0.607394  0.640423 0.0  0.625922  0.683199  0.749241  0.829105  0.596816  0.629802  0.651040  0.479462  0.332106  0.777361  0.330836  0.574482  0.621330  0.655903  0.599237  0.701406  0.875877  0.641059  0.705203  0.600452  0.820423  0.656313  0.615473  0.610231  0.644630  0.531563  0.532430  0.564022  0.744263  0.701093  0.718568  0.804208  0.797146  0.643275  0.608892  0.654281  0.620495  0.713537  0.697669  0.878706  0.729153  0.623630  0.769006  0.879470  0.676720  0.668454  0.757817  0.548635  0.698848  0.668661  0.765695  0.746884  0.700572  0.782488  0.589764  0.860868 
33  0.721742  0.669648  0.577031  0.603222  0.594886  0.607680  0.617057  0.677094  0.747268  0.705726  0.530714  0.700291  0.617273  0.765535  0.654702  0.703389  0.689571  0.737001  0.777667  0.747248  0.489509  0.855093  0.629914  0.620693  0.809537  0.683387  0.803897  0.730007  0.753729  0.694604  0.615186  0.637508  0.625922 0.0  0.655347  0.673732  0.720702  0.438987  0.645260  0.695377  0.678856  0.794836  0.686918  0.781159  0.785661  0.597506  0.674838  0.557343  0.649981  0.720072  0.494486  0.557949  0.619022  0.738562  0.734385  0.581658  0.553173  0.719999  0.580269  0.633864  0.552852  0.627866  0.732661  0.648765  0.788571  0.813357  0.634161  0.740579  0.523570  0.538896  0.775511  0.699549  0.696670  0.694572  0.683316  0.634540  0.614134  0.529773  0.784374  0.667657  0.748307  0.653574  0.616209  0.776596  0.790233  0.631113  0.733413  0.671495  0.672420 
34  0.568943  0.751036  0.729105  0.682176  0.706047  0.207965  0.737265  0.582873  0.658316  0.800090  0.674905  0.455593  0.741574  0.589007  0.659808  0.256362  0.845563  0.414988  0.510180  0.425550  0.709241  0.722561  0.714176  0.561130  0.705887  0.403329  0.875881  0.241376  0.786524  0.679515  0.656406  0.566801  0.683199  0.655347 0.0  0.468661  0.605914  0.653207  0.643560  0.688429  0.667958  0.719463  0.670649  0.762302  0.649597  0.769393  0.365963  0.709015  0.735905  0.517321  0.615642  0.606654  0.639460  0.808359  0.706561  0.602694  0.648032  0.369368  0.651114  0.668727  0.676268  0.722846  0.386952  0.563888  0.724926  0.628060  0.769306  0.653625  0.623415  0.692231  0.675480  0.101420  0.659246  0.333153  0.540926  0.252930  0.652839  0.493000  0.403904  0.322867  0.067779  0.532932  0.679419  0.789751  0.754546  0.443610  0.732500  0.743535  0.654015 
35  0.511880  0.806932  0.867948  0.804637  0.611392  0.541254  0.668228  0.678068  0.785559  0.690143  0.676992  0.357675  0.766181  0.543624  0.687663  0.492401  0.790107  0.461240  0.593519  0.622514  0.688622  0.530247  0.756443  0.680272  0.547747  0.288386  0.767221  0.526562  0.533895  0.810991  0.633412  0.653997  0.749241  0.673732  0.468661 0.0  0.628632  0.721901  0.707679  0.831804  0.735469  0.621135  0.618705  0.729211  0.630897  0.735364  0.518009  0.690877  0.794764  0.306479  0.683503  0.653046  0.700229  0.881603  0.580637  0.753701  0.699199  0.500098  0.686004  0.683105  0.742688  0.728984  0.494980  0.678065  0.675362  0.640847  0.704344  0.675701  0.775335  0.844488  0.617770  0.567633  0.577403  0.459983  0.744414  0.529740  0.531466  0.675441  0.217821  0.581177  0.572450  0.588808  0.575236  0.650701  0.541677  0.502453  0.682345  0.781627  0.675392 
36  0.729135  0.897407  0.745659  0.747368  0.738325  0.682214  0.819977  0.780440  0.724848  0.453461  0.727669  0.572653  0.773465  0.556652  0.755276  0.699425  0.846632  0.579760  0.759908  0.664606  0.794037  0.441038  0.845158  0.750583  0.440752  0.587937  0.868690  0.685780  0.414909  0.800552  0.789322  0.801227  0.829105  0.720702  0.605914  0.628632 0.0  0.775797  0.759010  0.817925  0.862602  0.811648  0.433468  0.755047  0.601190  0.805694  0.679086  0.866297  0.794543  0.626665  0.750357  0.832382  0.752889  0.885610  0.478633  0.880274  0.774115  0.598650  0.737593  0.698277  0.824760  0.842148  0.507812  0.230438  0.536397  0.419324  0.834374  0.776016  0.671154  0.732008  0.502111  0.642262  0.282942  0.674148  0.726254  0.654315  0.514431  0.742878  0.684054  0.636677  0.740653  0.665124  0.706368  0.405418  0.406907  0.645226  0.287910  0.956633  0.128669 
37  0.620043  0.551945  0.679035  0.549854  0.660811  0.692013  0.664320  0.747507  0.749578  0.774763  0.590148  0.697298  0.708794  0.713044  0.587294  0.713582  0.684259  0.649970  0.654836  0.663860  0.568053  0.740217  0.556899  0.714442  0.740569  0.640473  0.765763  0.626787  0.618812  0.670564  0.635962  0.602961  0.596816  0.438987  0.653207  0.721901  0.775797 0.0  0.657484  0.730729  0.795668  0.807507  0.817168  0.720423  0.753670  0.670867  0.677215  0.650576  0.618655  0.726619  0.588578  0.686564  0.695183  0.717767  0.747076  0.705263  0.560541  0.612113  0.604987  0.703858  0.590185  0.534630  0.764949  0.781169  0.667934  0.738778  0.623276  0.715971  0.483969  0.558654  0.656433  0.577055  0.781734  0.669902  0.683999  0.619771  0.624964  0.559680  0.769636  0.804626  0.785021  0.498059  0.554621  0.760756  0.782478  0.603872  0.750828  0.677023  0.741171 
38  0.466812  0.630522  0.576015  0.508400  0.588574  0.519617  0.661123  0.448388  0.691017  0.752704  0.625689  0.633627  0.612987  0.652610  0.484379  0.663878  0.757520  0.642774  0.589816  0.655125  0.620051  0.728798  0.473268  0.394059  0.587357  0.650184  0.847182  0.542412  0.742359  0.647389  0.647392  0.567857  0.629802  0.645260  0.643560  0.707679  0.759010  0.657484 0.0  0.709919  0.619626  0.626745  0.698553  0.591003  0.472529  0.622641  0.614599  0.619074  0.377587  0.650892  0.590928  0.444429  0.445162  0.793196  0.804631  0.589550  0.544969  0.704799  0.467387  0.412035  0.619725  0.668181  0.663857  0.743019  0.776649  0.720775  0.647645  0.225207  0.629729  0.666224  0.742402  0.619796  0.683388  0.633550  0.391891  0.594984  0.744113  0.532287  0.673564  0.510685  0.639830  0.521629  0.569778  0.728378  0.856350  0.574154  0.712095  0.716157  0.717074 
39  0.758654  0.763925  0.651477  0.766227  0.673223  0.839081  0.726089  0.696011  0.636632  0.784210  0.761242  0.766149  0.677614  0.782626  0.800690  0.654582  0.751909  0.773897  0.715846  0.706150  0.773452  0.939936  0.810332  0.728488  0.808546  0.704098  0.825545  0.729228  0.773955  0.675162  0.746015  0.897873  0.651040  0.695377  0.688429  0.831804  0.817925  0.730729  0.709919 0.0  0.578229  0.680875  0.814621  0.768784  0.725483  0.762823  0.739526  0.774806  0.775178  0.813527  0.824912  0.724101  0.681741  0.873036  0.808697  0.625982  0.803138  0.696270  0.766932  0.741055  0.689908  0.751020  0.662558  0.713021  0.893344  0.952173  0.708457  0.703797  0.729340  0.834430  0.826501  0.700895  0.831866  0.833942  0.784834  0.782505  0.909474  0.674602  0.850077  0.873660  0.765291  0.721992  0.762278  0.807674  0.937746  0.772099  0.761049  0.720641  0.817178 
40  0.526257  0.560535  0.684898  0.737107  0.713526  0.775787  0.717482  0.616562  0.466464  0.744308  0.577493  0.837395  0.611148  0.807671  0.740250  0.665268  0.729450  0.710241  0.722580  0.775655  0.609406  0.587871  0.595844  0.694956  0.909053  0.737196  0.847632  0.698800  0.809539  0.638232  0.630466  0.688643  0.479462  0.678856  0.667958  0.735469  0.862602  0.795668  0.619626  0.578229 0.0  0.399680  0.676631  0.378851  0.584256  0.711725  0.649194  0.633995  0.592456  0.722627  0.650262  0.674228  0.626228  0.819817  0.846586  0.615140  0.733373  0.680824  0.616448  0.732564  0.701001  0.700723  0.842994  0.811944  0.850236  0.815212  0.710945  0.577013  0.618064  0.749083  0.874940  0.702286  0.763434  0.757402  0.662590  0.753421  0.677463  0.722609  0.700626  0.683645  0.705206  0.699379  0.731542  0.849975  0.710004  0.735383  0.864981  0.732242  0.893150 
41  0.605205  0.526783  0.612053  0.624729  0.619389  0.751606  0.604947  0.594027  0.541003  0.750261  0.627166  0.859912  0.538650  0.783595  0.602399  0.677765  0.833361  0.776885  0.685268  0.688477  0.794797  0.860253  0.719535  0.596952  0.781961  0.773617  0.766825  0.803301  0.812817  0.584776  0.674272  0.653042  0.332106  0.794836  0.719463  0.621135  0.811648  0.807507  0.626745  0.680875  0.399680 0.0  0.807760  0.341157  0.636030  0.665272  0.733439  0.618453  0.682899  0.732367  0.739674  0.656969  0.683539  0.793094  0.671394  0.529614  0.662517  0.706766  0.607443  0.571035  0.602930  0.564938  0.701192  0.880330  0.814729  0.827607  0.583882  0.529214  0.620603  0.795517  0.796459  0.611963  0.792532  0.774511  0.593936  0.633977  0.784809  0.732156  0.700663  0.686980  0.858670  0.690360  0.690031  0.859584  0.835556  0.683649  0.756763  0.704541  0.780573 
42  0.696955  0.790709  0.751977  0.824404  0.725420  0.697718  0.768023  0.692476  0.818478  0.536642  0.819052  0.711065  0.763455  0.652949  0.693036  0.718672  0.900304  0.608671  0.730282  0.631975  0.761627  0.653018  0.709938  0.729357  0.430638  0.643113  0.836070  0.750306  0.607771  0.778722  0.720431  0.809164  0.777361  0.686918  0.670649  0.618705  0.433468  0.817168  0.698553  0.814621  0.676631  0.807760 0.0  0.795302  0.731772  0.869771  0.735064  0.814163  0.771060  0.723235  0.806334  0.734269  0.903135  0.843773  0.611358  0.738671  0.746631  0.659542  0.688894  0.778049  0.764136  0.720209  0.529701  0.385341  0.494586  0.405984  0.740374  0.734756  0.779949  0.780541  0.473388  0.716312  0.471227  0.789578  0.796337  0.701497  0.595803  0.641839  0.628496  0.695933  0.641542  0.705801  0.637069  0.433290  0.402590  0.674106  0.465213  0.761180  0.464395 
43  0.612633  0.530561  0.648043  0.735911  0.680353  0.744938  0.618684  0.667097  0.414395  0.797647  0.743036  0.776784  0.303777  0.852252  0.701580  0.634869  0.786994  0.760149  0.657063  0.884489  0.618704  0.726658  0.506009  0.646430  0.788099  0.694289  0.754059  0.773738  0.908112  0.495486  0.561228  0.726538  0.330836  0.781159  0.762302  0.729211  0.755047  0.720423  0.591003  0.768784  0.378851  0.341157  0.795302 0.0  0.694398  0.611257  0.685177  0.723101  0.522034  0.733692  0.651874  0.613778  0.754639  0.769926  0.822634  0.546109  0.703104  0.769191  0.676931  0.769981  0.677984  0.743991  0.667807  0.792660  0.778588  0.764732  0.670265  0.640539  0.688731  0.753598  0.819179  0.683630  0.778584  0.750811  0.558589  0.793904  0.718559  0.672709  0.811191  0.722522  0.785060  0.626053  0.681832  0.851002  0.783822  0.698355  0.779427  0.631408  0.744632 
44  0.524434  0.626418  0.714862  0.493326  0.521390  0.684028  0.628262  0.465693  0.651381  0.846393  0.604742  0.660601  0.549134  0.712748  0.506745  0.543419  0.731783  0.699155  0.591575  0.645822  0.588102  0.672563  0.526968  0.545689  0.815992  0.663688  0.782670  0.699138  0.717071  0.470566  0.525256  0.502129  0.574482  0.785661  0.649597  0.630897  0.601190  0.753670  0.472529  0.725483  0.584256  0.636030  0.731772  0.694398 0.0  0.659819  0.651365  0.592101  0.573484  0.747168  0.617801  0.526313  0.345620  0.933302  0.571020  0.522723  0.542000  0.547773  0.386011  0.543756  0.608473  0.626629  0.618284  0.752605  0.838248  0.756687  0.646082  0.409568  0.576075  0.730978  0.705088  0.640990  0.705881  0.648804  0.442690  0.650241  0.690481  0.552329  0.736123  0.682289  0.592721  0.643301  0.578440  0.897326  0.679327  0.713305  0.740091  0.699818  0.780680 
