89
0 0.0  0.646330  0.666579  0.452855  0.394708  0.659483  0.545392  0.630565  0.782000  0.816487  0.471768  0.598350  0.746382  0.816275  0.384425  0.637234  0.768593  0.719566  0.606687  0.672192  0.573559  0.748128  0.440075  0.464850  0.818577  0.692389  0.816193  0.608626  0.854139  0.708472  0.515310  0.582746  0.716838  0.617954  0.697580  0.679318  0.783508  0.721929  0.477913  0.727948  0.716831  0.516553  0.781733  0.680499  0.529211  0.691511  0.552961  0.460363  0.437302  0.659465  0.433266  0.423446  0.519155  0.720617  0.842916  0.525893  0.604351  0.685195  0.326824  0.202735  0.380124  0.636461  0.687526  0.797454  0.737642  0.795741  0.652395  0.432637  0.460238  0.742114  0.761608  0.668450  0.718929  0.714305  0.364130  0.617162  0.657772  0.514149  0.716217  0.736525  0.620368  0.675240  0.665700  0.784712  0.738642  0.592247  0.708750  0.616701  0.752286 
1  0.646330 0.0  0.643335  0.672288  0.635370  0.819102  0.553351  0.669029  0.516376  0.894250  0.719490  0.830386  0.642841  0.734033  0.695624  0.664143  0.728891  0.867822  0.700965  0.772340  0.557903  0.809589  0.697644  0.707858  0.821482  0.711873  0.744556  0.778853  0.759997  0.388891  0.538137  0.698209  0.424174  0.752585  0.755536  0.808523  0.726617  0.663157  0.728340  0.756066  0.512968  0.611339  0.834773  0.482704  0.621282  0.525211  0.752329  0.505133  0.686987  0.817647  0.591104  0.548586  0.503306  0.821135  0.756330  0.464373  0.634901  0.735128  0.593753  0.651877  0.602704  0.651662  0.760561  0.736702  0.928844  0.758400  0.619965  0.631820  0.607424  0.696017  0.734940  0.749279  0.899493  0.822018  0.589525  0.684773  0.889653  0.657743  0.750678  0.789838  0.755174  0.693763  0.683051  0.784085  0.784463  0.678529  0.819049  0.613910  0.785378 
2  0.666579  0.643335 0.0  0.549237  0.589970  0.738670  0.447528  0.638606  0.697528  0.822396  0.778342  0.691046  0.627741  0.782570  0.560274  0.735870  0.646724  0.753121  0.713438  0.644554  0.530695  0.661232  0.606804  0.581616  0.746121  0.662244  0.699147  0.722941  0.798513  0.659530  0.459821  0.524156  0.690569  0.643356  0.663393  0.730441  0.719704  0.587850  0.715076  0.726728  0.716620  0.680343  0.773428  0.700487  0.645769  0.485325  0.694787  0.469052  0.543109  0.781187  0.449364  0.682808  0.657851  0.789659  0.728014  0.522548  0.483418  0.740033  0.575608  0.567970  0.479290  0.299962  0.637046  0.896748  0.968880  0.788866  0.644183  0.594770  0.404068  0.507330  0.888925  0.667967  0.815137  0.775761  0.596312  0.849502  0.704120  0.534358  0.807219  0.607861  0.680063  0.775153  0.460908  0.804334  0.711790  0.694276  0.734015  0.717961  0.694071 
3  0.452855  0.672288  0.549237 0.0  0.466940  0.656865  0.612774  0.563529  0.693744  0.824577  0.328537  0.728064  0.597823  0.686286  0.263731  0.575780  0.768120  0.642301  0.661345  0.641512  0.588674  0.815939  0.418515  0.451506  0.688779  0.669579  0.781143  0.614734  0.755129  0.697055  0.562392  0.640574  0.712156  0.741037  0.613377  0.852673  0.760923  0.689521  0.516392  0.748660  0.623644  0.642274  0.826663  0.595233  0.524403  0.474227  0.698278  0.589906  0.226787  0.663521  0.540205  0.416367  0.585795  0.840377  0.834972  0.522212  0.399151  0.727835  0.484287  0.338258  0.333078  0.589031  0.649624  0.746670  0.814173  0.723978  0.521586  0.577296  0.508395  0.666958  0.776062  0.542985  0.829913  0.713098  0.445188  0.704952  0.719194  0.456156  0.811013  0.673589  0.547895  0.587650  0.622318  0.693929  0.729132  0.704526  0.796103  0.624017  0.754822 
4  0.394708  0.635370  0.589970  0.466940 0.0  0.626950  0.546386  0.624550  0.818695  0.768309  0.418658  0.680637  0.652743  0.753004  0.423324  0.569134  0.809655  0.575994  0.442699  0.539646  0.463796  0.715533  0.332166  0.515403  0.768962  0.657407  0.827144  0.640187  0.758995  0.619571  0.558006  0.496113  0.693204  0.610658  0.632875  0.617256  0.676587  0.687421  0.534833  0.813720  0.689513  0.631843  0.852696  0.626204  0.685898  0.649287  0.653103  0.579238  0.361357  0.761114  0.498101  0.348788  0.534281  0.663802  0.729262  0.619592  0.388819  0.543272  0.536975  0.463551  0.449081  0.590980  0.660262  0.662151  0.913319  0.819947  0.684341  0.525550  0.619662  0.745351  0.687712  0.607416  0.841172  0.655733  0.623465  0.698035  0.760595  0.399541  0.670790  0.625196  0.686210  0.519146  0.517430  0.742876  0.670081  0.726923  0.796559  0.739466  0.775395 
5  0.659483  0.819102  0.738670  0.656865  0.626950 0.0  0.747844  0.605990  0.629385  0.733624  0.635933  0.445234  0.720052  0.634243  0.636207  0.274875  0.788505  0.492247  0.479254  0.218534  0.719448  0.690833  0.646548  0.514738  0.846411  0.497277  0.761324  0.358792  0.617190  0.781864  0.759726  0.574097  0.682817  0.808852  0.420725  0.565570  0.605805  0.660884  0.618021  0.822182  0.655116  0.655719  0.678238  0.720282  0.701257  0.767892  0.288429  0.644307  0.632560  0.632685  0.647354  0.534737  0.562805  0.759540  0.755830  0.731401  0.706519  0.384807  0.617312  0.645213  0.656531  0.576187  0.329018  0.597889  0.692709  0.637625  0.754623  0.638588  0.625265  0.709649  0.632087  0.403821  0.761828  0.501936  0.624305  0.425982  0.644742  0.622960  0.595210  0.388210  0.310399  0.589828  0.591538  0.645376  0.758570  0.471970  0.632225  0.897140  0.735783 
6  0.545392  0.553351  0.447528  0.612774  0.546386  0.747844 0.0  0.717253  0.607220  0.924543  0.578519  0.832466  0.662892  0.768880  0.551322  0.724279  0.685129  0.814166  0.698247  0.708627  0.464824  0.835643  0.616800  0.711883  0.844951  0.827507  0.748437  0.779073  0.848097  0.489804  0.495775  0.780689  0.593103  0.667947  0.782782  0.810382  0.836924  0.739781  0.715291  0.763193  0.634552  0.630799  0.827833  0.632429  0.684881  0.443138  0.726614  0.462598  0.562949  0.839028  0.578136  0.647860  0.746952  0.688411  0.784653  0.455954  0.578497  0.845226  0.568417  0.598643  0.508148  0.354868  0.687449  0.852001  0.955353  0.849993  0.370483  0.599766  0.614139  0.674032  0.882531  0.579464  0.856464  0.862333  0.570548  0.754312  0.703180  0.752029  0.762352  0.762695  0.704640  0.678535  0.624174  0.923319  0.863800  0.732649  0.815624  0.508629  0.840252 
7  0.630565  0.669029  0.638606  0.563529  0.624550  0.605990  0.717253 0.0  0.747148  0.824758  0.603643  0.688400  0.503474  0.778873  0.612127  0.669347  0.818177  0.778205  0.633454  0.740650  0.668219  0.751826  0.561275  0.579183  0.759299  0.713554  0.731111  0.582769  0.869470  0.769664  0.586659  0.703966  0.525415  0.705175  0.614500  0.716745  0.726308  0.729682  0.473409  0.745327  0.569328  0.693779  0.733294  0.566706  0.461312  0.768127  0.668326  0.634172  0.600449  0.685932  0.665246  0.635083  0.369459  0.814642  0.691670  0.684307  0.652492  0.768800  0.528150  0.574191  0.592394  0.620696  0.662721  0.799303  0.746536  0.900971  0.713801  0.342450  0.714813  0.730407  0.740842  0.570751  0.745119  0.696439  0.558302  0.710236  0.805018  0.596810  0.640550  0.659502  0.663941  0.759781  0.750534  0.745545  0.796649  0.794582  0.768960  0.713271  0.644289 
8  0.782000  0.516376  0.697528  0.693744  0.818695  0.629385  0.607220  0.747148 0.0  0.763997  0.707207  0.761395  0.582205  0.676328  0.769305  0.782503  0.745332  0.786605  0.775921  0.730561  0.681957  0.745768  0.777261  0.676330  0.806208  0.677364  0.694854  0.860117  0.798197  0.344077  0.741261  0.698336  0.543354  0.764286  0.823454  0.753301  0.832107  0.684821  0.728999  0.563940  0.511919  0.464428  0.825059  0.446846  0.606190  0.563155  0.783763  0.560974  0.808580  0.787056  0.711444  0.706711  0.665260  0.736448  0.860294  0.553662  0.610797  0.737779  0.670785  0.518926  0.611989  0.687386  0.830527  0.833903  0.849332  0.838532  0.553306  0.636078  0.758257  0.746174  0.947536  0.736354  0.831746  0.780853  0.717700  0.697818  0.852796  0.851275  0.772273  0.680685  0.736453  0.812889  0.809722  0.863634  0.840558  0.778217  0.938968  0.594839  0.860956 
9  0.816487  0.894250  0.822396  0.824577  0.768309  0.733624  0.924543  0.824758  0.763997 0.0  0.823791  0.721407  0.897158  0.680649  0.873899  0.711410  0.823173  0.687520  0.854234  0.833657  0.781607  0.602863  0.746317  0.765068  0.484363  0.678412  0.840500  0.675688  0.637446  0.920186  0.720948  0.771029  0.802197  0.851233  0.715191  0.678419  0.550728  0.773440  0.809454  0.878869  0.770621  0.768548  0.396050  0.919590  0.823706  0.741418  0.757027  0.784768  0.953426  0.676702  0.770660  0.726165  0.752033  0.851924  0.597324  0.776041  0.691699  0.641741  0.757859  0.773561  0.762721  0.771116  0.676785  0.478388  0.233576  0.417620  0.783855  0.757303  0.753629  0.698337  0.649936  0.704821  0.586309  0.766047  0.805127  0.684262  0.644923  0.804428  0.711137  0.728584  0.693450  0.735950  0.723307  0.449717  0.568447  0.658169  0.381010  0.801506  0.556102 
10  0.471768  0.719490  0.778342  0.328537  0.418658  0.635933  0.578519  0.603643  0.707207  0.823791 0.0  0.684351  0.660793  0.725820  0.472866  0.758273  0.787020  0.614633  0.583919  0.571051  0.297600  0.721059  0.260055  0.542323  0.803020  0.654206  0.829827  0.784164  0.783585  0.642479  0.651306  0.574238  0.663190  0.527449  0.733398  0.667741  0.686092  0.577867  0.641481  0.777136  0.696660  0.722403  0.748873  0.670826  0.558370  0.601578  0.560026  0.635544  0.448901  0.628338  0.400728  0.553925  0.557705  0.764018  0.718745  0.524708  0.000000  0.570223  0.634618  0.430830  0.329243  0.525413  0.692093  0.663537  0.771580  0.783889  0.648069  0.613939  0.637327  0.720358  0.765947  0.559351  0.763075  0.763611  0.647652  0.570697  0.658334  0.441881  0.619757  0.608147  0.620660  0.501924  0.548487  0.755604  0.794833  0.652646  0.891978  0.715853  0.772995 
11  0.598350  0.830386  0.691046  0.728064  0.680637  0.445234  0.832466  0.688400  0.761395  0.721407  0.684351 0.0  0.762768  0.527547  0.691525  0.500478  0.855847  0.340364  0.686250  0.607826  0.676762  0.549495  0.739308  0.573532  0.572111  0.344241  0.976691  0.547027  0.588933  0.848415  0.776484  0.666622  0.787031  0.701258  0.493905  0.395479  0.677633  0.852950  0.685336  0.793525  0.872561  0.735126  0.696625  0.810563  0.665698  0.740822  0.584377  0.784822  0.657031  0.322989  0.669062  0.751549  0.710626  0.864561  0.641093  0.757353  0.725674  0.514371  0.676899  0.627044  0.807501  0.678460  0.564195  0.695158  0.628174  0.637175  0.723082  0.682819  0.781641  0.835355  0.689703  0.560776  0.526405  0.453044  0.673644  0.559863  0.612980  0.599986  0.082034  0.518995  0.540972  0.563795  0.518083  0.676296  0.623623  0.542874  0.672775  0.745485  0.698489 
12  0.746382  0.642841  0.627741  0.597823  0.652743  0.720052  0.662892  0.503474  0.582205  0.897158  0.660793  0.762768 0.0  0.761069  0.648551  0.731520  0.744078  0.719296  0.661685  0.650077  0.666510  0.761904  0.637338  0.571411  0.828166  0.733997  0.834542  0.683031  0.865478  0.532665  0.573657  0.708995  0.518051  0.688233  0.595037  0.716966  0.820150  0.778904  0.659547  0.753469  0.444545  0.472282  0.788686  0.477832  0.480338  0.669999  0.697495  0.527228  0.626535  0.743150  0.655239  0.576353  0.512273  0.823145  0.871530  0.640283  0.650309  0.719201  0.641834  0.625662  0.660097  0.775932  0.759886  0.779999  0.735744  0.759608  0.684687  0.552605  0.665769  0.773783  0.747989  0.649418  0.845400  0.753278  0.555397  0.757470  0.787616  0.658169  0.721960  0.842262  0.823088  0.761679  0.630110  0.717855  0.689244  0.765506  0.787245  0.715975  0.813696 
13  0.816275  0.734033  0.782570  0.686286  0.753004  0.634243  0.768880  0.778873  0.676328  0.680649  0.725820  0.527547  0.761069 0.0  0.726153  0.651858  0.908816  0.562300  0.620020  0.697833  0.747335  0.326657  0.717471  0.720017  0.475450  0.578574  0.882698  0.647440  0.320940  0.807235  0.723885  0.636012  0.774807  0.745900  0.739172  0.593658  0.402162  0.711422  0.728479  0.899740  0.699508  0.766579  0.617533  0.827004  0.744681  0.764430  0.653422  0.735591  0.746639  0.582084  0.683165  0.782535  0.777591  0.764549  0.326086  0.706351  0.752150  0.597961  0.819417  0.813079  0.687104  0.700526  0.525280  0.449317  0.584829  0.503125  0.801261  0.659613  0.754695  0.777345  0.335661  0.709512  0.487624  0.604624  0.863848  0.646841  0.470829  0.658032  0.586071  0.556385  0.574372  0.756191  0.720022  0.425338  0.488957  0.628545  0.492496  0.764183  0.426475 
14  0.384425  0.695624  0.560274  0.263731  0.423324  0.636207  0.551322  0.612127  0.769305  0.873899  0.472866  0.691525  0.648551  0.726153 0.0  0.551893  0.740279  0.737935  0.572815  0.595042  0.471110  0.794791  0.498767  0.495383  0.710504  0.571415  0.749931  0.652766  0.731197  0.591822  0.444981  0.506630  0.669067  0.534592  0.686234  0.844152  0.800791  0.608480  0.633570  0.758054  0.682379  0.574456  0.692081  0.707343  0.607218  0.595939  0.651073  0.508135  0.303588  0.746085  0.616457  0.275525  0.520264  0.662051  0.661173  0.603461  0.581313  0.691635  0.293345  0.408870  0.315443  0.489705  0.573945  0.759728  0.748547  0.893366  0.576928  0.572479  0.558205  0.659967  0.699122  0.651418  0.709957  0.623027  0.444642  0.710834  0.769472  0.477243  0.659623  0.659653  0.698465  0.585819  0.604074  0.812645  0.853085  0.721073  0.808816  0.582379  0.676661 
15  0.637234  0.664143  0.735870  0.575780  0.569134  0.274875  0.724279  0.669347  0.782503  0.711410  0.758273  0.500478  0.731520  0.651858  0.551893 0.0  0.926725  0.458420  0.538998  0.338010  0.578296  0.632769  0.645717  0.514255  0.721511  0.549071  0.812534  0.277677  0.672647  0.770911  0.710729  0.566015  0.614828  0.725958  0.233575  0.427652  0.705609  0.691190  0.637909  0.751112  0.719836  0.763835  0.639493  0.736601  0.570382  0.783768  0.409039  0.751182  0.688080  0.527417  0.681522  0.554499  0.628385  0.751247  0.621232  0.727902  0.688783  0.397900  0.646005  0.510649  0.592626  0.700120  0.344005  0.671264  0.696249  0.719775  0.795782  0.708309  0.664899  0.704690  0.617931  0.378099  0.721737  0.476738  0.604340  0.350600  0.539094  0.613494  0.377192  0.299492  0.192572  0.686633  0.610783  0.729259  0.686192  0.482203  0.708214  0.758758  0.677062 
16  0.768593  0.728891  0.646724  0.768120  0.809655  0.788505  0.685129  0.818177  0.745332  0.823173  0.787020  0.855847  0.744078  0.908816  0.740279  0.926725 0.0  0.912423  0.799371  0.872792  0.776930  0.824452  0.858244  0.863098  0.855601  0.794859  0.509753  0.921851  0.789964  0.736898  0.804502  0.790406  0.766286  0.767975  0.887190  0.850224  0.826184  0.853251  0.805721  0.812878  0.859643  0.820231  0.871182  0.670827  0.846224  0.685579  0.854612  0.739573  0.846132  0.836318  0.816255  0.814168  0.785843  0.628397  0.849886  0.844108  0.691273  0.795140  0.705723  0.797814  0.779551  0.768728  0.839614  0.730036  0.905707  0.951408  0.768953  0.847320  0.796907  0.717555  0.835066  0.747805  0.864273  0.953219  0.772407  0.814739  0.842483  0.805967  0.795091  0.791815  0.843359  0.884174  0.825609  0.937329  0.836071  0.903640  0.800189  0.773011  0.870642 
17  0.719566  0.867822  0.753121  0.642301  0.575994  0.492247  0.814166  0.778205  0.786605  0.687520  0.614633  0.340364  0.719296  0.562300  0.737935  0.458420  0.912423 0.0  0.596721  0.428850  0.717704  0.630067  0.633998  0.477918  0.573610  0.344463  0.926783  0.407316  0.560490  0.739027  0.677843  0.626334  0.782878  0.719400  0.414666  0.418380  0.613287  0.754308  0.723076  0.746950  0.778205  0.878931  0.659526  0.774769  0.692365  0.848235  0.409659  0.634424  0.734791  0.495971  0.723535  0.723420  0.759043  0.830895  0.584607  0.791888  0.737796  0.422069  0.647647  0.672124  0.603754  0.750968  0.418341  0.698005  0.761903  0.683845  0.819090  0.585435  0.698366  0.849100  0.673900  0.567946  0.640478  0.263274  0.646020  0.335182  0.532768  0.598030  0.400774  0.350322  0.363449  0.605038  0.649943  0.712501  0.599893  0.496109  0.696980  0.695832  0.574508 
18  0.606687  0.700965  0.713438  0.661345  0.442699  0.479254  0.698247  0.633454  0.775921  0.854234  0.583919  0.686250  0.661685  0.620020  0.572815  0.538998  0.799371  0.596721 0.0  0.446684  0.732235  0.691694  0.604899  0.264970  0.673333  0.629180  0.841587  0.554723  0.733542  0.701748  0.606093  0.358570  0.726515  0.684152  0.565465  0.697968  0.805605  0.745427  0.520993  0.658922  0.724825  0.560200  0.704136  0.662097  0.595830  0.601589  0.518590  0.607995  0.456694  0.624534  0.607444  0.616470  0.611764  0.861906  0.669088  0.504560  0.584240  0.588498  0.613892  0.509278  0.555979  0.750617  0.602199  0.718831  0.737958  0.743160  0.654182  0.498323  0.676234  0.715620  0.728093  0.490710  0.767945  0.609002  0.616639  0.676600  0.677474  0.592415  0.645683  0.562870  0.598557  0.513690  0.630533  0.742743  0.787108  0.569153  0.827842  0.670704  0.694562 
19  0.672192  0.772340  0.644554  0.641512  0.539646  0.218534  0.708627  0.740650  0.730561  0.833657  0.571051  0.607826  0.650077  0.697833  0.595042  0.338010  0.872792  0.428850  0.446684 0.0  0.684085  0.743782  0.593724  0.528435  0.736287  0.551774  0.829841  0.402656  0.698481  0.864230  0.652967  0.483222  0.698192  0.675870  0.485587  0.632519  0.709351  0.719217  0.573019  0.793357  0.709641  0.680769  0.687198  0.690915  0.823038  0.817996  0.452600  0.785088  0.561069  0.519617  0.697602  0.682260  0.726033  0.799681  0.759396  0.725788  0.622979  0.539362  0.722689  0.623759  0.612055  0.782167  0.435762  0.698938  0.695158  0.695830  0.695259  0.590968  0.723332  0.743723  0.618563  0.382597  0.572614  0.541515  0.590129  0.414604  0.642700  0.618864  0.695178  0.311716  0.354091  0.566541  0.523531  0.787610  0.669060  0.492795  0.678705  0.665327  0.708875 
20  0.573559  0.557903  0.530695  0.588674  0.463796  0.719448  0.464824  0.668219  0.681957  0.781607  0.297600  0.676762  0.666510  0.747335  0.471110  0.578296  0.776930  0.717704  0.732235  0.684085 0.0  0.732151  0.519693  0.638933  0.709668  0.607411  0.800824  0.663655  0.750857  0.554144  0.490924  0.559764  0.629640  0.462032  0.775225  0.848923  0.864464  0.567129  0.730458  0.701402  0.778071  0.675485  0.818435  0.774410  0.613971  0.643608  0.614058  0.437428  0.438615  0.735790  0.279538  0.618596  0.775986  0.847272  0.800916  0.574474  0.324894  0.791322  0.388997  0.524950  0.447427  0.482314  0.665533  0.717197  0.677943  0.801269  0.632327  0.611812  0.312911  0.560588  0.678137  0.665800  0.735847  0.717293  0.591497  0.528339  0.787978  0.546285  0.686520  0.648756  0.696111  0.570017  0.593408  0.834216  0.775561  0.733346  0.696122  0.701122  0.896781 
21  0.748128  0.809589  0.661232  0.815939  0.715533  0.690833  0.835643  0.751826  0.745768  0.602863  0.721059  0.549495  0.761904  0.326657  0.794791  0.632769  0.824452  0.630067  0.691694  0.743782  0.732151 0.0  0.775797  0.756574  0.612754  0.569100  0.827377  0.577185  0.331624  0.815022  0.836242  0.763830  0.819230  0.694895  0.586880  0.578100  0.471218  0.804643  0.825673  0.836251  0.786705  0.793887  0.502384  0.780047  0.703656  0.833950  0.748940  0.682068  0.735125  0.556743  0.844321  0.653287  0.722869  0.798581  0.232320  0.764581  0.777535  0.553755  0.702939  0.752137  0.686978  0.768322  0.684520  0.398047  0.653392  0.585236  0.790597  0.777020  0.771452  0.769283  0.183258  0.666148  0.534403  0.635516  0.837317  0.607043  0.485424  0.786033  0.599802  0.549800  0.575375  0.638727  0.669342  0.514009  0.555327  0.591726  0.526615  0.687257  0.480912 
22  0.440075  0.697644  0.606804  0.418515  0.332166  0.646548  0.616800  0.561275  0.777261  0.746317  0.260055  0.739308  0.637338  0.717471  0.498767  0.645717  0.858244  0.633998  0.604899  0.593724  0.519693  0.775797 0.0  0.605609  0.755876  0.802576  0.746440  0.685449  0.829883  0.771491  0.496098  0.505124  0.733206  0.586230  0.714608  0.726488  0.810287  0.574916  0.555658  0.748178  0.683530  0.748835  0.713807  0.683311  0.586416  0.643398  0.601849  0.661030  0.510621  0.744957  0.481046  0.584814  0.676000  0.677088  0.752240  0.574668  0.190769  0.635910  0.510604  0.408030  0.316879  0.525318  0.735266  0.678020  0.733550  0.689935  0.589918  0.580343  0.515821  0.613456  0.752679  0.642162  0.771961  0.583560  0.582129  0.670334  0.710728  0.551809  0.781574  0.639391  0.609467  0.651312  0.568170  0.754563  0.788794  0.661339  0.801457  0.539721  0.738721 
23  0.464850  0.707858  0.581616  0.451506  0.515403  0.514738  0.711883  0.579183  0.676330  0.765068  0.542323  0.573532  0.571411  0.720017  0.495383  0.514255  0.863098  0.477918  0.264970  0.528435  0.638933  0.756574  0.605609 0.0  0.678351  0.499007  0.725807  0.605045  0.747085  0.731502  0.606489  0.347194  0.619188  0.644417  0.683988  0.584352  0.738867  0.657394  0.447512  0.783337  0.724343  0.620848  0.736285  0.624542  0.558319  0.625139  0.433589  0.707035  0.546052  0.801145  0.610062  0.529576  0.508628  0.788333  0.652534  0.653321  0.641255  0.661708  0.656187  0.522786  0.549141  0.667565  0.639069  0.798847  0.667923  0.712863  0.566370  0.599780  0.605728  0.639762  0.786469  0.556936  0.741557  0.659968  0.553480  0.563673  0.636625  0.527486  0.632235  0.652156  0.559197  0.555481  0.659334  0.685384  0.766933  0.602753  0.652654  0.763604  0.673966 
24  0.818577  0.821482  0.746121  0.688779  0.768962  0.846411  0.844951  0.759299  0.806208  0.484363  0.803020  0.572111  0.828166  0.475450  0.710504  0.721511  0.855601  0.573610  0.673333  0.736287  0.709668  0.612754  0.755876  0.678351 0.0  0.702725  0.904191  0.728892  0.474458  0.882537  0.733799  0.684635  0.825340  0.833189  0.803730  0.603132  0.365459  0.888305  0.775483  0.822218  0.785462  0.724210  0.473502  0.915022  0.849948  0.773810  0.717803  0.883093  0.692252  0.673394  0.813723  0.759296  0.674510  0.895457  0.563676  0.834684  0.837785  0.597539  0.852640  0.676673  0.803211  0.856070  0.679092  0.423106  0.511583  0.177799  0.826818  0.788590  0.827321  0.754040  0.450374  0.565823  0.283551  0.708868  0.835306  0.649936  0.461341  0.887149  0.757228  0.653787  0.722502  0.791243  0.713429  0.162818  0.129661  0.584362  0.185992  0.862241  0.423492 
25  0.692389  0.711873  0.662244  0.669579  0.657407  0.497277  0.827507  0.713554  0.677364  0.678412  0.654206  0.344241  0.733997  0.578574  0.571415  0.549071  0.794859  0.344463  0.629180  0.551774  0.607411  0.569100  0.802576  0.499007  0.702725 0.0  0.811669  0.556187  0.518338  0.811683  0.761567  0.651722  0.850803  0.648771  0.510989  0.410000  0.687653  0.852997  0.553989  0.784894  0.729655  0.792393  0.636886  0.693478  0.724679  0.776994  0.508168  0.681429  0.654506  0.442951  0.687794  0.716051  0.721519  0.790783  0.514688  0.666915  0.791116  0.481471  0.641075  0.699878  0.593575  0.676155  0.455155  0.604795  0.677283  0.642838  0.734800  0.694339  0.664919  0.838995  0.484299  0.496259  0.623529  0.325098  0.739601  0.444124  0.573178  0.587045  0.284854  0.384942  0.456837  0.549316  0.630552  0.716727  0.723644  0.323773  0.567347  0.783492  0.682448 
26  0.816193  0.744556  0.699147  0.781143  0.827144  0.761324  0.748437  0.731111  0.694854  0.840500  0.829827  0.976691  0.834542  0.882698  0.749931  0.812534  0.509753  0.926783  0.841587  0.829841  0.800824  0.827377  0.746440  0.725807  0.904191  0.811669 0.0  0.920352  0.800017  0.871546  0.759103  0.706272  0.816830  0.847322  0.840229  1.000000  0.878984  0.793857  0.874927  0.756413  0.801087  0.750668  0.906852  0.767744  0.766894  0.730291  0.932462  0.828108  0.816489  0.789415  0.832124  0.742502  0.797204  0.801717  0.903071  0.800700  0.931350  0.910035  0.760646  0.864059  0.843209  0.707239  0.689569  0.917327  0.921787  0.750648  0.721085  0.828016  0.788454  0.801791  0.878472  0.787895  0.876335  0.855910  0.847330  0.728711  0.896832  0.715390  0.831900  0.821774  0.836401  0.825108  0.824449  0.933568  0.840073  0.839967  0.971205  0.788491  0.923562 
27  0.608626  0.778853  0.722941  0.614734  0.640187  0.358792  0.779073  0.582769  0.860117  0.675688  0.784164  0.547027  0.683031  0.647440  0.652766  0.277677  0.921851  0.407316  0.554723  0.402656  0.663655  0.577185  0.685449  0.605045  0.728892  0.556187  0.920352 0.0  0.556830  0.846572  0.683690  0.656365  0.685334  0.720342  0.357590  0.554886  0.665923  0.820269  0.574781  0.862106  0.769117  0.668150  0.765985  0.676018  0.650830  0.678427  0.466237  0.564787  0.662312  0.552717  0.731003  0.634472  0.644027  0.808948  0.709928  0.759829  0.713181  0.241084  0.619727  0.542131  0.725815  0.782993  0.000000  0.686861  0.663293  0.688811  0.711840  0.536501  0.780395  0.761759  0.565998  0.384677  0.664054  0.335354  0.723306  0.449463  0.653821  0.634285  0.537845  0.222052  0.261990  0.676640  0.583590  0.718128  0.697697  0.414028  0.598199  0.726914  0.706831 
28  0.854139  0.759997  0.798513  0.755129  0.758995  0.617190  0.848097  0.869470  0.798197  0.637446  0.783585  0.588933  0.865478  0.320940  0.731197  0.672647  0.789964  0.560490  0.733542  0.698481  0.750857  0.331624  0.829883  0.747085  0.474458  0.518338  0.800017  0.556830 0.0  0.744727  0.743323  0.732750  0.814378  0.810887  0.685541  0.564071  0.325478  0.721098  0.738911  0.777449  0.796433  0.780401  0.489377  0.760131  0.794976  0.720012  0.708898  0.802930  0.710547  0.678507  0.794634  0.662749  0.764590  0.792687  0.312226  0.892901  0.710093  0.639308  0.819234  0.791792  0.777341  0.713173  0.645687  0.428879  0.664497  0.509248  0.805911  0.722047  0.793039  0.803289  0.291231  0.660129  0.469349  0.527728  0.741940  0.670953  0.490395  0.767549  0.646532  0.606310  0.555433  0.718383  0.714752  0.572347  0.487727  0.685520  0.546176  0.905014  0.388803 
29  0.708472  0.388891  0.659530  0.697055  0.619571  0.781864  0.489804  0.769664  0.344077  0.920186  0.642479  0.848415  0.532665  0.807235  0.591822  0.770911  0.736898  0.739027  0.701748  0.864230  0.554144  0.815022  0.771491  0.731502  0.882537  0.811683  0.871546  0.846572  0.744727 0.0  0.565222  0.805387  0.613650  0.650573  0.717926  0.776705  0.847071  0.683807  0.551589  0.622952  0.590539  0.634719  0.866186  0.577529  0.611346  0.454636  0.677186  0.537322  0.663803  0.702400  0.591905  0.637580  0.728852  0.713946  0.833559  0.549109  0.708407  0.745261  0.593946  0.715005  0.686664  0.649181  0.739168  0.835442  0.832913  0.754511  0.689861  0.662747  0.617230  0.731952  0.803543  0.720650  0.843239  0.769878  0.731763  0.745786  0.812223  0.708172  0.755592  0.798812  0.749010  0.651029  0.591842  0.917244  0.859266  0.774182  0.800884  0.504412  0.948921 
30  0.515310  0.538137  0.459821  0.562392  0.558006  0.759726  0.495775  0.586659  0.741261  0.720948  0.651306  0.776484  0.573657  0.723885  0.444981  0.710729  0.804502  0.677843  0.606093  0.652967  0.490924  0.836242  0.496098  0.606489  0.733799  0.761567  0.759103  0.683690  0.743323  0.565222 0.0  0.598750  0.644006  0.627125  0.639947  0.649174  0.842764  0.720702  0.511364  0.871606  0.689888  0.692846  0.730575  0.582764  0.515308  0.613201  0.742293  0.341915  0.536927  0.753385  0.483348  0.376145  0.574756  0.654127  0.781747  0.460295  0.529480  0.676472  0.495156  0.516909  0.443093  0.519390  0.709950  0.802666  0.889055  0.783288  0.612875  0.449485  0.370736  0.672738  0.726841  0.762030  0.802379  0.701384  0.523639  0.751724  0.815912  0.595977  0.776778  0.746713  0.645603  0.694743  0.780887  0.802040  0.813159  0.675312  0.705478  0.646283  0.828417 
31  0.582746  0.698209  0.524156  0.640574  0.496113  0.574097  0.780689  0.703966  0.698336  0.771029  0.574238  0.666622  0.708995  0.636012  0.506630  0.566015  0.790406  0.626334  0.358570  0.483222  0.559764  0.763830  0.505124  0.347194  0.684635  0.651722  0.706272  0.656365  0.732750  0.805387  0.598750 0.0  0.778975  0.718653  0.605681  0.578568  0.701572  0.727871  0.519492  0.821081  0.725525  0.765561  0.838379  0.598807  0.694079  0.671411  0.557684  0.585310  0.512906  0.759169  0.647450  0.433250  0.593825  0.804822  0.671318  0.722375  0.610646  0.452412  0.604684  0.514412  0.532323  0.620452  0.612206  0.642902  0.689625  0.913662  0.709827  0.508590  0.586004  0.681263  0.736646  0.599186  0.668191  0.588297  0.487306  0.554650  0.713802  0.484114  0.587702  0.519813  0.599725  0.502152  0.571444  0.779052  0.805745  0.692744  0.728470  0.629795  0.777936 
32  0.716838  0.424174  0.690569  0.712156  0.693204  0.682817  0.593103  0.525415  0.543354  0.802197  0.663190  0.787031  0.518051  0.774807  0.669067  0.614828  0.766286  0.782878  0.726515  0.698192  0.629640  0.819230  0.733206  0.619188  0.825340  0.850803  0.816830  0.685334  0.814378  0.613650  0.644006  0.778975 0.0  0.884331  0.715594  0.737733  0.848176  0.722239  0.604055  0.678353  0.339077  0.342407  0.853195  0.330417  0.690181  0.672523  0.724991  0.686036  0.622302  0.825569  0.733225  0.637249  0.662666  0.750798  0.697038  0.617340  0.625788  0.685355  0.724509  0.552855  0.588881  0.724095  0.726529  0.779462  0.744285  0.944758  0.674067  0.546710  0.758231  0.798400  0.853525  0.729225  0.777944  0.713323  0.677386  0.761631  0.755651  0.626684  0.769357  0.622315  0.715689  0.827179  0.758259  0.772430  0.711690  0.836657  0.839993  0.792072  0.776447 
33  0.617954  0.752585  0.643356  0.741037  0.610658  0.808852  0.667947  0.705175  0.764286  0.851233  0.527449  0.701258  0.688233  0.745900  0.534592  0.725958  0.767975  0.719400  0.684152  0.675870  0.462032  0.694895  0.586230  0.644417  0.833189  0.648771  0.847322  0.720342  0.810887  0.650573  0.627125  0.718653  0.884331 0.0  0.705043  0.870247  0.706239  0.433356  0.644138  0.806275  0.698280  0.737239  0.744110  0.698558  0.806418  0.720581  0.681621  0.661994  0.723048  0.702126  0.554257  0.586701  0.715130  0.682431  0.889992  0.723534  0.592817  0.665140  0.658235  0.572857  0.580859  0.514553  0.706054  0.923153  0.831820  0.719766  0.546892  0.635595  0.607745  0.487519  0.784177  0.747160  0.791565  0.678607  0.562347  0.667539  0.687980  0.682299  0.738687  0.730184  0.823124  0.698194  0.667633  0.735463  0.834668  0.819698  0.819749  0.765175  0.714083 
34  0.697580  0.755536  0.663393  0.613377  0.632875  0.420725  0.782782  0.614500  0.823454  0.715191  0.733398  0.493905  0.595037  0.739172  0.686234  0.233575  0.887190  0.414666  0.565465  0.485587  0.775225  0.586880  0.714608  0.683988  0.803730  0.510989  0.840229  0.357590  0.685541  0.717926  0.639947  0.605681  0.715594  0.705043 0.0  0.537057  0.711179  0.803430  0.584323  0.699985  0.736245  0.776577  0.785176  0.732488  0.660470  0.651270  0.407015  0.657532  0.673992  0.606557  0.649864  0.544845  0.520691  0.825724  0.578192  0.702338  0.580557  0.482013  0.694362  0.619286  0.655231  0.728649  0.308887  0.742704  0.667214  0.772355  0.797356  0.533206  0.633912  0.778049  0.733989  0.186523  0.599359  0.433601  0.627059  0.315329  0.600075  0.613580  0.551532  0.333143  0.088966  0.665496  0.533347  0.687733  0.691741  0.541534  0.713133  0.793955  0.679963 
35  0.679318  0.808523  0.730441  0.852673  0.617256  0.565570  0.810382  0.716745  0.753301  0.678419  0.667741  0.395479  0.716966  0.593658  0.844152  0.427652  0.850224  0.418380  0.697968  0.632519  0.848923  0.578100  0.726488  0.584352  0.603132  0.410000  1.000000  0.554886  0.564071  0.776705  0.649174  0.578568  0.737733  0.870247  0.537057 0.0  0.541741  0.751438  0.640142  0.847296  0.887417  0.758392  0.622598  0.678907  0.743658  0.784300  0.581364  0.744108  0.671925  0.276577  0.759511  0.659062  0.711307  0.840727  0.580799  0.857789  0.806833  0.496822  0.691431  0.655927  0.687459  0.711871  0.623041  0.592060  0.716745  0.746355  0.833888  0.705564  0.743866  0.855148  0.508061  0.500632  0.618896  0.516271  0.708285  0.541794  0.595749  0.634622  0.390522  0.478442  0.562839  0.588325  0.578247  0.682297  0.645262  0.537232  0.610707  0.781780  0.577000 
36  0.783508  0.726617  0.719704  0.760923  0.676587  0.605805  0.836924  0.726308  0.832107  0.550728  0.686092  0.677633  0.820150  0.402162  0.800791  0.705609  0.826184  0.613287  0.805605  0.709351  0.864464  0.471218  0.810287  0.738867  0.365459  0.687653  0.878984  0.665923  0.325478  0.847071  0.842764  0.701572  0.848176  0.706239  0.711179  0.541741 0.0  0.762525  0.748563  0.787803  0.736343  0.767524  0.569514  0.766751  0.741373  0.808149  0.697715  0.756636  0.751238  0.757756  0.823253  0.822530  0.775770  0.925626  0.517623  0.814809  0.769835  0.619039  0.779085  0.791421  0.799085  0.826061  0.705412  0.199964  0.554305  0.539539  0.862983  0.753778  0.682175  0.806559  0.394610  0.732189  0.472801  0.628777  0.883303  0.748930  0.465360  0.747251  0.525604  0.620061  0.708746  0.812331  0.612109  0.393881  0.390845  0.627176  0.335702  0.787254  0.235412 
37  0.721929  0.663157  0.587850  0.689521  0.687421  0.660884  0.739781  0.729682  0.684821  0.773440  0.577867  0.852950  0.778904  0.711422  0.608480  0.691190  0.853251  0.754308  0.745427  0.719217  0.567129  0.804643  0.574916  0.657394  0.888305  0.852997  0.793857  0.820269  0.721098  0.683807  0.720702  0.727871  0.722239  0.433356  0.803430  0.751438  0.762525 0.0  0.754910  0.883668  0.797663  0.794323  0.810810  0.769019  0.715444  0.705456  0.605509  0.580275  0.780899  0.639269  0.550612  0.642405  0.685674  0.735372  0.658196  0.731502  0.605599  0.746351  0.715587  0.510851  0.710554  0.619668  0.696529  0.789139  0.704441  0.740595  0.660597  0.659549  0.696217  0.610035  0.818168  0.643995  0.815707  0.774258  0.689268  0.690709  0.756918  0.714346  0.766095  0.753740  0.783840  0.728449  0.677966  0.715299  0.842514  0.669703  0.725447  0.891021  0.805317 
38  0.477913  0.728340  0.715076  0.516392  0.534833  0.618021  0.715291  0.473409  0.728999  0.809454  0.641481  0.685336  0.659547  0.728479  0.633570  0.637909  0.805721  0.723076  0.520993  0.573019  0.730458  0.825673  0.555658  0.447512  0.775483  0.553989  0.874927  0.574781  0.738911  0.551589  0.511364  0.519492  0.604055  0.644138  0.584323  0.640142  0.748563  0.754910 0.0  0.719604  0.691007  0.666511  0.838039  0.615882  0.416724  0.564586  0.547122  0.647780  0.447431  0.731766  0.521033  0.540031  0.482479  0.750481  0.731231  0.580342  0.593289  0.571130  0.427287  0.498742  0.555159  0.592500  0.589887  0.753697  0.815931  0.776059  0.690858  0.274251  0.575581  0.633009  0.813439  0.672621  0.777050  0.677872  0.453998  0.723467  0.706649  0.618045  0.717271  0.634830  0.683589  0.580163  0.666695  0.856471  0.779168  0.793917  0.811054  0.834114  0.703645 
39  0.727948  0.756066  0.726728  0.748660  0.813720  0.822182  0.763193  0.745327  0.563940  0.878869  0.777136  0.793525  0.753469  0.899740  0.758054  0.751112  0.812878  0.746950  0.658922  0.793357  0.701402  0.836251  0.748178  0.783337  0.822218  0.784894  0.756413  0.862106  0.777449  0.622952  0.871606  0.821081  0.678353  0.806275  0.699985  0.847296  0.787803  0.883668  0.719604 0.0  0.565743  0.504335  0.847312  0.578767  0.692178  0.777424  0.763673  0.764959  0.766737  0.892922  0.874140  0.680158  0.689350  0.860708  0.824647  0.774325  0.842277  0.693671  0.752257  0.830084  0.791082  0.782317  0.841064  0.908578  0.805828  0.812913  0.643948  0.729531  0.657067  0.720922  0.845181  0.885001  0.829207  0.812713  0.804090  0.895854  0.785455  0.821815  0.986765  0.860753  0.803986  0.721286  0.936705  0.712873  0.771744  0.721606  0.778862  0.774715  0.713197 
40  0.716831  0.512968  0.716620  0.623644  0.689513  0.655116  0.634552  0.569328  0.511919  0.770621  0.696660  0.872561  0.444545  0.699508  0.682379  0.719836  0.859643  0.778205  0.724825  0.709641  0.778071  0.786705  0.683530  0.724343  0.785462  0.729655  0.801087  0.769117  0.796433  0.590539  0.689888  0.725525  0.339077  0.698280  0.736245  0.887417  0.736343  0.797663  0.691007  0.565743 0.0  0.340269  0.880320  0.511149  0.536330  0.726911  0.727991  0.631513  0.717602  0.749761  0.713960  0.698821  0.679062  0.834364  0.861276  0.644892  0.780563  0.758053  0.615003  0.672791  0.665397  0.771666  0.838049  0.707293  0.850783  0.765564  0.721745  0.751031  0.593344  0.724734  0.752306  0.692064  0.810498  0.863995  0.642640  0.785530  0.898924  0.757034  0.786395  0.735061  0.664127  0.653338  0.768837  0.779396  0.853846  0.778762  0.852778  0.700401  0.721746 
41  0.516553  0.611339  0.680343  0.642274  0.631843  0.655719  0.630799  0.693779  0.464428  0.768548  0.722403  0.735126  0.472282  0.766579  0.574456  0.763835  0.820231  0.878931  0.560200  0.680769  0.675485  0.793887  0.748835  0.620848  0.724210  0.792393  0.750668  0.668150  0.780401  0.634719  0.692846  0.765561  0.342407  0.737239  0.776577  0.758392  0.767524  0.794323  0.666511  0.504335  0.340269 0.0  0.848732  0.393599  0.621513  0.581951  0.786398  0.584441  0.526491  0.705847  0.592881  0.705405  0.673171  0.782107  0.799914  0.512627  0.647976  0.899735  0.591607  0.580698  0.672239  0.629679  0.760088  0.783945  0.798761  0.917368  0.722606  0.652713  0.772491  0.736880  0.753265  0.646541  0.704113  0.709943  0.654654  0.653753  0.824780  0.761616  0.830030  0.714356  0.712339  0.559405  0.859166  0.690306  0.940882  0.780600  0.879226  0.606694  0.797610 
42  0.781733  0.834773  0.773428  0.826663  0.852696  0.678238  0.827833  0.733294  0.825059  0.396050  0.748873  0.696625  0.788686  0.617533  0.692081  0.639493  0.871182  0.659526  0.704136  0.687198  0.818435  0.502384  0.713807  0.736285  0.473502  0.636886  0.906852  0.765985  0.489377  0.866186  0.730575  0.838379  0.853195  0.744110  0.785176  0.622598  0.569514  0.810810  0.838039  0.847312  0.880320  0.848732 0.0  0.984238  0.704615  0.797495  0.520410  0.847806  0.754295  0.638590  0.825485  0.666190  0.815658  0.802324  0.562988  0.740265  0.800384  0.694308  0.679226  0.671640  0.759216  0.741553  0.555585  0.362049  0.524186  0.347276  0.699746  0.851933  0.759147  0.907168  0.598597  0.727461  0.451993  0.737923  0.865031  0.655107  0.479587  0.792277  0.637775  0.616406  0.722340  0.776586  0.767901  0.433934  0.400871  0.683594  0.571664  0.775604  0.571895 
43  0.680499  0.482704  0.700487  0.595233  0.626204  0.720282  0.632429  0.566706  0.446846  0.919590  0.670826  0.810563  0.477832  0.827004  0.707343  0.736601  0.670827  0.774769  0.662097  0.690915  0.774410  0.780047  0.683311  0.624542  0.915022  0.693478  0.767744  0.676018  0.760131  0.577529  0.582764  0.598807  0.330417  0.698558  0.732488  0.678907  0.766751  0.769019  0.615882  0.578767  0.511149  0.393599  0.984238 0.0  0.623971  0.614912  0.586942  0.620162  0.629592  0.770049  0.727008  0.638337  0.675989  0.756906  0.845291  0.511131  0.700926  0.740248  0.698964  0.594033  0.639284  0.633547  0.726635  0.837743  0.847083  0.797803  0.616168  0.717677  0.651545  0.698702  0.890070  0.705937  0.840812  0.767605  0.726514  0.843102  0.778275  0.672493  0.704737  0.748947  0.632975  0.641957  0.812800  0.819312  0.809039  0.873426  0.848333  0.657314  0.805034 
44  0.529211  0.621282  0.645769  0.524403  0.685898  0.701257  0.684881  0.461312  0.606190  0.823706  0.558370  0.665698  0.480338  0.744681  0.607218  0.570382  0.846224  0.692365  0.595830  0.823038  0.613971  0.703656  0.586416  0.558319  0.849948  0.724679  0.766894  0.650830  0.794976  0.611346  0.515308  0.694079  0.690181  0.806418  0.660470  0.743658  0.741373  0.715444  0.416724  0.692178  0.536330  0.621513  0.704615  0.623971 0.0  0.711064  0.668732  0.640076  0.479439  0.656358  0.607690  0.505264  0.306537  0.912809  0.844042  0.588178  0.593710  0.681562  0.404877  0.556650  0.583241  0.552391  0.579182  0.789491  0.792858  0.802226  0.669146  0.292705  0.557041  0.650664  0.742196  0.673453  0.699738  0.740623  0.469523  0.682503  0.850120  0.586769  0.703674  0.600305  0.673675  0.635047  0.661775  0.845710  0.727613  0.702920  0.741087  0.763696  0.780500 
