89
0 0.0  0.620102  0.678048  0.402488  0.470103  0.608217  0.574942  0.664116  0.659669  0.733186  0.466167  0.792070  0.485962  0.680950  0.274951  0.676740  0.752238  0.662207  0.516447  0.635589  0.484187  0.796807  0.561206  0.534403  0.744150  0.711317  0.744881  0.719093  0.712401  0.604831  0.432070  0.533423  0.553025  0.555238  0.673118  0.716929  0.818917  0.650880  0.494011  0.745818  0.602808  0.590653  0.740306  0.625905  0.513208  0.663859  0.513597  0.441758  0.335937  0.672468  0.468177  0.357521  0.550229  0.795701  0.748185  0.569922  0.393692  0.676740  0.314354  0.059088  0.414551  0.546514  0.614604  0.853267  0.791578  0.713396  0.601218  0.351796  0.522558  0.648998  0.729537  0.648124  0.674527  0.638900  0.445947  0.661804  0.733741  0.427383  0.658020  0.661896  0.637047  0.604094  0.479018  0.741481  0.712135  0.706447  0.707248  0.571318  0.667946 
1  0.620102 0.0  0.525917  0.487774  0.724774  0.814522  0.558785  0.554538  0.445200  0.868815  0.639596  0.782009  0.570571  0.741499  0.693633  0.774153  0.732233  0.850497  0.687078  0.773248  0.659150  0.808872  0.707527  0.756625  0.740673  0.811372  0.713148  0.758382  0.810878  0.355399  0.639271  0.635445  0.559528  0.637654  0.732991  0.785235  0.832384  0.633678  0.603477  0.743567  0.603171  0.597121  0.746352  0.438918  0.575705  0.619959  0.653943  0.593595  0.573131  0.842195  0.620546  0.605848  0.656000  0.738427  0.740779  0.491166  0.760789  0.708904  0.538720  0.691052  0.580553  0.436239  0.781855  0.923887  0.751946  0.801819  0.655453  0.609757  0.634447  0.652936  0.800130  0.735881  0.750495  0.667436  0.542532  0.701581  0.717789  0.651853  0.785552  0.747821  0.639495  0.695305  0.712925  0.900282  0.775617  0.740039  0.854835  0.574763  0.715436 
2  0.678048  0.525917 0.0  0.636614  0.614060  0.642755  0.535878  0.759939  0.609530  0.879643  0.423282  0.871521  0.536359  0.687345  0.442739  0.650398  0.780261  0.638118  0.698966  0.649043  0.409874  0.743801  0.584484  0.727024  0.751017  0.666143  0.833116  0.741392  0.701974  0.546285  0.417654  0.634119  0.624156  0.630881  0.643488  0.716763  0.807934  0.608796  0.705201  0.714457  0.664178  0.668331  0.689818  0.691710  0.668969  0.384004  0.680118  0.448015  0.544360  0.699721  0.510142  0.496112  0.623262  0.628696  0.733760  0.534433  0.624098  0.760316  0.521660  0.607150  0.527934  0.213992  0.659146  0.880994  0.755572  0.966828  0.436316  0.642608  0.419605  0.573571  0.755510  0.743894  0.804165  0.609908  0.645591  0.689126  0.829181  0.610807  0.723594  0.707560  0.673445  0.736745  0.629322  0.860436  0.843679  0.731124  0.738818  0.683040  0.725621 
3  0.402488  0.487774  0.636614 0.0  0.387991  0.610940  0.564266  0.510572  0.662907  0.848652  0.404020  0.643330  0.508972  0.845260  0.248471  0.665201  0.763130  0.544501  0.537058  0.599880  0.433951  0.707668  0.461654  0.449378  0.859082  0.625144  0.808275  0.665557  0.754648  0.652340  0.498938  0.536791  0.666598  0.597138  0.610814  0.717926  0.786574  0.655929  0.553182  0.734816  0.644748  0.655189  0.754957  0.574548  0.516925  0.550932  0.577927  0.408436  0.285153  0.677160  0.473825  0.385289  0.463521  0.743321  0.765284  0.577785  0.495989  0.708680  0.247088  0.238826  0.314745  0.603908  0.581008  0.747774  0.947512  0.690048  0.629018  0.491682  0.555655  0.676701  0.686061  0.646190  0.772389  0.607559  0.454853  0.728796  0.744537  0.442079  0.711658  0.772843  0.632721  0.568462  0.657603  0.754262  0.775526  0.718613  0.727101  0.580354  0.717489 
4  0.470103  0.724774  0.614060  0.387991 0.0  0.595185  0.534272  0.556992  0.765181  0.810637  0.351718  0.723031  0.628905  0.689399  0.352289  0.658020  0.853534  0.691723  0.378702  0.735735  0.442802  0.717979  0.372115  0.576908  0.811017  0.590899  0.666218  0.629717  0.812991  0.745436  0.540623  0.371288  0.654472  0.481534  0.629333  0.621047  0.772110  0.495304  0.490563  0.759365  0.572260  0.725144  0.744769  0.684672  0.679889  0.651681  0.529016  0.505930  0.359989  0.623618  0.514035  0.417380  0.570031  0.700094  0.674671  0.608391  0.490750  0.637505  0.484546  0.484892  0.464257  0.607458  0.607655  0.692815  0.734050  0.805506  0.647611  0.509377  0.580971  0.678198  0.656220  0.661047  0.813722  0.692865  0.476788  0.654212  0.795032  0.391326  0.671007  0.624748  0.645397  0.451524  0.531600  0.834815  0.711999  0.647595  0.763361  0.748038  0.680086 
5  0.608217  0.814522  0.642755  0.610940  0.595185 0.0  0.748719  0.530138  0.726965  0.659712  0.561238  0.486314  0.592030  0.653916  0.630479  0.301661  0.812855  0.531059  0.474756  0.202508  0.607235  0.627712  0.569738  0.510502  0.752321  0.576873  0.835401  0.402224  0.679703  0.766507  0.648646  0.459340  0.739117  0.631375  0.324657  0.540018  0.682233  0.753303  0.642160  0.708117  0.731812  0.613280  0.782697  0.713745  0.614967  0.669401  0.311352  0.750682  0.644289  0.586119  0.683838  0.640221  0.546759  0.818189  0.621418  0.720794  0.599085  0.315085  0.636074  0.540681  0.541126  0.654014  0.425905  0.598154  0.820403  0.674754  0.745956  0.626290  0.602206  0.831565  0.631562  0.313552  0.745910  0.445431  0.742421  0.455166  0.572001  0.577303  0.648142  0.383013  0.398839  0.572087  0.592634  0.611973  0.735599  0.374247  0.674207  0.698757  0.666169 
6  0.574942  0.558785  0.535878  0.564266  0.534272  0.748719 0.0  0.666266  0.626550  0.797181  0.600978  0.654626  0.639969  0.695110  0.587164  0.740786  0.752997  0.760982  0.612253  0.673609  0.770659  0.755659  0.543908  0.804495  0.828255  0.676031  0.833880  0.756726  0.830767  0.634809  0.525816  0.726668  0.722609  0.670306  0.697916  0.728097  0.801173  0.601734  0.653761  0.733927  0.538895  0.563154  0.819186  0.657121  0.654825  0.433176  0.609759  0.363809  0.548668  0.640247  0.594103  0.542207  0.622278  0.734943  0.705364  0.622990  0.667262  0.759404  0.660649  0.626384  0.571514  0.423334  0.724510  0.741781  0.793166  0.811965  0.471690  0.636929  0.528362  0.532381  0.816129  0.750175  0.891516  0.816669  0.555751  0.702421  0.839884  0.593194  0.732269  0.644423  0.608309  0.663330  0.647001  0.842002  0.774251  0.664602  0.803136  0.576683  0.782796 
7  0.664116  0.554538  0.759939  0.510572  0.556992  0.530138  0.666266 0.0  0.626586  0.868676  0.566573  0.624318  0.571295  0.783953  0.561547  0.690571  0.745338  0.706587  0.576042  0.688551  0.662992  0.794115  0.628054  0.562890  0.744550  0.594665  0.804602  0.678054  0.731191  0.665945  0.558347  0.545889  0.660509  0.575488  0.694831  0.720832  0.714409  0.639535  0.558586  0.728087  0.637445  0.609584  0.758849  0.535410  0.396793  0.700430  0.558931  0.655720  0.570346  0.610450  0.691063  0.593611  0.268995  0.734756  0.764992  0.626314  0.541271  0.718709  0.453532  0.587122  0.558307  0.645999  0.709301  0.699573  0.728858  0.777859  0.614624  0.463691  0.746266  0.657648  0.813624  0.652986  0.852819  0.699606  0.503886  0.642929  0.824346  0.587216  0.719932  0.717478  0.609978  0.570527  0.566234  0.729975  0.664384  0.544672  0.777299  0.673063  0.722412 
8  0.659669  0.445200  0.609530  0.662907  0.765181  0.726965  0.626550  0.626586 0.0  0.781646  0.648508  0.715909  0.649782  0.839127  0.559453  0.780588  0.734010  0.763586  0.753790  0.774951  0.716559  0.783233  0.736223  0.707570  0.801253  0.812331  0.809323  0.729550  0.802067  0.506359  0.656351  0.686199  0.506952  0.745869  0.755993  0.668067  0.785386  0.733050  0.591465  0.627456  0.444359  0.394376  0.797160  0.426568  0.645783  0.635909  0.736918  0.641445  0.656976  0.690198  0.660107  0.755129  0.555342  0.670869  0.789230  0.535584  0.641369  0.722349  0.597844  0.649721  0.678353  0.610731  0.723216  0.805895  0.800041  0.810904  0.673168  0.688993  0.668017  0.759496  0.768747  0.724128  0.840999  0.757739  0.631919  0.607312  0.820881  0.754630  0.732136  0.643247  0.610429  0.723535  0.654500  0.822769  0.916461  0.715708  0.823454  0.569363  0.782389 
9  0.733186  0.868815  0.879643  0.848652  0.810637  0.659712  0.797181  0.868676  0.781646 0.0  0.746358  0.722603  0.881436  0.608284  0.918969  0.629810  0.836030  0.645015  0.802607  0.725937  0.707171  0.634036  0.724075  0.833641  0.441449  0.714225  0.887575  0.799322  0.624514  0.873580  0.785274  0.760712  0.826021  0.828817  0.768227  0.593296  0.501718  0.733948  0.824618  0.833038  0.798281  0.796943  0.567420  0.772360  0.775697  0.916070  0.801682  0.838633  0.757161  0.604134  0.712423  0.792243  0.777205  0.861189  0.676473  0.821907  0.827331  0.701707  0.790573  0.775395  0.769205  0.831393  0.664860  0.532536  0.173612  0.422150  0.814600  0.705710  0.727294  0.796397  0.697965  0.754816  0.550002  0.608336  0.825656  0.819038  0.669091  0.760135  0.692083  0.731736  0.692318  0.642610  0.720986  0.522604  0.477699  0.613126  0.500928  0.754424  0.537689 
10  0.466167  0.639596  0.423282  0.404020  0.351718  0.561238  0.600978  0.566573  0.648508  0.746358 0.0  0.695605  0.520468  0.693717  0.523879  0.684857  0.795681  0.704565  0.511448  0.652796  0.431151  0.753630  0.187133  0.600776  0.686231  0.578164  0.829751  0.646870  0.775076  0.708329  0.628462  0.458020  0.676243  0.698189  0.613750  0.734101  0.695127  0.585576  0.589232  0.711060  0.624529  0.709738  0.744238  0.760515  0.643049  0.686989  0.569693  0.625805  0.465110  0.698284  0.347364  0.528356  0.742138  0.762746  0.748543  0.577346  0.013842  0.628354  0.615215  0.652432  0.493850  0.561644  0.548046  0.724883  0.748777  0.705037  0.616014  0.563124  0.437685  0.564418  0.766144  0.728364  0.813850  0.709448  0.611058  0.636679  0.682796  0.458073  0.662471  0.631036  0.715878  0.605240  0.484527  0.798717  0.696870  0.646433  0.927439  0.720875  0.694894 
11  0.792070  0.782009  0.871521  0.643330  0.723031  0.486314  0.654626  0.624318  0.715909  0.722603  0.695605 0.0  0.675267  0.505211  0.618608  0.552633  0.862479  0.376880  0.641239  0.537316  0.721657  0.505925  0.649283  0.733524  0.637659  0.201125  0.813018  0.533080  0.600839  0.860151  0.719557  0.606561  0.728866  0.754518  0.449975  0.436897  0.586080  0.691507  0.604883  0.892817  0.742070  0.751375  0.709517  0.727232  0.666804  0.639826  0.487521  0.738462  0.674433  0.404488  0.658777  0.658932  0.680311  0.812740  0.519048  0.689032  0.561799  0.466316  0.779310  0.678278  0.650718  0.678138  0.422158  0.557321  0.777137  0.659125  0.746635  0.724561  0.882973  0.716408  0.447616  0.514253  0.647373  0.424082  0.675692  0.461624  0.513045  0.621912  0.078038  0.463625  0.417453  0.564289  0.643510  0.676611  0.719698  0.332213  0.664198  0.750653  0.561815 
12  0.485962  0.570571  0.536359  0.508972  0.628905  0.592030  0.639969  0.571295  0.649782  0.881436  0.520468  0.675267 0.0  0.773057  0.518772  0.788240  0.792183  0.772153  0.690186  0.683466  0.549206  0.747480  0.626620  0.691649  0.723205  0.680530  0.851592  0.658771  0.820414  0.627762  0.616466  0.630718  0.518867  0.714110  0.688919  0.725161  0.724584  0.703944  0.517016  0.802335  0.601760  0.479475  0.883799  0.494971  0.473521  0.510300  0.612975  0.645562  0.658529  0.800188  0.712948  0.559724  0.659624  0.794879  0.700542  0.562077  0.592074  0.664481  0.580654  0.594337  0.569428  0.630461  0.684053  0.909556  0.803491  0.775372  0.592126  0.608286  0.657628  0.643343  0.889120  0.716186  0.879324  0.743813  0.512312  0.681455  0.738692  0.654176  0.731910  0.651735  0.658873  0.709887  0.616957  0.817127  0.790166  0.781429  0.671275  0.783493  0.640150 
13  0.680950  0.741499  0.687345  0.845260  0.689399  0.653916  0.695110  0.783953  0.839127  0.608284  0.693717  0.505211  0.773057 0.0  0.691155  0.721297  0.877938  0.561929  0.715896  0.608728  0.637547  0.264587  0.733958  0.784607  0.574550  0.630225  0.891116  0.554022  0.494068  0.819595  0.795909  0.668545  0.843762  0.664894  0.647035  0.609039  0.521318  0.776750  0.612200  0.740985  0.793727  0.769823  0.567308  0.832946  0.733530  0.823589  0.594971  0.752545  0.733431  0.620735  0.671328  0.693547  0.742856  0.851043  0.314609  0.658329  0.709870  0.611796  0.827216  0.753821  0.750627  0.815501  0.611522  0.527304  0.576862  0.609264  0.769344  0.698859  0.650554  0.780838  0.332860  0.666619  0.496561  0.614503  0.658843  0.611322  0.560335  0.824574  0.564440  0.690666  0.675782  0.684749  0.656986  0.555942  0.509908  0.587395  0.578269  0.858113  0.459659 
14  0.274951  0.693633  0.442739  0.248471  0.352289  0.630479  0.587164  0.561547  0.559453  0.918969  0.523879  0.618608  0.518772  0.691155 0.0  0.604923  0.637511  0.635566  0.470935  0.639333  0.498239  0.683769  0.478538  0.587610  0.748539  0.543628  0.815405  0.530232  0.733392  0.645403  0.476908  0.597137  0.569461  0.663058  0.702593  0.636715  0.834112  0.676520  0.443347  0.663640  0.656165  0.667596  0.735762  0.659552  0.630718  0.556438  0.669963  0.538188  0.288181  0.688594  0.457314  0.343772  0.614291  0.771594  0.749419  0.577472  0.462567  0.633786  0.499527  0.300494  0.373813  0.508025  0.687448  0.760239  0.678769  0.733485  0.602140  0.544283  0.489153  0.595191  0.701537  0.680935  0.777391  0.570931  0.455358  0.555523  0.764288  0.587219  0.683178  0.695491  0.658847  0.618855  0.641469  0.733587  0.755610  0.693149  0.763547  0.692233  0.733947 
15  0.676740  0.774153  0.650398  0.665201  0.658020  0.301661  0.740786  0.690571  0.780588  0.629810  0.684857  0.552633  0.788240  0.721297  0.604923 0.0  0.755486  0.459763  0.617059  0.360411  0.644602  0.555163  0.702693  0.628945  0.591090  0.317719  0.802430  0.395101  0.613191  0.856540  0.732940  0.562578  0.716692  0.683112  0.314249  0.563572  0.717448  0.731825  0.600162  0.815328  0.882961  0.692129  0.618977  0.629641  0.625426  0.702489  0.455513  0.651347  0.687413  0.561840  0.680386  0.663292  0.645837  0.876213  0.621411  0.711916  0.703159  0.415631  0.612482  0.596412  0.698764  0.739206  0.239058  0.663681  0.666517  0.727996  0.799099  0.541555  0.643382  0.773940  0.674959  0.285286  0.771268  0.446477  0.691573  0.515274  0.624831  0.514193  0.571391  0.402099  0.196875  0.595715  0.634474  0.723943  0.631917  0.514823  0.691057  0.714342  0.604764 
16  0.752238  0.732233  0.780261  0.763130  0.853534  0.812855  0.752997  0.745338  0.734010  0.836030  0.795681  0.862479  0.792183  0.877938  0.637511  0.755486 0.0  0.847860  0.854807  0.872790  0.738959  0.842801  0.702220  0.729075  0.803883  0.771753  0.558946  0.802190  0.876771  0.646629  0.729483  0.844045  0.712096  0.731983  0.815494  0.791022  0.681931  0.820203  0.779273  0.907540  0.807527  0.725582  0.885536  0.616198  0.791209  0.715833  0.814860  0.644553  0.816978  0.790972  0.687603  0.749119  0.782725  0.672348  0.826813  0.778174  0.683639  0.931119  0.782538  0.841275  0.753054  0.764686  0.828119  0.813342  0.811914  0.884981  0.696870  0.910636  0.751067  0.605789  0.778293  0.776722  0.840878  0.840333  0.818776  0.803732  0.960520  0.673544  0.795474  0.831414  0.863394  0.870068  0.820437  0.874650  0.814957  0.783298  0.887190  0.647537  0.886167 
17  0.662207  0.850497  0.638118  0.544501  0.691723  0.531059  0.760982  0.706587  0.763586  0.645015  0.704565  0.376880  0.772153  0.561929  0.635566  0.459763  0.847860 0.0  0.618463  0.551389  0.658913  0.541085  0.634714  0.591120  0.635012  0.431669  0.778412  0.387913  0.554873  0.737296  0.746890  0.590324  0.786490  0.709933  0.424101  0.531814  0.687529  0.661213  0.748300  0.793806  0.848698  0.734126  0.677209  0.726521  0.745553  0.766711  0.519042  0.673028  0.691696  0.340332  0.672996  0.541032  0.715699  0.883090  0.563958  0.739498  0.674052  0.154341  0.740385  0.642164  0.736517  0.681791  0.383986  0.747668  0.702137  0.637519  0.784804  0.659243  0.727875  0.753076  0.601817  0.571566  0.618600  0.242554  0.702410  0.407924  0.687256  0.606568  0.406932  0.285250  0.445471  0.615532  0.634207  0.583649  0.686228  0.360245  0.635410  0.826786  0.650428 
18  0.516447  0.687078  0.698966  0.537058  0.378702  0.474756  0.612253  0.576042  0.753790  0.802607  0.511448  0.641239  0.690186  0.715896  0.470935  0.617059  0.854807  0.618463 0.0  0.372514  0.627038  0.760646  0.534908  0.129313  0.710320  0.592393  0.707795  0.593248  0.769382  0.612597  0.599366  0.358768  0.695188  0.725210  0.557915  0.621678  0.617470  0.662756  0.524875  0.772628  0.721801  0.721289  0.732305  0.744565  0.570108  0.681855  0.405268  0.580846  0.571781  0.697988  0.645791  0.561796  0.547625  0.778598  0.640530  0.698472  0.708768  0.522655  0.653399  0.567669  0.659772  0.666095  0.560581  0.716526  0.819459  0.652845  0.792859  0.560751  0.535759  0.737542  0.634824  0.608315  0.691324  0.542861  0.599676  0.509818  0.713625  0.372406  0.750400  0.580146  0.511365  0.464434  0.601524  0.729841  0.904405  0.601139  0.818238  0.721604  0.766844 
19  0.635589  0.773248  0.649043  0.599880  0.735735  0.202508  0.673609  0.688551  0.774951  0.725937  0.652796  0.537316  0.683466  0.608728  0.639333  0.360411  0.872790  0.551389  0.372514 0.0  0.596389  0.634730  0.665558  0.452383  0.674942  0.523568  0.801024  0.423442  0.572652  0.764616  0.587827  0.410006  0.637886  0.789148  0.313983  0.631412  0.647824  0.750193  0.517342  0.729751  0.735010  0.687794  0.712994  0.780309  0.615956  0.812278  0.294879  0.654888  0.688314  0.545029  0.644747  0.613645  0.574464  0.871488  0.663307  0.688885  0.698153  0.407948  0.470163  0.545865  0.710369  0.698329  0.521880  0.678630  0.699237  0.698475  0.728792  0.546919  0.639150  0.721829  0.498574  0.457651  0.647710  0.512344  0.586147  0.395958  0.636045  0.519258  0.513139  0.417314  0.446507  0.562909  0.668785  0.682337  0.678729  0.496059  0.693126  0.805042  0.674876 
20  0.484187  0.659150  0.409874  0.433951  0.442802  0.607235  0.770659  0.662992  0.716559  0.707171  0.431151  0.721657  0.549206  0.637547  0.498239  0.644602  0.738959  0.658913  0.627038  0.596389 0.0  0.702765  0.302836  0.512511  0.837796  0.734015  0.824082  0.716037  0.775122  0.609726  0.445091  0.572550  0.535768  0.565334  0.572852  0.698179  0.757751  0.631949  0.651254  0.700851  0.726855  0.629416  0.658448  0.584832  0.553055  0.517874  0.612459  0.426596  0.527375  0.646503  0.245319  0.550718  0.598495  0.681902  0.767160  0.537502  0.218644  0.689678  0.610775  0.444012  0.423247  0.383918  0.695589  0.782856  0.725751  0.732107  0.464832  0.489699  0.600926  0.633535  0.645055  0.669037  0.706626  0.634272  0.522555  0.593274  0.684350  0.572551  0.650608  0.655153  0.634409  0.535562  0.558024  0.701879  0.741953  0.623944  0.760756  0.715749  0.863127 
21  0.796807  0.808872  0.743801  0.707668  0.717979  0.627712  0.755659  0.794115  0.783233  0.634036  0.753630  0.505925  0.747480  0.264587  0.683769  0.555163  0.842801  0.541085  0.760646  0.634730  0.702765 0.0  0.655706  0.636133  0.405312  0.539648  0.782820  0.599669  0.240083  0.797396  0.739917  0.626184  0.883378  0.690813  0.549011  0.471277  0.478759  0.750792  0.739666  0.802922  0.779477  0.881758  0.579816  0.845800  0.741539  0.762341  0.717628  0.818682  0.695016  0.680202  0.722333  0.778509  0.709106  0.895022  0.158943  0.726647  0.661338  0.644616  0.733894  0.648218  0.722159  0.770173  0.607456  0.437774  0.579807  0.467060  0.642244  0.687798  0.755669  0.740788  0.282564  0.788061  0.491217  0.542728  0.725551  0.641811  0.531496  0.680186  0.517774  0.619574  0.702759  0.666268  0.751912  0.454717  0.469288  0.612351  0.512441  0.862121  0.417464 
22  0.561206  0.707527  0.584484  0.461654  0.372115  0.569738  0.543908  0.628054  0.736223  0.724075  0.187133  0.649283  0.626620  0.733958  0.478538  0.702693  0.702220  0.634714  0.534908  0.665558  0.302836  0.655706 0.0  0.536837  0.726150  0.677721  0.809851  0.642238  0.735107  0.652703  0.543329  0.606847  0.657173  0.581776  0.573253  0.763841  0.732850  0.615542  0.558156  0.652554  0.655513  0.659873  0.778010  0.695098  0.621946  0.766763  0.528650  0.506848  0.551826  0.607799  0.374555  0.401550  0.640799  0.762122  0.775123  0.565308  0.200449  0.725336  0.425990  0.592216  0.367910  0.576350  0.687670  0.745677  0.739732  0.671071  0.715131  0.574327  0.476519  0.669586  0.692357  0.622602  0.682340  0.623160  0.632844  0.766100  0.658272  0.488436  0.744889  0.684174  0.602602  0.592436  0.434266  0.781705  0.803268  0.494254  0.644433  0.736928  0.779737 
23  0.534403  0.756625  0.727024  0.449378  0.576908  0.510502  0.804495  0.562890  0.707570  0.833641  0.600776  0.733524  0.691649  0.784607  0.587610  0.628945  0.729075  0.591120  0.129313  0.452383  0.512511  0.636133  0.536837 0.0  0.800935  0.566965  0.787109  0.509610  0.661960  0.632821  0.582442  0.397646  0.688211  0.648168  0.590267  0.714380  0.839622  0.598512  0.587764  0.793504  0.738492  0.667028  0.773510  0.567770  0.527321  0.664260  0.547161  0.666278  0.536284  0.551617  0.713039  0.482214  0.497872  0.923789  0.773475  0.602929  0.472910  0.600547  0.559668  0.556578  0.588625  0.629373  0.660294  0.827167  0.882314  0.705614  0.635063  0.475742  0.650482  0.658170  0.622236  0.524812  0.728576  0.545655  0.583282  0.610369  0.644059  0.529040  0.678174  0.562314  0.528709  0.585552  0.540272  0.527695  0.790511  0.656989  0.733019  0.775415  0.751649 
24  0.744150  0.740673  0.751017  0.859082  0.811017  0.752321  0.828255  0.744550  0.801253  0.441449  0.686231  0.637659  0.723205  0.574550  0.748539  0.591090  0.803883  0.635012  0.710320  0.674942  0.837796  0.405312  0.726150  0.800935 0.0  0.677575  0.976601  0.643187  0.478509  0.761731  0.740457  0.764613  0.793512  0.907175  0.622182  0.629520  0.461979  0.799919  0.750642  0.839822  0.783499  0.794520  0.395395  0.836128  0.737510  0.828463  0.703737  0.794058  0.800873  0.622671  0.756607  0.811013  0.799771  0.793643  0.529909  0.917088  0.748322  0.635477  0.729233  0.766220  0.713520  0.781790  0.628893  0.453119  0.551772  0.212781  0.905764  0.782828  0.727695  0.773404  0.486460  0.662015  0.241096  0.574130  0.818757  0.612262  0.578261  0.691097  0.719474  0.676632  0.602473  0.715622  0.714866  0.127512  0.012961  0.624364  0.328693  0.873509  0.438451 
25  0.711317  0.811372  0.666143  0.625144  0.590899  0.576873  0.676031  0.594665  0.812331  0.714225  0.578164  0.201125  0.680530  0.630225  0.543628  0.317719  0.771753  0.431669  0.592393  0.523568  0.734015  0.539648  0.677721  0.566965  0.677575 0.0  0.851833  0.441561  0.644163  0.663986  0.628676  0.617951  0.715066  0.735437  0.451481  0.299461  0.609761  0.776347  0.641161  0.752256  0.664553  0.638073  0.508791  0.690034  0.772655  0.696208  0.557884  0.733478  0.565460  0.444203  0.683481  0.723643  0.595462  0.751268  0.498022  0.725017  0.742612  0.350761  0.595552  0.680928  0.672796  0.683539  0.471426  0.581243  0.685055  0.626238  0.820355  0.703409  0.660016  0.698678  0.618892  0.447834  0.595806  0.358444  0.650747  0.521008  0.683599  0.636812  0.363154  0.369578  0.397041  0.649726  0.655809  0.624083  0.611853  0.429379  0.601792  0.765901  0.609996 
26  0.744881  0.713148  0.833116  0.808275  0.666218  0.835401  0.833880  0.804602  0.809323  0.887575  0.829751  0.813018  0.851592  0.891116  0.815405  0.802430  0.558946  0.778412  0.707795  0.801024  0.824082  0.782820  0.809851  0.787109  0.976601  0.851833 0.0  0.857284  0.818553  0.692322  0.778820  0.794837  0.784498  0.816027  0.851412  0.821186  1.000000  0.797459  0.817047  0.858971  0.875781  0.760763  0.994619  0.731354  0.882695  0.779529  0.742643  0.757151  0.778653  0.772671  0.736504  0.749258  0.823914  0.595366  0.793797  0.684396  0.776598  0.889285  0.719573  0.763310  0.768969  0.734630  0.864841  0.894694  0.891504  0.776755  0.806685  0.729925  0.608034  0.704506  0.947178  0.870045  0.862975  0.857285  0.760693  0.765314  0.883581  0.754615  0.929584  0.805749  0.855973  0.806021  0.651867  0.847414  0.865664  0.843934  0.802500  0.622221  0.837672 
27  0.719093  0.758382  0.741392  0.665557  0.629717  0.402224  0.756726  0.678054  0.729550  0.799322  0.646870  0.533080  0.658771  0.554022  0.530232  0.395101  0.802190  0.387913  0.593248  0.423442  0.716037  0.599669  0.642238  0.509610  0.643187  0.441561  0.857284 0.0  0.614129  0.775119  0.690001  0.734877  0.655661  0.735986  0.308769  0.610135  0.673334  0.726613  0.599536  0.814076  0.744351  0.784209  0.641318  0.720136  0.805766  0.835729  0.402593  0.608496  0.647930  0.519616  0.723053  0.571743  0.684140  0.657634  0.620282  0.760194  0.693449  0.304855  0.688076  0.685883  0.606899  0.700474  0.000000  0.735839  0.743788  0.668580  0.767863  0.615798  0.674943  0.650529  0.567780  0.281438  0.594511  0.307897  0.558720  0.390183  0.671206  0.593495  0.484935  0.226190  0.292048  0.508853  0.534936  0.712452  0.703396  0.428191  0.661948  0.801007  0.571806 
28  0.712401  0.810878  0.701974  0.754648  0.812991  0.679703  0.830767  0.731191  0.802067  0.624514  0.775076  0.600839  0.820414  0.494068  0.733392  0.613191  0.876771  0.554873  0.769382  0.572652  0.775122  0.240083  0.735107  0.661960  0.478509  0.644163  0.818553  0.614129 0.0  0.762701  0.482061  0.681788  0.755385  0.793779  0.619690  0.495696  0.498885  0.777717  0.790137  0.765912  0.704598  0.862309  0.479680  0.691471  0.844179  0.785419  0.785239  0.825859  0.703947  0.556200  0.756819  0.812203  0.727313  0.837258  0.388476  0.850036  0.779438  0.748339  0.778970  0.810570  0.781567  0.716799  0.708714  0.463585  0.559100  0.503761  0.854354  0.725388  0.780366  0.787539  0.336046  0.646592  0.488970  0.651268  0.720079  0.642715  0.553335  0.694830  0.523262  0.556203  0.656606  0.716774  0.716662  0.550510  0.536119  0.673822  0.448770  0.805550  0.330008 
29  0.604831  0.355399  0.546285  0.652340  0.745436  0.766507  0.634809  0.665945  0.506359  0.873580  0.708329  0.860151  0.627762  0.819595  0.645403  0.856540  0.646629  0.737296  0.612597  0.764616  0.609726  0.797396  0.652703  0.632821  0.761731  0.663986  0.692322  0.775119  0.762701 0.0  0.600305  0.698244  0.659098  0.723514  0.738952  0.685938  0.787794  0.780144  0.648806  0.609172  0.617783  0.590491  0.816421  0.597420  0.739771  0.500761  0.719365  0.597630  0.724019  0.779118  0.805515  0.704540  0.709293  0.586400  0.687688  0.540713  0.696977  0.848728  0.585317  0.590181  0.714609  0.602197  0.712402  0.848113  0.756217  0.905852  0.616180  0.665694  0.619619  0.664444  0.767263  0.711448  0.848244  0.731729  0.614479  0.702736  0.688587  0.775922  0.775967  0.657140  0.687000  0.716202  0.605674  0.770208  0.792820  0.796598  0.813001  0.512321  0.858492 
30  0.432070  0.639271  0.417654  0.498938  0.540623  0.648646  0.525816  0.558347  0.656351  0.785274  0.628462  0.719557  0.616466  0.795909  0.476908  0.732940  0.729483  0.746890  0.599366  0.587827  0.445091  0.739917  0.543329  0.582442  0.740457  0.628676  0.778820  0.690001  0.482061  0.600305 0.0  0.536992  0.585334  0.699800  0.692266  0.784602  0.730632  0.624063  0.466783  0.710881  0.593805  0.702018  0.810140  0.703398  0.438678  0.507640  0.647141  0.326940  0.523583  0.779126  0.532142  0.517702  0.503028  0.733537  0.729933  0.490257  0.641396  0.644455  0.497063  0.556820  0.531856  0.487801  0.714536  0.741646  0.715534  0.838654  0.645161  0.499657  0.502913  0.681613  0.718181  0.658124  0.744676  0.672197  0.544204  0.676489  0.763786  0.603803  0.765572  0.686824  0.862103  0.654410  0.572760  0.830385  0.848850  0.609467  0.699419  0.663561  0.902442 
31  0.533423  0.635445  0.634119  0.536791  0.371288  0.459340  0.726668  0.545889  0.686199  0.760712  0.458020  0.606561  0.630718  0.668545  0.597137  0.562578  0.844045  0.590324  0.358768  0.410006  0.572550  0.626184  0.606847  0.397646  0.764613  0.617951  0.794837  0.734877  0.681788  0.698244  0.536992 0.0  0.674048  0.737923  0.532900  0.705971  0.787553  0.718828  0.403424  0.706845  0.646239  0.617903  0.643896  0.611553  0.472632  0.624869  0.565419  0.596645  0.490607  0.607223  0.523166  0.443090  0.528012  0.823401  0.703096  0.685154  0.595237  0.684194  0.491393  0.539091  0.471387  0.659471  0.586302  0.635604  0.737529  0.820440  0.714672  0.460125  0.682818  0.743972  0.616460  0.504740  0.627247  0.588892  0.567018  0.614407  0.729499  0.518924  0.590803  0.619440  0.502734  0.522152  0.706045  0.740393  0.752780  0.647118  0.708914  0.781897  0.772405 
32  0.553025  0.559528  0.624156  0.666598  0.654472  0.739117  0.722609  0.660509  0.506952  0.826021  0.676243  0.728866  0.518867  0.843762  0.569461  0.716692  0.712096  0.786490  0.695188  0.637886  0.535768  0.883378  0.657173  0.688211  0.793512  0.715066  0.784498  0.655661  0.755385  0.659098  0.585334  0.674048 0.0  0.717395  0.726794  0.775561  0.799067  0.741380  0.667052  0.536209  0.444991  0.261446  0.847776  0.486405  0.452957  0.648087  0.665990  0.538602  0.659922  0.792107  0.659516  0.623742  0.582328  0.855392  0.826498  0.558155  0.747063  0.728355  0.634302  0.567411  0.670879  0.541434  0.700281  0.803689  0.849635  0.763851  0.598612  0.522428  0.726201  0.693521  0.790291  0.779497  0.926319  0.744867  0.585432  0.864542  0.704323  0.729490  0.752621  0.737457  0.648298  0.721317  0.644372  0.794755  0.807338  0.660995  0.806421  0.603477  0.855760 
33  0.555238  0.637654  0.630881  0.597138  0.481534  0.631375  0.670306  0.575488  0.745869  0.828817  0.698189  0.754518  0.714110  0.664894  0.663058  0.683112  0.731983  0.709933  0.725210  0.789148  0.565334  0.690813  0.581776  0.648168  0.907175  0.735437  0.816027  0.735986  0.793779  0.723514  0.699800  0.737923  0.717395 0.0  0.697815  0.660619  0.710335  0.307589  0.633070  0.838184  0.753382  0.742295  0.777313  0.691303  0.695093  0.567713  0.662359  0.630286  0.572753  0.774786  0.599237  0.752456  0.666220  0.702636  0.753358  0.627293  0.664400  0.808424  0.598548  0.591295  0.631336  0.654420  0.838787  0.739818  0.804288  0.770921  0.626144  0.652431  0.614489  0.481875  0.833068  0.710814  0.885911  0.664497  0.701524  0.731414  0.757519  0.592411  0.736719  0.702726  0.663940  0.499306  0.711627  0.776979  0.761086  0.716640  0.819940  0.738745  0.799434 
34  0.673118  0.732991  0.643488  0.610814  0.629333  0.324657  0.697916  0.694831  0.755993  0.768227  0.613750  0.449975  0.688919  0.647035  0.702593  0.314249  0.815494  0.424101  0.557915  0.313983  0.572852  0.549011  0.573253  0.590267  0.622182  0.451481  0.851412  0.308769  0.619690  0.738952  0.692266  0.532900  0.726794  0.697815 0.0  0.606850  0.687004  0.712345  0.637340  0.677419  0.737929  0.743692  0.634154  0.739204  0.706990  0.807513  0.339527  0.573788  0.707379  0.417700  0.663046  0.631026  0.565288  0.706214  0.626846  0.746356  0.695326  0.338290  0.675852  0.520016  0.689536  0.761323  0.146030  0.732020  0.667322  0.765627  0.695636  0.521088  0.665577  0.796495  0.615604  0.264533  0.598513  0.299860  0.599062  0.429824  0.582033  0.581753  0.478795  0.275766  0.049771  0.576251  0.553069  0.505774  0.662361  0.489802  0.628366  0.756723  0.592220 
35  0.716929  0.785235  0.716763  0.717926  0.621047  0.540018  0.728097  0.720832  0.668067  0.593296  0.734101  0.436897  0.725161  0.609039  0.636715  0.563572  0.791022  0.531814  0.621678  0.631412  0.698179  0.471277  0.763841  0.714380  0.629520  0.299461  0.821186  0.610135  0.495696  0.685938  0.784602  0.705971  0.775561  0.660619  0.606850 0.0  0.592566  0.725831  0.718099  0.813598  0.723216  0.880272  0.614265  0.755418  0.619344  0.861402  0.505407  0.671078  0.638832  0.224856  0.669763  0.618871  0.678781  0.856610  0.596262  0.824868  0.747174  0.530389  0.704189  0.700059  0.673525  0.778950  0.465580  0.492233  0.656727  0.601742  0.797541  0.740202  0.704272  0.954776  0.541504  0.568024  0.548622  0.482585  0.672005  0.513601  0.459834  0.592133  0.410376  0.553931  0.615057  0.627486  0.682356  0.591947  0.548926  0.522296  0.597316  0.795546  0.646562 
36  0.818917  0.832384  0.807934  0.786574  0.772110  0.682233  0.801173  0.714409  0.785386  0.501718  0.695127  0.586080  0.724584  0.521318  0.834112  0.717448  0.681931  0.687529  0.617470  0.647824  0.757751  0.478759  0.732850  0.839622  0.461979  0.609761  1.000000  0.673334  0.498885  0.787794  0.730632  0.787553  0.799067  0.710335  0.687004  0.592566 0.0  0.725216  0.809364  0.807857  0.786705  0.750847  0.516614  0.713988  0.733959  0.681320  0.588005  0.817259  0.855501  0.569936  0.741509  0.695968  0.744304  0.845402  0.305226  0.760964  0.867954  0.653257  0.803872  0.802901  0.643997  0.713634  0.768732  0.315219  0.499102  0.499067  0.775109  0.754760  0.761493  0.951746  0.546357  0.605367  0.242849  0.566480  0.765982  0.564662  0.497235  0.760052  0.601164  0.658013  0.583662  0.702958  0.748158  0.320623  0.395790  0.628562  0.325310  0.894352  0.106854 
37  0.650880  0.633678  0.608796  0.655929  0.495304  0.753303  0.601734  0.639535  0.733050  0.733948  0.585576  0.691507  0.703944  0.776750  0.676520  0.731825  0.820203  0.661213  0.662756  0.750193  0.631949  0.750792  0.615542  0.598512  0.799919  0.776347  0.797459  0.726613  0.777717  0.780144  0.624063  0.718828  0.741380  0.307589  0.712345  0.725831  0.725216 0.0  0.675448  0.789301  0.714233  0.787792  0.667533  0.715099  0.637116  0.704629  0.720410  0.672946  0.623726  0.659696  0.524389  0.636500  0.663302  0.655930  0.745364  0.628324  0.604375  0.676835  0.665632  0.698914  0.582749  0.582708  0.657847  0.734102  0.727181  0.764254  0.592538  0.638942  0.579763  0.492537  0.751234  0.677921  0.693863  0.714468  0.630504  0.638626  0.782777  0.649160  0.719218  0.735491  0.635430  0.557997  0.556062  0.740746  0.842150  0.686262  0.774073  0.696481  0.821087 
38  0.494011  0.603477  0.705201  0.553182  0.490563  0.642160  0.653761  0.558586  0.591465  0.824618  0.589232  0.604883  0.517016  0.612200  0.443347  0.600162  0.779273  0.748300  0.524875  0.517342  0.651254  0.739666  0.558156  0.587764  0.750642  0.641161  0.817047  0.599536  0.790137  0.648806  0.466783  0.403424  0.667052  0.633070  0.637340  0.718099  0.809364  0.675448 0.0  0.757199  0.528688  0.716931  0.758264  0.648164  0.334383  0.773865  0.512137  0.616684  0.436737  0.583514  0.587587  0.501608  0.437603  0.711482  0.717823  0.640652  0.563758  0.676082  0.496350  0.531768  0.511785  0.560234  0.721176  0.747542  0.772150  0.734413  0.672259  0.339280  0.582879  0.612821  0.671946  0.568210  0.731081  0.688163  0.335384  0.678772  0.665010  0.467475  0.664675  0.604193  0.686440  0.558222  0.492464  0.798426  0.686822  0.690152  0.710596  0.701360  0.701703 
39  0.745818  0.743567  0.714457  0.734816  0.759365  0.708117  0.733927  0.728087  0.627456  0.833038  0.711060  0.892817  0.802335  0.740985  0.663640  0.815328  0.907540  0.793806  0.772628  0.729751  0.700851  0.802922  0.652554  0.793504  0.839822  0.752256  0.858971  0.814076  0.765912  0.609172  0.710881  0.706845  0.536209  0.838184  0.677419  0.813598  0.807857  0.789301  0.757199 0.0  0.697563  0.699223  0.756128  0.757492  0.717950  0.765878  0.827334  0.647540  0.794698  0.675147  0.844564  0.717841  0.691378  0.813786  0.749757  0.653605  0.786325  0.767670  0.700787  0.670301  0.744242  0.725549  0.837533  0.823870  0.884264  0.854545  0.783742  0.683719  0.620012  0.800634  0.760438  0.800410  0.792471  0.815774  0.722696  0.785517  0.823715  0.809121  0.830117  0.845180  0.687714  0.875250  0.742279  0.821479  0.753235  0.775054  0.924912  0.670030  0.774035 
40  0.602808  0.603171  0.664178  0.644748  0.572260  0.731812  0.538895  0.637445  0.444359  0.798281  0.624529  0.742070  0.601760  0.793727  0.656165  0.882961  0.807527  0.848698  0.721801  0.735010  0.726855  0.779477  0.655513  0.738492  0.783499  0.664553  0.875781  0.744351  0.704598  0.617783  0.593805  0.646239  0.444991  0.753382  0.737929  0.723216  0.786705  0.714233  0.528688  0.697563 0.0  0.367640  0.758954  0.521796  0.555542  0.721171  0.702456  0.657715  0.712581  0.809276  0.663633  0.680947  0.597080  0.853384  0.739187  0.529473  0.732539  0.781525  0.585319  0.682982  0.713093  0.709336  0.741888  0.857676  0.793054  0.771209  0.745276  0.735480  0.650930  0.814519  0.763136  0.624596  0.819444  0.700044  0.682077  0.732903  0.786189  0.741839  0.787211  0.727390  0.786295  0.800868  0.772679  0.784722  0.770247  0.786235  0.827850  0.677058  0.786362 
41  0.590653  0.597121  0.668331  0.655189  0.725144  0.613280  0.563154  0.609584  0.394376  0.796943  0.709738  0.751375  0.479475  0.769823  0.667596  0.692129  0.725582  0.734126  0.721289  0.687794  0.629416  0.881758  0.659873  0.667028  0.794520  0.638073  0.760763  0.784209  0.862309  0.590491  0.702018  0.617903  0.261446  0.742295  0.743692  0.880272  0.750847  0.787792  0.716931  0.699223  0.367640 0.0  0.791154  0.368419  0.595524  0.669370  0.719180  0.679435  0.657595  0.850790  0.582155  0.634898  0.685479  0.733294  0.793284  0.497965  0.675671  0.723655  0.576306  0.574629  0.697698  0.650409  0.682814  0.835378  0.803892  0.819838  0.664271  0.588538  0.521526  0.600533  0.763875  0.776026  0.774863  0.812181  0.708039  0.906824  0.826787  0.732023  0.783047  0.738860  0.615165  0.725513  0.751373  0.835080  0.865269  0.697551  0.739187  0.618131  0.931330 
42  0.740306  0.746352  0.689818  0.754957  0.744769  0.782697  0.819186  0.758849  0.797160  0.567420  0.744238  0.709517  0.883799  0.567308  0.735762  0.618977  0.885536  0.677209  0.732305  0.712994  0.658448  0.579816  0.778010  0.773510  0.395395  0.508791  0.994619  0.641318  0.479680  0.816421  0.810140  0.643896  0.847776  0.777313  0.634154  0.614265  0.516614  0.667533  0.758264  0.756128  0.758954  0.791154 0.0  0.771872  0.828514  0.807603  0.744724  0.736514  0.743772  0.626654  0.846490  0.818521  0.747484  0.833946  0.590382  0.836613  0.787573  0.663367  0.676695  0.855103  0.789138  0.759796  0.702453  0.477024  0.420776  0.349604  0.763255  0.748674  0.675802  0.838391  0.538222  0.699279  0.446302  0.655580  0.698920  0.643810  0.468696  0.692757  0.636921  0.630356  0.678091  0.751305  0.787243  0.495342  0.478033  0.608858  0.568380  0.752339  0.474998 
43  0.625905  0.438918  0.691710  0.574548  0.684672  0.713745  0.657121  0.535410  0.426568  0.772360  0.760515  0.727232  0.494971  0.832946  0.659552  0.629641  0.616198  0.726521  0.744565  0.780309  0.584832  0.845800  0.695098  0.567770  0.836128  0.690034  0.731354  0.720136  0.691471  0.597420  0.703398  0.611553  0.486405  0.691303  0.739204  0.755418  0.713988  0.715099  0.648164  0.757492  0.521796  0.368419  0.771872 0.0  0.580178  0.647843  0.750024  0.616816  0.563863  0.696550  0.729820  0.512995  0.636330  0.754135  0.786415  0.558142  0.682502  0.765329  0.488049  0.613557  0.591348  0.542336  0.761849  0.832087  0.776106  0.835674  0.624180  0.635086  0.584724  0.698110  0.717147  0.830114  0.686714  0.628388  0.551009  0.839725  0.751849  0.677676  0.813316  0.710353  0.857437  0.695794  0.667913  0.812557  0.783476  0.712365  0.871804  0.582723  0.796308 
44  0.513208  0.575705  0.668969  0.516925  0.679889  0.614967  0.654825  0.396793  0.645783  0.775697  0.643049  0.666804  0.473521  0.733530  0.630718  0.625426  0.791209  0.745553  0.570108  0.615956  0.553055  0.741539  0.621946  0.527321  0.737510  0.772655  0.882695  0.805766  0.844179  0.739771  0.438678  0.472632  0.452957  0.695093  0.706990  0.619344  0.733959  0.637116  0.334383  0.717950  0.555542  0.595524  0.828514  0.580178 0.0  0.550557  0.623450  0.573055  0.542469  0.796486  0.612558  0.666960  0.316888  0.791263  0.759869  0.519375  0.674034  0.614845  0.473575  0.455626  0.560994  0.580554  0.644370  0.667700  0.794830  0.877344  0.696185  0.441404  0.581400  0.728764  0.705072  0.695698  0.759394  0.771474  0.392466  0.667264  0.784787  0.668227  0.675780  0.716668  0.617756  0.678417  0.672771  0.700071  0.743552  0.692092  0.803181  0.639563  0.830204 
