89
0 0.0  0.594279  0.552050  0.412982  0.525822  0.690464  0.645074  0.508688  0.696852  0.762745  0.485349  0.635590  0.443799  0.710140  0.319148  0.664385  0.770428  0.649186  0.601015  0.605256  0.472375  0.601337  0.419392  0.533386  0.754516  0.615850  0.795475  0.768652  0.804276  0.563395  0.506813  0.583461  0.558763  0.661471  0.608815  0.709820  0.651092  0.675115  0.456381  0.774561  0.774148  0.659930  0.778959  0.581105  0.587739  0.619643  0.613671  0.526865  0.298624  0.678885  0.488639  0.273254  0.506823  0.773325  0.752218  0.547994  0.464604  0.719091  0.361964  0.188529  0.393053  0.561096  0.643066  0.648682  0.863440  0.738704  0.568953  0.571315  0.532372  0.732079  0.819332  0.760968  0.779753  0.669547  0.536566  0.607757  0.591345  0.549688  0.717939  0.599208  0.630316  0.498758  0.709859  0.803031  0.815809  0.621703  0.743816  0.773734  0.776130 
1  0.594279 0.0  0.609422  0.733470  0.651998  0.776643  0.598630  0.747745  0.411907  0.708383  0.620039  0.673814  0.585123  0.851256  0.523061  0.777184  0.680298  0.732986  0.688375  0.740897  0.587183  0.922487  0.652687  0.706363  0.794403  0.838682  0.764516  0.661632  0.826022  0.384503  0.567576  0.637705  0.510747  0.661861  0.769478  0.743743  0.797523  0.660189  0.647954  0.667718  0.458708  0.571572  0.760823  0.511451  0.553558  0.478627  0.745382  0.550128  0.627338  0.756675  0.719933  0.618609  0.619510  0.823680  0.795259  0.493608  0.699835  0.786657  0.645284  0.567335  0.596842  0.546855  0.745665  0.852892  0.913613  0.740723  0.574717  0.695522  0.601305  0.781228  0.778822  0.793988  0.904519  0.794613  0.541958  0.659145  0.814247  0.684969  0.753235  0.796035  0.771768  0.727846  0.717003  0.797219  0.858641  0.720595  0.768659  0.504476  0.824480 
2  0.552050  0.609422 0.0  0.578298  0.536855  0.686384  0.500097  0.614684  0.666060  0.808827  0.695303  0.781387  0.701852  0.742556  0.542315  0.670910  0.618167  0.689328  0.651189  0.701572  0.565035  0.764207  0.559697  0.573432  0.693313  0.712799  0.732355  0.693887  0.794730  0.688769  0.495726  0.593428  0.718216  0.584898  0.807606  0.726274  0.783412  0.670035  0.686680  0.725748  0.660712  0.703642  0.755744  0.559107  0.688904  0.569458  0.633815  0.425031  0.543167  0.626755  0.642682  0.567781  0.680823  0.659388  0.744310  0.494264  0.531889  0.645139  0.637426  0.604576  0.500024  0.320980  0.655213  0.705455  0.751958  0.824430  0.493535  0.659617  0.349421  0.495475  0.728159  0.685925  0.786026  0.672373  0.627212  0.654898  0.772776  0.580577  0.663745  0.765525  0.778474  0.589945  0.663930  0.696144  0.863976  0.635478  0.806635  0.722838  0.782539 
3  0.412982  0.733470  0.578298 0.0  0.386485  0.660005  0.546729  0.576184  0.584615  0.744412  0.523746  0.773979  0.683989  0.826259  0.236170  0.633886  0.725559  0.716188  0.595062  0.702869  0.425262  0.664929  0.411465  0.600944  0.667067  0.727456  0.705054  0.594195  0.792015  0.738109  0.553349  0.535757  0.610013  0.626519  0.650427  0.778231  0.752703  0.591446  0.589451  0.713994  0.604023  0.622452  0.735463  0.535141  0.587139  0.604981  0.633116  0.567827  0.257848  0.669680  0.526785  0.352301  0.503509  0.699558  0.776675  0.563157  0.398781  0.720322  0.549138  0.377563  0.369727  0.426843  0.671923  0.746097  0.775921  0.907102  0.659349  0.550664  0.608238  0.557870  0.778287  0.593597  0.607678  0.688281  0.482107  0.650879  0.696320  0.510572  0.808694  0.625474  0.683481  0.587232  0.539526  0.676755  0.828719  0.706172  0.842734  0.628351  0.762930 
4  0.525822  0.651998  0.536855  0.386485 0.0  0.634779  0.691354  0.597350  0.595415  0.899115  0.418376  0.640836  0.644502  0.766421  0.510446  0.650270  0.796744  0.712881  0.680207  0.633634  0.503980  0.717481  0.295675  0.535682  0.684737  0.670243  0.797313  0.648265  0.763729  0.645656  0.544214  0.486324  0.784515  0.629301  0.607451  0.643926  0.753413  0.654811  0.554327  0.768553  0.718259  0.624613  0.813940  0.628754  0.614648  0.582726  0.460083  0.516294  0.381474  0.753341  0.495003  0.364582  0.585406  0.686946  0.757688  0.637446  0.424586  0.574183  0.437139  0.420381  0.383337  0.601553  0.668217  0.736023  0.760227  0.856683  0.595281  0.612934  0.532283  0.579608  0.689697  0.645380  0.672541  0.524606  0.475299  0.626086  0.651739  0.367929  0.754977  0.595694  0.647153  0.595357  0.522280  0.801193  0.777151  0.709340  0.685479  0.643025  0.827556 
5  0.690464  0.776643  0.686384  0.660005  0.634779 0.0  0.716739  0.553976  0.762582  0.726023  0.693646  0.517743  0.718006  0.606442  0.567763  0.354737  0.753477  0.489586  0.537356  0.291517  0.731402  0.628338  0.665426  0.441479  0.690085  0.455557  0.819515  0.395828  0.757023  0.721716  0.737713  0.584008  0.728385  0.823953  0.264095  0.580088  0.669989  0.686604  0.610250  0.790947  0.826886  0.646153  0.687440  0.684070  0.530038  0.801118  0.445053  0.724507  0.561951  0.565262  0.643660  0.565795  0.653717  0.818406  0.700623  0.671264  0.543162  0.437393  0.667687  0.607746  0.641084  0.717194  0.462358  0.627919  0.786799  0.776245  0.759982  0.667154  0.620809  0.860595  0.605706  0.329921  0.660250  0.443949  0.614874  0.386678  0.655130  0.572851  0.485361  0.342601  0.369021  0.613897  0.529415  0.671875  0.715120  0.472667  0.724589  0.772679  0.630208 
6  0.645074  0.598630  0.500097  0.546729  0.691354  0.716739 0.0  0.705532  0.716689  0.758877  0.537132  0.670175  0.621298  0.703219  0.664298  0.757159  0.737790  0.759816  0.620855  0.684819  0.685349  0.786721  0.632399  0.624521  0.816525  0.792590  0.736085  0.763614  0.977349  0.554072  0.562747  0.679615  0.629573  0.684693  0.820432  0.819484  0.824682  0.626668  0.622748  0.756785  0.700168  0.630127  0.759325  0.640821  0.653406  0.459846  0.686014  0.465320  0.635186  0.607192  0.563970  0.549086  0.683341  0.756024  0.865581  0.528677  0.640180  0.864675  0.568616  0.598172  0.517322  0.505261  0.850189  0.721619  0.803993  0.756161  0.411851  0.664557  0.435859  0.658813  0.805580  0.746014  0.857719  0.677101  0.552957  0.724163  0.809506  0.664668  0.695295  0.770573  0.695108  0.730131  0.736587  0.750959  0.762140  0.691562  0.848407  0.576620  0.754071 
7  0.508688  0.747745  0.614684  0.576184  0.597350  0.553976  0.705532 0.0  0.531923  0.857973  0.583093  0.634256  0.542748  0.766944  0.601278  0.652055  0.654988  0.693330  0.572424  0.544858  0.634803  0.782644  0.600367  0.538681  0.757792  0.673435  0.781248  0.655613  0.696311  0.634669  0.496619  0.549685  0.612239  0.736606  0.664928  0.741111  0.749023  0.750671  0.578599  0.613236  0.703995  0.635019  0.749499  0.635609  0.378882  0.655857  0.583157  0.674881  0.633512  0.666123  0.633037  0.598232  0.304102  0.817582  0.727994  0.603166  0.523562  0.594073  0.636699  0.645753  0.583390  0.652677  0.564523  0.735154  0.756841  0.769123  0.637291  0.392202  0.684900  0.777074  0.740031  0.544304  0.729189  0.682298  0.390411  0.758886  0.722009  0.509478  0.687970  0.573105  0.634372  0.699528  0.725022  0.739298  0.754036  0.774550  0.695410  0.807428  0.795279 
8  0.696852  0.411907  0.666060  0.584615  0.595415  0.762582  0.716689  0.531923 0.0  0.798319  0.719770  0.712383  0.657766  0.817284  0.677118  0.718865  0.876337  0.720410  0.664234  0.732211  0.656802  0.811845  0.734700  0.676754  0.837422  0.719473  0.681038  0.768215  0.806782  0.572165  0.558718  0.690408  0.534031  0.733049  0.773660  0.908770  0.836650  0.725245  0.619939  0.709057  0.562339  0.421885  0.889279  0.414361  0.592528  0.580011  0.649085  0.514697  0.602909  0.825385  0.769204  0.635498  0.713764  0.834329  0.725911  0.540532  0.698146  0.664186  0.683889  0.722306  0.690351  0.603274  0.701054  0.935272  0.783049  0.797358  0.673205  0.544742  0.657007  0.717051  0.777856  0.785107  0.841278  0.687136  0.653631  0.679515  0.775271  0.731325  0.716190  0.832460  0.819608  0.766640  0.673777  0.925055  0.876785  0.713032  0.707443  0.542202  0.831916 
9  0.762745  0.708383  0.808827  0.744412  0.899115  0.726023  0.758877  0.857973  0.798319 0.0  0.830306  0.579798  0.808389  0.713906  0.740742  0.799751  0.867333  0.660780  0.724185  0.716330  0.688617  0.640623  0.774429  0.720645  0.502284  0.644927  0.843278  0.785046  0.548723  0.818039  0.807208  0.664502  0.809877  0.792180  0.692550  0.737587  0.527071  0.756619  0.765623  0.905450  0.797843  0.882672  0.314948  0.778869  0.806624  0.678415  0.663082  0.711473  0.711531  0.723018  0.794967  0.805086  0.820774  0.794071  0.633709  0.820091  0.834419  0.666601  0.695317  0.758255  0.841369  0.742802  0.626792  0.515850  0.320120  0.563689  0.828875  0.817689  0.673663  0.844073  0.540575  0.671439  0.525283  0.652048  0.791084  0.694141  0.666016  0.802697  0.661890  0.641916  0.761347  0.697495  0.759156  0.653883  0.325614  0.685393  0.561750  0.813626  0.609131 
10  0.485349  0.620039  0.695303  0.523746  0.418376  0.693646  0.537132  0.583093  0.719770  0.830306 0.0  0.812593  0.681447  0.639731  0.457730  0.737221  0.762628  0.709281  0.459782  0.587608  0.276052  0.699772  0.227240  0.668320  0.721973  0.705519  0.862716  0.615474  0.836775  0.643272  0.536145  0.608862  0.787778  0.512262  0.571300  0.685146  0.728204  0.552961  0.541500  0.743934  0.686463  0.790898  0.758018  0.605974  0.509461  0.603633  0.517375  0.470559  0.404770  0.661551  0.417775  0.518353  0.622722  0.613868  0.866376  0.544666  0.125234  0.568897  0.513221  0.501844  0.363321  0.624551  0.662449  0.670624  0.668429  0.813836  0.647180  0.630019  0.511698  0.584759  0.691947  0.575895  0.783825  0.599296  0.461327  0.629152  0.697026  0.469814  0.596549  0.619903  0.621003  0.651717  0.521673  0.833706  0.750431  0.608793  0.677089  0.702068  0.692545 
11  0.635590  0.673814  0.781387  0.773979  0.640836  0.517743  0.670175  0.634256  0.712383  0.579798  0.812593 0.0  0.654702  0.588100  0.674164  0.536660  0.799663  0.456101  0.620293  0.608957  0.628489  0.532772  0.669101  0.551910  0.701899  0.250841  0.866114  0.576891  0.582685  0.760350  0.809311  0.598425  0.716561  0.695982  0.452057  0.403906  0.635867  0.754626  0.697175  0.739715  0.766181  0.636560  0.698183  0.826163  0.617963  0.781527  0.562139  0.668426  0.623463  0.339489  0.643878  0.664317  0.667109  0.832956  0.566425  0.757321  0.558490  0.460029  0.637016  0.706653  0.626463  0.681466  0.439657  0.532951  0.624848  0.676168  0.766080  0.698255  0.846261  0.698177  0.565963  0.540304  0.601382  0.438067  0.591905  0.516580  0.557699  0.770677  0.191944  0.383109  0.520182  0.538386  0.695954  0.616761  0.617026  0.447693  0.672545  0.738864  0.568481 
12  0.443799  0.585123  0.701852  0.683989  0.644502  0.718006  0.621298  0.542748  0.657766  0.808389  0.681447  0.654702 0.0  0.840362  0.587041  0.652275  0.701319  0.785230  0.662278  0.627540  0.562527  0.837690  0.695691  0.529913  0.791881  0.685853  0.759602  0.655769  0.783995  0.545461  0.637912  0.673391  0.406857  0.735025  0.698700  0.650751  0.722243  0.697348  0.621746  0.563180  0.588487  0.304605  0.810161  0.475145  0.420238  0.588873  0.697779  0.672857  0.584545  0.809376  0.615493  0.555827  0.631625  0.796196  0.808585  0.570493  0.683347  0.700332  0.504640  0.598034  0.556032  0.671945  0.723497  0.679861  0.806149  0.818319  0.700993  0.611335  0.620881  0.654075  0.791266  0.669950  0.797714  0.747884  0.554964  0.760147  0.768978  0.742364  0.704594  0.692517  0.747254  0.675172  0.656424  0.795603  0.836294  0.746127  0.841011  0.622577  0.741586 
13  0.710140  0.851256  0.742556  0.826259  0.766421  0.606442  0.703219  0.766944  0.817284  0.713906  0.639731  0.588100  0.840362 0.0  0.691097  0.560458  0.874338  0.530857  0.704847  0.743205  0.755365  0.203139  0.690874  0.721112  0.543978  0.529227  0.822842  0.614737  0.350598  0.787660  0.738359  0.717278  0.828675  0.831606  0.568309  0.490244  0.451105  0.653386  0.724042  0.782438  0.859557  0.746995  0.597281  0.788968  0.772559  0.769421  0.746251  0.822128  0.726182  0.545024  0.656602  0.730747  0.729305  0.836397  0.252724  0.790289  0.727529  0.600893  0.657694  0.711005  0.826059  0.779368  0.575142  0.488464  0.649303  0.562052  0.790797  0.647242  0.842333  0.794263  0.344895  0.658498  0.539772  0.530446  0.731870  0.493418  0.445730  0.766275  0.533406  0.621001  0.632453  0.706058  0.674436  0.502067  0.586439  0.608664  0.610773  0.706868  0.556770 
14  0.319148  0.523061  0.542315  0.236170  0.510446  0.567763  0.664298  0.601278  0.677118  0.740742  0.457730  0.674164  0.587041  0.691097 0.0  0.631933  0.714100  0.612103  0.476111  0.607745  0.338252  0.677855  0.556532  0.593383  0.799200  0.700663  0.739970  0.702853  0.764330  0.604635  0.466996  0.602478  0.589973  0.574234  0.661281  0.687868  0.695022  0.755813  0.652244  0.706959  0.656181  0.593162  0.748850  0.691163  0.599209  0.578845  0.598827  0.562511  0.266031  0.779197  0.477287  0.356979  0.638268  0.676403  0.750102  0.487532  0.444404  0.646919  0.447081  0.297360  0.234474  0.528797  0.607998  0.738629  0.866561  0.706917  0.648545  0.484870  0.498323  0.632300  0.678193  0.767040  0.708723  0.746998  0.414250  0.671533  0.753795  0.537329  0.665344  0.697418  0.579354  0.519622  0.627148  0.678900  0.741808  0.594493  0.788000  0.735744  0.703004 
15  0.664385  0.777184  0.670910  0.633886  0.650270  0.354737  0.757159  0.652055  0.718865  0.799751  0.737221  0.536660  0.652275  0.560458  0.631933 0.0  0.945492  0.382099  0.458792  0.391130  0.688119  0.593053  0.665940  0.634226  0.643437  0.470645  0.825835  0.305508  0.714681  0.759793  0.616030  0.554102  0.741254  0.602052  0.213504  0.488168  0.632095  0.717768  0.624435  0.827449  0.805184  0.673334  0.712297  0.709314  0.543626  0.740059  0.432273  0.822722  0.661218  0.512996  0.735865  0.609792  0.771793  0.747215  0.650414  0.780657  0.655154  0.365426  0.642493  0.632331  0.637788  0.627186  0.419815  0.685553  0.688684  0.673502  0.709342  0.579467  0.664345  0.697155  0.609587  0.150328  0.736200  0.437683  0.611616  0.371709  0.680468  0.669024  0.462708  0.346860  0.305937  0.500546  0.623224  0.691258  0.692039  0.500145  0.692760  0.812468  0.665518 
16  0.770428  0.680298  0.618167  0.725559  0.796744  0.753477  0.737790  0.654988  0.876337  0.867333  0.762628  0.799663  0.701319  0.874338  0.714100  0.945492 0.0  0.809959  0.715450  0.779805  0.681886  0.934851  0.808660  0.758856  0.856413  0.774892  0.470461  0.791270  0.865239  0.742544  0.748092  0.855864  0.795305  0.835394  0.812208  0.800490  0.842983  0.782905  0.764390  0.761497  0.648433  0.807094  0.874973  0.789059  0.776911  0.684448  0.785862  0.601155  0.708347  0.797718  0.795619  0.815615  0.729144  0.773965  0.906422  0.797493  0.666666  0.801022  0.697356  0.820883  0.784852  0.771064  0.821346  0.893290  0.811577  0.859994  0.795138  0.711138  0.767318  0.777214  0.935587  0.856043  0.990579  0.806500  0.748468  0.916623  0.722432  0.808394  0.835358  0.808582  0.780176  0.776216  0.772876  0.790512  0.872921  0.777346  0.850421  0.604021  0.810420 
17  0.649186  0.732986  0.689328  0.716188  0.712881  0.489586  0.759816  0.693330  0.720410  0.660780  0.709281  0.456101  0.785230  0.530857  0.612103  0.382099  0.809959 0.0  0.709407  0.434440  0.584358  0.588834  0.751174  0.637082  0.583697  0.394804  0.829984  0.295632  0.692057  0.669209  0.737842  0.666985  0.633358  0.708659  0.507984  0.420365  0.607807  0.658825  0.767652  0.796552  0.689864  0.662574  0.670509  0.784882  0.690237  0.808842  0.592838  0.675615  0.804986  0.550664  0.601551  0.626078  0.600109  0.827717  0.562536  0.786578  0.755050  0.437519  0.683257  0.552130  0.786152  0.696855  0.323832  0.737162  0.697986  0.676753  0.688297  0.756029  0.603564  0.714846  0.678888  0.504322  0.645465  0.216338  0.659231  0.440478  0.538004  0.607239  0.489006  0.349661  0.490136  0.725388  0.611912  0.632620  0.663390  0.385717  0.616037  0.675872  0.593478 
18  0.601015  0.688375  0.651189  0.595062  0.680207  0.537356  0.620855  0.572424  0.664234  0.724185  0.459782  0.620293  0.662278  0.704847  0.476111  0.458792  0.715450  0.709407 0.0  0.539525  0.536951  0.788160  0.490435  0.263015  0.717446  0.504227  0.805478  0.553211  0.600411  0.771933  0.644039  0.290126  0.631075  0.565320  0.573117  0.671386  0.787749  0.799802  0.527870  0.784655  0.604353  0.667036  0.652739  0.647527  0.626851  0.679129  0.459485  0.606632  0.662123  0.679659  0.677539  0.533204  0.548530  0.788053  0.569356  0.682744  0.434610  0.617680  0.531651  0.548121  0.656570  0.696255  0.590462  0.782136  0.736970  0.797473  0.724641  0.487649  0.648689  0.644111  0.792100  0.522369  0.741487  0.622786  0.571330  0.647658  0.760441  0.440369  0.695399  0.537070  0.505015  0.437266  0.538426  0.780491  0.659937  0.596149  0.673653  0.756409  0.802183 
19  0.605256  0.740897  0.701572  0.702869  0.633634  0.291517  0.684819  0.544858  0.732211  0.716330  0.587608  0.608957  0.627540  0.743205  0.607745  0.391130  0.779805  0.434440  0.539525 0.0  0.717687  0.669124  0.617637  0.425468  0.641009  0.444514  0.725923  0.520171  0.552477  0.730901  0.666000  0.504361  0.691178  0.646694  0.392632  0.445475  0.673199  0.617695  0.584279  0.792656  0.704255  0.729389  0.663744  0.757650  0.616760  0.683360  0.418305  0.740264  0.651320  0.582777  0.683441  0.581374  0.615673  0.749726  0.639312  0.566118  0.570408  0.457601  0.649177  0.547675  0.617335  0.778475  0.479830  0.711117  0.705647  0.698255  0.942014  0.529483  0.647540  0.685913  0.643875  0.334615  0.772199  0.431948  0.639590  0.494359  0.659039  0.498383  0.634441  0.410846  0.544420  0.498344  0.594323  0.680930  0.675237  0.499296  0.720546  0.789960  0.624146 
20  0.472375  0.587183  0.565035  0.425262  0.503980  0.731402  0.685349  0.634803  0.656802  0.688617  0.276052  0.628489  0.562527  0.755365  0.338252  0.688119  0.681886  0.584358  0.536951  0.717687 0.0  0.742631  0.385394  0.599670  0.758769  0.613267  0.689478  0.675415  0.712842  0.638169  0.471280  0.546385  0.610552  0.585057  0.805382  0.739976  0.726199  0.511910  0.588414  0.692837  0.631654  0.675149  0.770794  0.623773  0.518350  0.682989  0.616693  0.565323  0.468078  0.776877  0.282186  0.405129  0.592571  0.743296  0.717760  0.591232  0.378070  0.679863  0.533796  0.480123  0.434499  0.474382  0.719821  0.754391  0.741668  0.738490  0.606437  0.703222  0.512734  0.616905  0.712958  0.613727  0.756392  0.733238  0.539027  0.647375  0.706030  0.596394  0.692531  0.693424  0.718926  0.658915  0.587740  0.811298  0.821250  0.654849  0.704276  0.600098  0.794532 
21  0.601337  0.922487  0.764207  0.664929  0.717481  0.628338  0.786721  0.782644  0.811845  0.640623  0.699772  0.532772  0.837690  0.203139  0.677855  0.593053  0.934851  0.588834  0.788160  0.669124  0.742631 0.0  0.708026  0.751015  0.489630  0.679042  0.797038  0.624464  0.303611  0.846645  0.822875  0.728527  0.792111  0.727192  0.652510  0.433499  0.457806  0.797834  0.647255  0.882558  0.689544  0.809776  0.575854  0.755521  0.770673  0.835240  0.692460  0.703198  0.791575  0.549387  0.846925  0.718840  0.717595  0.854580  0.206577  0.727583  0.843404  0.653328  0.703041  0.721091  0.757538  0.756813  0.681776  0.499017  0.540066  0.615590  0.791381  0.668964  0.731978  0.685056  0.248942  0.635785  0.434859  0.621574  0.714711  0.521779  0.448765  0.693522  0.423195  0.588720  0.615520  0.688902  0.707413  0.567380  0.555381  0.648891  0.501814  0.826467  0.477385 
22  0.419392  0.652687  0.559697  0.411465  0.295675  0.665426  0.632399  0.600367  0.734700  0.774429  0.227240  0.669101  0.695691  0.690874  0.556532  0.665940  0.808660  0.751174  0.490435  0.617637  0.385394  0.708026 0.0  0.494527  0.653149  0.689581  0.831510  0.577336  0.826767  0.645407  0.589640  0.548325  0.604005  0.582857  0.472484  0.672706  0.786338  0.603077  0.601342  0.893490  0.676717  0.703942  0.784638  0.638384  0.492276  0.629679  0.646972  0.557953  0.455776  0.810196  0.411199  0.533235  0.652127  0.748880  0.760772  0.686302  0.147028  0.730228  0.521562  0.476905  0.531400  0.593200  0.616194  0.752070  0.766131  0.757349  0.676295  0.543786  0.369443  0.534687  0.672510  0.656354  0.772595  0.657172  0.581432  0.584002  0.717373  0.560505  0.671393  0.564635  0.729033  0.525589  0.493003  0.816636  0.746469  0.771977  0.832962  0.615406  0.802909 
23  0.533386  0.706363  0.573432  0.600944  0.535682  0.441479  0.624521  0.538681  0.676754  0.720645  0.668320  0.551910  0.529913  0.721112  0.593383  0.634226  0.758856  0.637082  0.263015  0.425468  0.599670  0.751015  0.494527 0.0  0.721677  0.562311  0.816189  0.618827  0.788849  0.591861  0.630444  0.397438  0.636198  0.749579  0.553573  0.633514  0.670206  0.654268  0.625194  0.747126  0.651743  0.677133  0.797222  0.641346  0.434815  0.696162  0.442913  0.574880  0.415396  0.680486  0.589047  0.600761  0.504627  0.830430  0.788176  0.617990  0.622935  0.546784  0.622177  0.504708  0.625149  0.738052  0.696708  0.822949  0.819170  0.755939  0.671044  0.530064  0.532808  0.847813  0.705683  0.572440  0.772111  0.600884  0.646037  0.623209  0.770030  0.566515  0.603833  0.540056  0.479358  0.596416  0.478022  0.630565  0.809571  0.592498  0.621934  0.637497  0.700586 
24  0.754516  0.794403  0.693313  0.667067  0.684737  0.690085  0.816525  0.757792  0.837422  0.502284  0.721973  0.701899  0.791881  0.543978  0.799200  0.643437  0.856413  0.583697  0.717446  0.641009  0.758769  0.489630  0.653149  0.721677 0.0  0.710235  0.808772  0.765522  0.433900  0.702143  0.923971  0.572962  0.790019  0.797904  0.717719  0.671375  0.456036  0.801221  0.761436  0.891634  0.849958  0.788627  0.497787  1.000000  0.766190  0.752286  0.728957  0.744335  0.803706  0.654827  0.788615  0.765077  0.829286  0.866991  0.531746  0.786770  0.762318  0.654674  0.740924  0.756707  0.821401  0.746446  0.717715  0.354935  0.605263  0.294788  0.809326  0.804160  0.804358  0.733981  0.532223  0.666438  0.531648  0.640406  0.692729  0.705433  0.534993  0.685020  0.631946  0.661285  0.631991  0.677201  0.737904  0.172159  0.145432  0.689986  0.098198  0.777905  0.447492 
25  0.615850  0.838682  0.712799  0.727456  0.670243  0.455557  0.792590  0.673435  0.719473  0.644927  0.705519  0.250841  0.685853  0.529227  0.700663  0.470645  0.774892  0.394804  0.504227  0.444514  0.613267  0.679042  0.689581  0.562311  0.710235 0.0  0.881583  0.362331  0.643883  0.753524  0.667657  0.587152  0.703561  0.762883  0.505521  0.417279  0.639492  0.771978  0.520696  0.921171  0.692557  0.703537  0.626315  0.717126  0.743567  0.753820  0.525777  0.719793  0.673026  0.312807  0.771635  0.684810  0.679964  0.811015  0.653915  0.723055  0.676257  0.291496  0.830640  0.762281  0.723795  0.672448  0.485163  0.617341  0.652403  0.560194  0.878915  0.749757  0.614181  0.721771  0.561381  0.508595  0.638451  0.383053  0.755868  0.502218  0.500523  0.553693  0.274866  0.476210  0.474061  0.702234  0.608332  0.529807  0.567221  0.504158  0.609666  0.810932  0.491567 
26  0.795475  0.764516  0.732355  0.705054  0.797313  0.819515  0.736085  0.781248  0.681038  0.843278  0.862716  0.866114  0.759602  0.822842  0.739970  0.825835  0.470461  0.829984  0.805478  0.725923  0.689478  0.797038  0.831510  0.816189  0.808772  0.881583 0.0  0.757544  0.833979  0.750994  0.837583  0.948193  0.668361  0.739448  0.872059  0.892186  0.754957  0.788450  0.834582  0.828090  0.694504  0.763450  0.847013  0.755414  0.776582  0.783245  0.783587  0.672702  0.854732  0.851844  0.769940  0.756358  0.703616  0.649364  0.977945  0.740205  0.837692  0.865833  0.713110  0.779824  0.760765  0.739233  0.892098  0.818907  0.877013  0.899422  0.786425  0.827345  0.770753  0.692312  0.812954  0.750134  0.918499  0.824049  0.794762  0.913824  0.871080  0.814990  0.877326  0.868750  0.916172  0.765877  0.788022  0.899373  0.818159  0.796695  0.924085  0.714610  0.881084 
27  0.768652  0.661632  0.693887  0.594195  0.648265  0.395828  0.763614  0.655613  0.768215  0.785046  0.615474  0.576891  0.655769  0.614737  0.702853  0.305508  0.791270  0.295632  0.553211  0.520171  0.675415  0.624464  0.577336  0.618827  0.765522  0.362331  0.757544 0.0  0.564391  0.754319  0.724544  0.586623  0.755793  0.877434  0.253573  0.437583  0.719583  0.675323  0.654679  0.746960  0.742871  0.683261  0.695168  0.681616  0.635013  0.662339  0.392405  0.737052  0.556606  0.472364  0.664739  0.722826  0.650590  0.833992  0.677363  0.606410  0.650467  0.365289  0.698189  0.685093  0.689630  0.720725  0.016228  0.591365  0.694073  0.687447  0.775776  0.625302  0.696634  0.762054  0.655308  0.349573  0.579145  0.463741  0.707244  0.372930  0.591889  0.563631  0.464429  0.261229  0.301038  0.561654  0.499212  0.738652  0.650493  0.531100  0.614521  0.659525  0.714238 
28  0.804276  0.826022  0.794730  0.792015  0.763729  0.757023  0.977349  0.696311  0.806782  0.548723  0.836775  0.582685  0.783995  0.350598  0.764330  0.714681  0.865239  0.692057  0.600411  0.552477  0.712842  0.303611  0.826767  0.788849  0.433900  0.643883  0.833979  0.564391 0.0  0.806482  0.843407  0.623767  0.810947  0.756981  0.575364  0.505539  0.406296  0.705644  0.658054  0.777523  0.904665  0.921218  0.508625  0.859913  0.835604  0.812790  0.774491  0.748040  0.833412  0.554878  0.712315  0.712805  0.668506  0.868392  0.344664  0.818749  0.710254  0.662139  0.754848  0.733880  0.774744  0.685259  0.688137  0.422400  0.587499  0.502946  0.803954  0.715817  0.749009  0.715971  0.264463  0.611125  0.585111  0.647543  0.815102  0.645091  0.474688  0.759232  0.633136  0.649493  0.641328  0.715004  0.774361  0.521980  0.387555  0.648137  0.425895  0.797481  0.491161 
29  0.563395  0.384503  0.688769  0.738109  0.645656  0.721716  0.554072  0.634669  0.572165  0.818039  0.643272  0.760350  0.545461  0.787660  0.604635  0.759793  0.742544  0.669209  0.771933  0.730901  0.638169  0.846645  0.645407  0.591861  0.702143  0.753524  0.750994  0.754319  0.806482 0.0  0.514426  0.614009  0.564643  0.728402  0.680495  0.810385  0.882875  0.658569  0.635132  0.642348  0.626786  0.594788  0.858487  0.591167  0.721107  0.476662  0.690510  0.641113  0.603707  0.721181  0.643114  0.718298  0.769446  0.769399  0.699294  0.431234  0.676902  0.827123  0.573269  0.521211  0.663926  0.613013  0.826680  0.848892  0.913285  0.929657  0.618994  0.705009  0.722300  0.582852  0.750007  0.705802  0.822125  0.785250  0.759799  0.690957  0.754242  0.758404  0.770347  0.684696  0.711608  0.699236  0.865391  0.828428  0.929733  0.614840  0.746525  0.626853  0.857086 
30  0.506813  0.567576  0.495726  0.553349  0.544214  0.737713  0.562747  0.496619  0.558718  0.807208  0.536145  0.809311  0.637912  0.738359  0.466996  0.616030  0.748092  0.737842  0.644039  0.666000  0.471280  0.822875  0.589640  0.630444  0.923971  0.667657  0.837583  0.724544  0.843407  0.514426 0.0  0.584465  0.560765  0.514301  0.566589  0.738611  0.684748  0.647433  0.489044  0.754226  0.527718  0.607152  0.726143  0.601993  0.440761  0.522786  0.587009  0.441102  0.492650  0.676066  0.489906  0.611151  0.653730  0.655872  0.733955  0.531030  0.597304  0.656523  0.483115  0.560915  0.530363  0.426098  0.630737  0.787143  0.723174  0.802904  0.613244  0.504150  0.572766  0.588488  0.664805  0.686519  0.791267  0.747770  0.495806  0.633202  0.884267  0.720857  0.724828  0.668712  0.728699  0.806916  0.616735  0.642678  0.777946  0.765893  0.647471  0.562701  0.827147 
31  0.583461  0.637705  0.593428  0.535757  0.486324  0.584008  0.679615  0.549685  0.690408  0.664502  0.608862  0.598425  0.673391  0.717278  0.602478  0.554102  0.855864  0.666985  0.290126  0.504361  0.546385  0.728527  0.548325  0.397438  0.572962  0.587152  0.948193  0.586623  0.623767  0.614009  0.584465 0.0  0.651729  0.656904  0.496907  0.657478  0.769280  0.628711  0.431948  0.799834  0.732501  0.709085  0.720668  0.718369  0.694489  0.624776  0.519353  0.662920  0.571471  0.658929  0.590597  0.299098  0.548670  0.852855  0.692269  0.547095  0.549051  0.547321  0.443425  0.451119  0.599201  0.693076  0.661964  0.794411  0.657210  0.778131  0.714205  0.442059  0.627693  0.727866  0.734331  0.518740  0.608595  0.592628  0.669681  0.453312  0.665976  0.474447  0.722640  0.595367  0.561509  0.462652  0.539933  0.689706  0.734021  0.635335  0.738695  0.725543  0.651256 
32  0.558763  0.510747  0.718216  0.610013  0.784515  0.728385  0.629573  0.612239  0.534031  0.809877  0.787778  0.716561  0.406857  0.828675  0.589973  0.741254  0.795305  0.633358  0.631075  0.691178  0.610552  0.792111  0.604005  0.636198  0.790019  0.703561  0.668361  0.755793  0.810947  0.564643  0.560765  0.651729 0.0  0.724021  0.708000  0.831170  0.828942  0.863318  0.652113  0.705173  0.424156  0.384565  0.848389  0.402113  0.640095  0.600528  0.681866  0.603534  0.603200  0.683511  0.725248  0.649367  0.536767  0.840743  0.781415  0.568893  0.644774  0.660443  0.553314  0.570303  0.609300  0.644955  0.730119  0.802516  0.879379  0.896748  0.744551  0.481708  0.689026  0.682762  0.767353  0.797103  0.735346  0.707331  0.624266  0.699513  0.726093  0.721165  0.759488  0.729465  0.696487  0.768817  0.674991  0.779732  0.748121  0.808228  0.765137  0.679986  0.870564 
33  0.661471  0.661861  0.584898  0.626519  0.629301  0.823953  0.684693  0.736606  0.733049  0.792180  0.512262  0.695982  0.735025  0.831606  0.574234  0.602052  0.835394  0.708659  0.565320  0.646694  0.585057  0.727192  0.582857  0.749579  0.797904  0.762883  0.739448  0.877434  0.756981  0.728402  0.514301  0.656904  0.724021 0.0  0.745225  0.746259  0.688314  0.382610  0.678237  0.714710  0.768846  0.778354  0.766857  0.681093  0.681211  0.656372  0.634275  0.666490  0.630942  0.661379  0.550623  0.562859  0.636772  0.732506  0.879607  0.776182  0.583454  0.615338  0.540350  0.602889  0.506746  0.561078  0.721972  0.766287  0.753834  0.778835  0.548225  0.615217  0.507510  0.505350  0.826282  0.696359  0.763956  0.719550  0.684789  0.659470  0.704752  0.686831  0.787626  0.791194  0.801799  0.626730  0.598982  0.813476  0.813746  0.784155  0.802627  0.718217  0.880470 
34  0.608815  0.769478  0.807606  0.650427  0.607451  0.264095  0.820432  0.664928  0.773660  0.692550  0.571300  0.452057  0.698700  0.568309  0.661281  0.213504  0.812208  0.507984  0.573117  0.392632  0.805382  0.652510  0.472484  0.553573  0.717719  0.505521  0.872059  0.253573  0.575364  0.680495  0.566589  0.496907  0.708000  0.745225 0.0  0.571266  0.750260  0.653990  0.652759  0.824789  0.706926  0.725229  0.616661  0.749253  0.636545  0.757414  0.439089  0.641850  0.685275  0.555028  0.530442  0.519865  0.715583  0.739899  0.555418  0.680497  0.676505  0.366238  0.561366  0.606919  0.640767  0.676172  0.252550  0.685828  0.644154  0.623808  0.687769  0.698655  0.727979  0.752770  0.697470  0.243930  0.688893  0.361669  0.686825  0.331814  0.719675  0.601154  0.414750  0.257060  0.184930  0.652478  0.603560  0.742408  0.696195  0.414235  0.620313  0.786207  0.608597 
35  0.709820  0.743743  0.726274  0.778231  0.643926  0.580088  0.819484  0.741111  0.908770  0.737587  0.685146  0.403906  0.650751  0.490244  0.687868  0.488168  0.800490  0.420365  0.671386  0.445475  0.739976  0.433499  0.672706  0.633514  0.671375  0.417279  0.892186  0.437583  0.505539  0.810385  0.738611  0.657478  0.831170  0.746259  0.571266 0.0  0.586525  0.778539  0.678016  0.845907  0.789039  0.742509  0.730389  0.738827  0.665319  0.758037  0.704411  0.782557  0.784880  0.401427  0.715961  0.727278  0.651079  0.907509  0.558363  0.675227  0.666463  0.525535  0.674597  0.703656  0.647521  0.703320  0.491909  0.583008  0.717729  0.527598  0.786029  0.711879  0.667634  0.720057  0.515571  0.496704  0.590735  0.455118  0.718488  0.542272  0.655198  0.595671  0.323544  0.480345  0.559602  0.547396  0.533782  0.641216  0.557027  0.491680  0.609249  0.708345  0.554925 
36  0.651092  0.797523  0.783412  0.752703  0.753413  0.669989  0.824682  0.749023  0.836650  0.527071  0.728204  0.635867  0.722243  0.451105  0.695022  0.632095  0.842983  0.607807  0.787749  0.673199  0.726199  0.457806  0.786338  0.670206  0.456036  0.639492  0.754957  0.719583  0.406296  0.882875  0.684748  0.769280  0.828942  0.688314  0.750260  0.586525 0.0  0.716268  0.789518  0.733858  0.780658  0.804151  0.528055  0.878322  0.706042  0.741839  0.692291  0.810251  0.753342  0.671143  0.684415  0.824820  0.811743  0.832494  0.414028  0.774320  0.722548  0.666462  0.811581  0.893428  0.897727  0.764729  0.736171  0.269146  0.638969  0.386094  0.849541  0.751265  0.787235  0.824064  0.477026  0.594844  0.407896  0.671818  0.843512  0.582245  0.376252  0.659628  0.471074  0.769425  0.598203  0.734611  0.707747  0.356686  0.410211  0.664366  0.309189  0.811211  0.290986 
37  0.675115  0.660189  0.670035  0.591446  0.654811  0.686604  0.626668  0.750671  0.725245  0.756619  0.552961  0.754626  0.697348  0.653386  0.755813  0.717768  0.782905  0.658825  0.799802  0.617695  0.511910  0.797834  0.603077  0.654268  0.801221  0.771978  0.788450  0.675323  0.705644  0.658569  0.647433  0.628711  0.863318  0.382610  0.653990  0.778539  0.716268 0.0  0.714991  0.768988  0.623305  0.789324  0.720070  0.850662  0.671213  0.654555  0.747596  0.591504  0.574925  0.685474  0.582986  0.645488  0.639906  0.658704  0.727508  0.599066  0.550724  0.671587  0.696495  0.668732  0.663675  0.497270  0.662936  0.722902  0.784612  0.738238  0.623068  0.604688  0.559493  0.464720  0.738437  0.733470  0.776701  0.627038  0.644059  0.610930  0.752486  0.625094  0.742646  0.765996  0.728292  0.660783  0.617032  0.831457  0.777907  0.744160  0.816602  0.770561  0.755738 
38  0.456381  0.647954  0.686680  0.589451  0.554327  0.610250  0.622748  0.578599  0.619939  0.765623  0.541500  0.697175  0.621746  0.724042  0.652244  0.624435  0.764390  0.767652  0.527870  0.584279  0.588414  0.647255  0.601342  0.625194  0.761436  0.520696  0.834582  0.654679  0.658054  0.635132  0.489044  0.431948  0.652113  0.678237  0.652759  0.678016  0.789518  0.714991 0.0  0.719454  0.549837  0.679866  0.699443  0.630554  0.469649  0.603516  0.552387  0.590577  0.556333  0.688146  0.529615  0.555717  0.323885  0.773673  0.758271  0.650406  0.688100  0.656183  0.461543  0.428214  0.643154  0.614764  0.720824  0.753975  0.771594  0.873173  0.762224  0.323823  0.543949  0.658417  0.679263  0.606641  0.934014  0.661208  0.523115  0.628716  0.686883  0.560760  0.703960  0.636565  0.711252  0.644178  0.630613  0.702970  0.728380  0.622500  0.780901  0.691371  0.745926 
39  0.774561  0.667718  0.725748  0.713994  0.768553  0.790947  0.756785  0.613236  0.709057  0.905450  0.743934  0.739715  0.563180  0.782438  0.706959  0.827449  0.761497  0.796552  0.784655  0.792656  0.692837  0.882558  0.893490  0.747126  0.891634  0.921171  0.828090  0.746960  0.777523  0.642348  0.754226  0.799834  0.705173  0.714710  0.824789  0.845907  0.733858  0.768988  0.719454 0.0  0.653591  0.755528  0.794099  0.637789  0.653984  0.693676  0.767760  0.766619  0.766762  0.891025  0.824245  0.811054  0.679275  0.798369  0.835660  0.739236  0.685931  0.785678  0.689236  0.761153  0.724118  0.815895  0.718950  0.887514  0.765280  0.906378  0.740259  0.693742  0.714644  0.838940  0.800863  0.759293  0.835975  0.715181  0.771191  0.698343  0.907274  0.809845  0.876792  0.797743  0.881259  0.709815  0.855684  0.934913  0.918777  0.785711  0.882030  0.653347  0.927999 
40  0.774148  0.458708  0.660712  0.604023  0.718259  0.826886  0.700168  0.703995  0.562339  0.797843  0.686463  0.766181  0.588487  0.859557  0.656181  0.805184  0.648433  0.689864  0.604353  0.704255  0.631654  0.689544  0.676717  0.651743  0.849958  0.692557  0.694504  0.742871  0.904665  0.626786  0.527718  0.732501  0.424156  0.768846  0.706926  0.789039  0.780658  0.623305  0.549837  0.653591 0.0  0.415416  0.900377  0.392917  0.649536  0.635239  0.779880  0.712793  0.765700  0.769776  0.729127  0.716963  0.637850  0.756423  0.932407  0.510318  0.595715  0.687967  0.705298  0.713064  0.656311  0.696841  0.806676  0.751293  0.765612  0.918953  0.693407  0.720193  0.720715  0.700708  0.897209  0.632634  0.820167  0.755403  0.551435  0.803126  0.739109  0.684762  0.747240  0.811686  0.775459  0.689610  0.719850  0.754002  0.799406  0.855621  0.788367  0.639227  0.880644 
41  0.659930  0.571572  0.703642  0.622452  0.624613  0.646153  0.630127  0.635019  0.421885  0.882672  0.790898  0.636560  0.304605  0.746995  0.593162  0.673334  0.807094  0.662574  0.667036  0.729389  0.675149  0.809776  0.703942  0.677133  0.788627  0.703537  0.763450  0.683261  0.921218  0.594788  0.607152  0.709085  0.384565  0.778354  0.725229  0.742509  0.804151  0.789324  0.679866  0.755528  0.415416 0.0  0.687253  0.279407  0.611092  0.719340  0.706903  0.644048  0.667460  0.772407  0.685482  0.738828  0.571954  0.791444  0.749666  0.606851  0.666665  0.639873  0.635801  0.658065  0.682010  0.674632  0.839305  0.768237  0.782261  0.862061  0.632526  0.668314  0.654567  0.624728  0.773749  0.735488  0.841803  0.663881  0.585728  0.648621  0.701035  0.738399  0.781062  0.741763  0.688258  0.685567  0.728500  0.747118  0.723878  0.718636  0.824556  0.592807  0.812489 
42  0.778959  0.760823  0.755744  0.735463  0.813940  0.687440  0.759325  0.749499  0.889279  0.314948  0.758018  0.698183  0.810161  0.597281  0.748850  0.712297  0.874973  0.670509  0.652739  0.663744  0.770794  0.575854  0.784638  0.797222  0.497787  0.626315  0.847013  0.695168  0.508625  0.858487  0.726143  0.720668  0.848389  0.766857  0.616661  0.730389  0.528055  0.720070  0.699443  0.794099  0.900377  0.687253 0.0  0.869947  0.866933  0.752993  0.640170  0.761087  0.671889  0.642075  0.710022  0.677916  0.853240  0.804913  0.557339  0.880720  0.736490  0.685670  0.786605  0.716756  0.758905  0.839995  0.640259  0.571056  0.453326  0.366547  0.846142  0.676272  0.757801  0.811698  0.562132  0.621656  0.373490  0.586139  0.723482  0.655732  0.491194  0.770329  0.705948  0.738267  0.660930  0.632612  0.633882  0.460260  0.513703  0.674185  0.470848  0.902023  0.475256 
43  0.581105  0.511451  0.559107  0.535141  0.628754  0.684070  0.640821  0.635609  0.414361  0.778869  0.605974  0.826163  0.475145  0.788968  0.691163  0.709314  0.789059  0.784882  0.647527  0.757650  0.623773  0.755521  0.638384  0.641346  1.000000  0.717126  0.755414  0.681616  0.859913  0.591167  0.601993  0.718369  0.402113  0.681093  0.749253  0.738827  0.878322  0.850662  0.630554  0.637789  0.392917  0.279407  0.869947 0.0  0.599575  0.583556  0.715484  0.652827  0.615825  0.625841  0.628534  0.692109  0.647357  0.824990  0.543544  0.531421  0.743305  0.711343  0.668183  0.578551  0.709148  0.549188  0.818411  0.794269  0.778426  0.838517  0.735566  0.602984  0.697930  0.785045  0.763458  0.775793  0.854426  0.788214  0.545919  0.582289  0.792620  0.613187  0.854898  0.692946  0.699567  0.574202  0.723061  0.810962  0.749766  0.793459  0.819065  0.597429  0.888271 
44  0.587739  0.553558  0.688904  0.587139  0.614648  0.530038  0.653406  0.378882  0.592528  0.806624  0.509461  0.617963  0.420238  0.772559  0.599209  0.543626  0.776911  0.690237  0.626851  0.616760  0.518350  0.770673  0.492276  0.434815  0.766190  0.743567  0.776582  0.635013  0.835604  0.721107  0.440761  0.694489  0.640095  0.681211  0.636545  0.665319  0.706042  0.671213  0.469649  0.653984  0.649536  0.611092  0.866933  0.599575 0.0  0.624073  0.655597  0.517401  0.489664  0.677345  0.636257  0.555329  0.357424  0.765122  0.752583  0.492836  0.515708  0.639313  0.539717  0.560227  0.531657  0.622362  0.613560  0.751911  0.789688  0.875842  0.734781  0.376663  0.717588  0.675082  0.749821  0.675272  0.848068  0.673801  0.453047  0.717036  0.617499  0.606047  0.590243  0.777231  0.686169  0.698734  0.737231  0.788858  0.664217  0.691896  0.747083  0.578185  0.705473 
